0.18278
0.20974
0.5893
0.60221
0.10215
0.15662
0.44944
0.083677
1.2046
0.58431
0.86535
0.32609
1.2458
0.2535
0.093578
0.64087
0.24116
0.13479
0.072801
0.32067
0.50758
0.26748
0.096564
0.22425
0.18018
0.15502
0.26251
0.075581
0.076443
0.30516
0.085809
1.6243
0.22013
0.36244
1.2649
0.39273
0.44819
1.0292
1.1967
1.05
0.11069
0.66556
0.11936
0.087011
0.50438
0.37219
0.091949
0.14526
0.095224
0.21766
0.39641
0.34668
0.092741
1.1144
0.12676
0.80497
0.11361
0.33179
0.27066
0.34755
0.35886
0.58644
0.24273
0.27491
0.72921
0.10059
0.41104
0.077079
0.81226
0.60481
0.088598
0.35851
1.2215
0.21756
0.092106
0.44553
1.2403
0.25141
0.24781
0.11228
0.88253
0.07823
0.46126
0.087835
0.28573
0.14147
0.34285
0.14935
0.20599
0.13262
0.087991
0.18991
0.15301
0.16559
0.72029
1.0525
0.16998
0.16114
0.39781
1.0714
0.25072
0.090419
0.17793
0.081608
1.1496
0.22259
0.15844
0.11476
0.081249
0.11207
1.046
0.50041
0.52087
0.25095
0.16959
0.70009
0.082449
0.18479
0.1623
1.1167
0.16702
0.068583
0.72491
0.4372
1.2895
0.08599
0.46853
0.22244
0.24109
0.15054
0.073947
0.17444
0.13406
0.074343
0.28882
0.41206
0.51028
0.47902
1.1432
1.1104
0.42526
1.1606
0.1081
0.13474
0.14741
0.59091
0.97071
0.24215
0.95854
0.51961
0.18663
0.2944
0.34863
0.93816
0.32232
0.12237
0.40025
0.064605
0.55949
0.30759
0.49187
0.30231
0.33761
0.84479
0.19754
0.1223
0.12791
0.079141
0.14799
1.0068
0.35786
0.87066
0.21486
0.5349
0.37689
1.0816
0.61969
0.60632
0.15102
0.067047
0.096457
0.082505
0.1062
0.33497
0.11287
0.43476
0.10342
0.34038
0.1383
0.53553
0.075908
0.10301
0.17454
1.2667
0.066887
0.40939
0.48659
1.3271
1.2621
0.27542
0.90607
1.1287
0.084409
0.80404
0.74788
0.20135
0.3105
0.17217
0.3253
0.2366
0.12717
0.27451
0.22587
0.19558
0.41418
0.68353
1.3392
0.15072
0.14965
0.77529
0.075025
0.11892
0.52616
0.09477
0.56173
0.21666
0.72866
0.35134
1.1977
0.14795
0.073882
0.20167
0.29165
0.08375
0.28316
0.28444
0.38336
0.59094
0.42041
0.3713
0.070381
0.10159
0.096492
0.087321
0.16001
0.072139
0.25024
0.17909
0.2593
0.092438
0.14127
0.33336
0.30953
0.46654
0.27489
0.1904
0.21239
0.10133
0.35482
1.3598
0.085245
0.075548
0.072506
0.20102
0.86942
0.19682
0.21992
0.68693
0.19495
0.21175
1.2138
0.6281
1.2367
0.12143
0.83234
0.26753
0.14506
0.25732
1.0071
0.36803
1.1005
0.35503
0.24029
0.25108
0.28358
0.19668
0.2424
0.54953
1.2795
0.11658
0.64135
0.80935
0.38863
0.21398
0.69605
0.11404
0.16435
0.30301
0.70462
0.77971
1.3671
0.18948
0.36497
0.14706
0.25313
0.29541
0.50034
0.1661
0.46643
0.22442
0.14502
0.78794
1.0382
0.57209
1.0516
0.72004
0.12065
1.2754
0.1655
0.83498
0.2135
0.6087
0.17734
1.0584
0.68184
0.14782
0.20332
1.408
0.13972
0.71469
0.62411
0.59869
0.10187
0.30617
0.9905
0.18232
0.30143
0.8123
0.28441
0.99144
0.26746
0.18829
1.196
0.86359
0.16311
0.10142
0.56835
0.91268
0.099093
0.36059
0.088307
0.4408
0.39007
0.065339
0.22191
0.13994
0.90325
0.16485
0.54579
0.11444
0.18384
0.066664
0.42174
1.032
0.6323
1.1603
0.21303
0.16416
0.26021
1.0826
0.29914
0.93435
0.15889
0.093556
1.1843
0.97084
0.4219
1.004
0.18112
0.30255
0.25218
0.26675
0.38548
0.20125
0.85314
0.17701
0.24018
0.75238
0.19889
0.12897
0.31092
0.11579
0.149
0.57489
0.37144
0.4479
0.49488
0.64913
0.10819
0.10206
0.39503
0.16681
0.1759
0.11247
1.0075
1.0126
0.62329
1.1347
0.16626
0.092
0.30394
0.35984
0.13417
1.2038
1.0789
0.08345
0.33006
0.12388
0.18417
0.26529
0.50185
0.15536
0.19236
1.401
0.064233
0.091465
0.080043
0.57995
0.11183
0.90706
1.7104
1.0718
0.36326
0.22547
0.45979
0.15829
1.202
0.14794
0.15032
0.13367
0.094297
1.0306
1.1281
0.071372
0.33219
0.25259
1.0717
0.29421
0.42757
0.32089
0.37836
0.98363
1.0948
1.2153
0.1588
0.079462
0.43417
0.63221
0.31891
0.16354
0.15135
0.26618
0.075443
1.1642
0.20486
0.22315
0.22156
0.11052
0.13577
0.12495
1.6463
0.50222
0.21194
1.2549
0.32013
0.17648
0.20937
0.20305
0.099014
0.5674
0.10567
0.70999
0.17986
1.2502
0.20789
1.3762
1.0102
0.4604
1.3065
0.66618
0.20605
0.10175
0.8355
0.096474
0.83264
0.11153
1.0653
0.36492
0.15687
0.1377
0.14571
0.47477
1.3047
1.2032
0.20836
0.83347
0.22762
0.17943
0.13512
0.32036
0.40643
0.24613
1.2441
1.0044
0.28824
1.0696
0.1825
0.29044
0.33531
0.32693
0.80361
0.68154
0.49352
0.31689
0.59505
0.13087
0.12686
0.44754
0.27317
0.34973
0.456
0.55325
0.8542
1.0445
0.36688
0.18693
0.16107
0.29187
0.10641
1.1728
0.1558
0.16481
0.34977
0.12456
1.5372
1.2699
0.25602
0.10642
0.61938
0.55719
0.35954
0.10768
1.4212
0.67341
0.16729
0.38564
0.091338
0.16541
0.43718
0.71658
0.15001
0.076364
0.98927
0.11944
0.23696
0.17947
0.29771
0.15376
0.71337
0.65739
0.051526
1.0649
0.11536
0.90512
0.092773
1.448
0.67922
0.13472
0.18946
1.0856
0.15928
0.22713
0.096959
0.32377
0.30728
0.21999
0.69081
0.92694
1.0062
0.33588
0.91076
1.2602
0.12529
1.1441
0.45171
0.96105
0.088834
0.092104
0.49025
0.27097
0.23267
0.5605
0.10013
0.18395
1.2761
0.18509
0.16402
0.41767
0.15064
0.26634
0.12463
0.45345
0.27141
0.19271
0.27409
0.68521
0.66767
0.25039
0.13476
0.097381
0.12723
0.20681
0.19428
0.14715
0.15757
0.8583
1.2163
0.25005
0.54311
0.092674
1.1495
0.11151
0.14618
0.084087
0.090932
0.40913
0.078006
0.89064
0.088487
1.0102
0.20187
1.0253
0.3845
1.2878
0.15201
0.57715
0.87056
0.79259
1.3351
0.10725
0.27053
0.11242
0.14369
0.40781
1.2467
0.40091
0.19485
0.16838
0.18955
1.0721
0.14388
0.46713
0.26285
0.87362
0.23338
0.16585
0.12478
0.07199
0.41083
1.1365
0.89163
1.1259
0.48967
0.086057
1.1854
0.8739
1.0128
0.21171
0.1134
0.16834
0.090093
0.73784
0.1142
0.38476
0.28755
1.1485
0.65766
0.18527
0.4019
0.2511
0.10423
0.14137
0.23221
0.15684
0.13521
0.2974
1.1037
0.32605
0.12173
0.52218
0.49202
0.42982
0.087878
0.49437
0.18336
0.071376
0.35129
0.70027
0.14145
0.12553
0.33339
0.87648
0.60841
0.24363
0.27873
0.18147
0.12296
0.62913
0.61139
0.38014
1.2801
1.0587
0.30496
0.25833
0.27339
0.26165
0.21657
0.26809
0.68884
0.17281
0.64669
0.96898
1.2296
0.1309
0.13516
0.17911
0.12178
0.13607
0.23544
0.11569
0.68112
0.72224
0.67534
0.28911
0.73825
0.72944
0.11375
0.4145
0.1081
1.0373
0.77891
0.079231
0.17423
1.2153
0.087274
0.43737
0.21828
0.24415
0.21626
0.14943
1.035
0.30769
0.1619
0.74169
1.5317
0.073454
1.3179
0.25273
0.17645
0.27529
0.39772
0.19162
1.0748
0.1188
0.49355
0.4043
0.89561
0.56375
0.44072
1.0205
0.18517
1.1466
0.21452
0.24862
0.24159
0.40718
0.3306
0.21465
0.77594
0.10333
0.57461
0.21753
0.20905
1.3001
0.93281
0.10458
0.60166
0.92692
1.1785
0.26039
1.2126
0.16427
0.51044
0.19666
0.087327
0.14071
0.15947
0.42792
1.3741
1.2252
0.1686
0.093632
0.36834
1.0765
0.15199
0.31236
0.064351
0.066799
0.91491
0.21109
0.16338
0.89394
0.14404
0.28847
0.19324
0.19577
0.2264
0.14646
0.42782
0.18074
0.11777
0.21879
0.29445
0.085274
0.40552
0.14149
0.083223
0.95885
0.87991
0.10937
0.21651
1.1298
0.1215
0.080866
0.31988
1.2213
0.086164
0.086241
0.1155
1.0623
0.22677
0.77119
0.51187
0.15511
0.91161
0.18026
0.34134
0.087663
0.64787
1.0875
0.29088
0.41582
0.17083
0.07756
0.65178
1.2653
0.43202
0.12481
1.018
0.17825
0.14464
0.73228
0.12531
0.10988
0.92031
0.9398
0.11881
0.087073
0.56813
1.0554
0.36799
0.088127
0.21361
0.063433
0.29114
0.94128
0.38108
0.39605
0.076698
0.79122
0.14393
0.47758
0.46414
0.25097
0.22334
0.25656
0.98224
0.80247
0.61302
0.62462
0.16977
0.26251
0.2405
0.11195
0.63998
0.78687
0.25457
0.12413
0.41054
0.46626
0.091785
0.4855
0.25065
0.15762
1.108
0.22766
0.087178
0.74732
0.19765
0.75017
0.50054
0.41372
0.14893
0.32041
0.60672
0.28911
0.20802
0.23109
0.16603
0.1526
0.097264
0.48193
0.19542
0.14972
0.30912
0.20194
0.37293
0.9918
0.37641
1.1156
0.36725
1.0408
0.48071
0.70099
0.52991
0.57025
0.35041
0.10227
0.072841
0.24501
0.39615
0.21501
0.22113
1.0165
0.074439
0.32544
0.76786
0.56446
0.080968
0.3823
0.5566
0.81946
0.56931
0.070909
0.15495
0.73807
0.14645
1.2316
1.1951
0.064038
0.18442
0.083588
0.86916
0.11355
0.21064
0.25721
0.088347
0.12751
0.10674
0.62188
0.97774
0.89088
1.0615
0.16068
0.32063
0.43272
0.23604
0.19515
0.10654
0.24789
0.46444
0.31337
0.60126
0.65422
1.2042
0.097215
0.49705
0.6383
0.10591
0.3906
0.13888
0.086421
0.12786
0.2625
0.39645
0.58171
0.47624
0.070636
0.25745
0.16755
0.39236
1.2175
1.2114
0.75482
1.3712
1.0954
0.15671
0.21066
0.64603
1.5396
0.53271
0.93534
1.0114
0.21049
0.18272
1.193
0.6477
0.71012
0.4451
0.26433
0.2986
0.49058
1.1937
0.11965
0.25359
0.095554
0.56056
1.0353
0.5644
0.66739
0.19464
1.1495
0.11647
0.40449
0.12256
0.27499
0.23782
0.13816
0.082099
0.30591
1.1278
0.7743
0.070906
0.079485
0.13911
0.60513
0.082578
0.60929
1.144
0.51115
0.12885
0.39418
0.71212
0.17495
0.6266
0.39822
0.51862
1.2677
0.81157
0.3148
0.46963
0.098959
0.59881
0.6769
0.44243
0.16224
0.35341
0.08571
0.92831
0.68003
0.30163
0.34039
0.070069
0.23144
0.79601
0.071574
1.2466
0.57196
0.14365
0.1105
0.98269
0.92343
0.093119
0.24659
0.10964
1.0349
0.11168
0.20427
0.33216
1.1075
0.90066
0.73925
0.21378
1.3355
1.2835
0.91626
0.096057
0.57768
0.19283
0.13521
0.097512
0.90596
0.67207
0.27834
0.17739
0.1772
0.23812
0.48491
0.086214
1.2112
0.11915
0.2946
0.10087
0.23384
0.27256
0.1132
0.11409
0.19117
0.41461
0.94597
0.11491
0.29163
0.26469
0.085042
1.0591
0.21459
0.77856
0.52728
0.31413
0.13411
0.069735
0.97296
1.0854
0.1276
0.12915
0.49709
0.43963
0.97779
0.99128
1.0282
0.25983
0.22001
0.19952
1.6559
0.17963
0.43184
0.11199
0.16577
0.24092
0.093622
1.51
0.9708
0.5462
0.39445
0.31458
1.4124
1.047
1.0707
0.13417
1.2761
0.35201
0.10237
0.078969
0.075063
0.097094
0.056894
0.2386
0.52473
0.13906
0.10906
0.16939
0.066103
0.32293
0.12333
0.47268
0.29141
0.15351
0.21931
0.086452
0.30051
0.79724
0.91625
0.089876
0.82624
0.13862
0.23631
0.36384
0.16871
0.19574
1.028
0.16346
0.18603
1.2373
0.075305
0.20871
0.19085
0.23011
0.19524
0.074988
0.83273
0.1309
0.88799
0.1169
0.26861
0.22059
0.13935
0.33609
1.0238
0.8327
0.10533
0.59642
0.13206
0.16716
0.1864
0.15676
0.15055
0.134
1.5723
1.1288
0.12317
0.44359
0.14084
0.6126
0.45001
0.33818
0.76522
0.60946
0.53155
0.81257
0.1343
0.73723
0.91905
1.0497
0.14911
0.11159
0.9311
0.29743
0.44921
0.1446
0.24427
0.24641
0.16074
0.26764
0.30361
0.85811
0.13814
0.28362
0.080647
0.52824
0.11433
0.15414
1.1947
0.10116
0.14199
0.092624
0.10148
0.25362
0.33224
0.16371
0.21664
0.072217
0.12985
0.08142
0.78289
0.90639
0.069351
0.23413
0.10715
0.2004
1.107
1.1626
0.13201
1.1613
0.31968
0.33456
0.49313
0.75742
0.211
0.14554
0.58552
0.084253
0.54906
0.87801
0.48491
0.16866
0.39793
0.24106
0.056465
0.37917
0.74692
0.083303
0.41721
0.59515
0.30982
0.28044
1.3793
0.46561
0.12426
0.50985
1.2344
0.81282
1.0471
0.20485
0.17707
0.15433
0.97331
0.54675
0.28593
0.28579
0.79822
0.34378
0.11116
0.71563
0.27369
0.083895
0.88791
0.47436
0.17543
0.12966
0.39394
0.14108
0.24068
0.23921
0.076532
0.441
1.1039
0.18568
1.1352
1.0849
0.11934
0.78878
0.24654
0.11507
0.59726
0.15226
0.099966
1.0246
0.17543
0.83134
0.64241
0.58788
0.35815
0.38248
0.64413
0.21651
0.21252
0.11185
0.14075
0.22184
0.11831
0.80947
0.18972
0.19372
0.45099
0.27277
0.092592
0.13773
0.64269
0.3353
1.179
0.09604
0.87038
0.20005
0.73702
1.1105
0.098566
0.16585
0.11491
0.11029
0.18209
0.1022
1.5767
0.32983
0.17178
0.38299
0.095635
0.57521
0.34194
0.43797
0.16624
0.43205
1.1222
0.31649
0.261
1.2309
0.96599
1.0649
0.097415
0.6847
0.77561
0.54721
0.10054
0.35676
0.27622
1.1486
0.6037
0.62053
0.10717
0.84889
0.40731
0.44872
1.3505
0.77582
0.095266
1.1911
0.14052
0.45131
0.99226
0.10893
0.17186
0.72093
0.45185
0.4507
1.1901
0.3563
1.2219
0.88255
1.051
0.64187
0.068723
0.76964
0.79226
0.073627
0.81757
1.0608
0.090743
1.0823
0.22483
1.2543
0.25533
0.82574
0.36489
0.41044
0.21358
0.36672
0.31762
0.98681
0.27617
0.10614
0.35809
0.12291
0.08643
1.2343
0.33046
1.0003
0.14596
0.47291
0.17251
0.22227
0.27272
0.39739
0.15135
0.5062
1.051
0.58138
0.66451
0.1362
0.079474
0.19581
0.64959
1.2399
0.15421
1.5455
0.20633
0.47385
0.23474
0.14236
1.2008
1.0103
0.66908
0.19888
0.33801
0.081529
0.14361
0.16337
0.72505
0.44008
0.083739
0.95482
0.79453
0.65185
0.53698
0.22864
0.52511
0.32054
0.89111
1.1169
1.1999
0.078958
0.32414
1.6288
0.84845
0.20042
1.1549
0.084909
0.21089
0.22168
0.15259
0.38859
0.16519
0.14348
0.19992
0.12957
0.073921
0.17202
0.21456
0.5416
0.082024
0.15379
0.17748
0.6416
0.28759
0.42735
0.66007
0.12774
1.0892
0.16239
0.45896
0.13635
0.12156
0.47915
0.24995
0.10068
0.2559
0.68111
0.096614
0.19519
0.14242
1.0463
0.34905
0.22718
0.98486
0.17797
0.19065
1.035
0.20275
0.52046
0.095316
0.18995
0.11452
0.16554
0.35099
0.2758
0.26886
0.23035
0.39248
0.095682
0.20665
0.19666
0.18427
0.21068
0.1094
0.092194
0.33387
0.74956
0.1297
0.10054
0.82696
0.60375
0.14444
0.47955
0.48931
0.18463
0.11859
0.10757
0.18301
0.17741
0.73847
1.1567
0.13424
0.073336
1.1662
0.29171
0.3472
1.182
1.1049
0.92281
1.3833
0.84439
1.1941
0.53175
0.41864
0.78357
0.20932
0.24823
0.068948
0.088524
0.87719
0.14969
0.12285
0.061394
1.019
0.10503
0.42745
0.098204
0.35905
0.2906
0.19283
0.44002
0.11262
0.19762
0.11429
0.091652
1.2156
0.45752
0.9577
0.13143
0.073421
0.19751
0.23394
0.238
0.27243
0.14291
0.14827
0.89473
0.9089
0.32877
0.12234
0.13592
0.14062
0.089881
0.84316
0.94548
0.10877
0.49768
0.098472
0.070696
0.52021
0.65367
0.71858
0.093598
0.088961
0.19389
0.1462
0.59818
0.17546
0.86638
0.28637
0.28736
0.15374
1.0756
0.18454
0.13527
0.91475
0.19328
0.13737
0.40571
0.10413
0.24358
0.24864
0.79581
0.67511
1.0906
0.38752
0.47093
0.37559
1.0429
0.10121
0.24609
0.44171
0.14693
1.6211
0.063383
1.0394
0.23697
0.081813
0.66748
1.0286
0.53626
0.5904
0.069361
0.87534
0.14157
0.20519
0.8943
0.80038
0.10458
0.19237
0.44813
0.7496
0.13024
0.17006
0.55364
0.1489
0.21453
0.76246
0.39889
0.92824
0.47992
0.31932
0.35937
0.2479
0.16347
0.16069
0.94063
0.96022
0.54511
0.59058
0.042769
1.2567
1.0153
0.10538
0.088157
0.50757
0.085465
0.67977
0.12507
0.24248
0.088559
0.1466
0.2291
0.42168
0.18546
0.31064
0.074458
0.20656
0.30296
0.3441
0.25109
0.85111
0.6495
1.2541
0.94473
1.0889
0.15677
0.17185
0.1961
0.2102
1.4929
0.090833
0.1125
0.083362
0.94249
0.94205
0.52358
0.96122
0.26093
0.14082
0.12938
1.0947
0.38433
1.0314
0.28489
0.14523
0.17218
0.42921
0.74968
0.10495
0.24312
0.83796
0.69537
0.72565
0.66202
0.112
0.69314
0.10655
0.61853
0.13765
0.73089
0.1015
1.1276
0.98451
1.0718
0.099202
0.27996
0.92627
0.076933
0.13253
1.0595
1.1349
0.24288
0.90974
0.62066
0.16958
0.29142
1.0897
0.10071
0.16922
1.1969
0.16908
0.24629
0.28617
0.13702
0.10653
0.11087
0.22572
1.2331
0.81983
0.34212
0.19515
0.71598
0.95023
0.33384
1.0905
0.4031
0.096249
0.66573
0.10545
0.86824
1.1677
0.48026
0.33149
1.0053
0.36465
0.68561
0.12221
0.16502
0.45722
0.37521
0.11265
0.1317
0.070805
0.47592
1.4482
0.46921
0.10597
0.081077
0.098978
0.071332
0.15297
1.3938
0.56841
0.14445
0.82745
1.0251
0.28371
0.5414
0.25862
0.57703
0.36714
0.13315
0.33801
0.07361
1.2207
0.12744
0.24561
0.18398
0.1896
0.10215
0.098623
1.6284
0.26436
0.15358
0.12218
0.17957
0.074074
1.0964
0.091363
0.12134
0.32423
0.075254
1.4516
0.76426
0.33567
1.7159
0.12534
0.63679
0.13446
0.1268
0.085616
0.13079
0.08537
0.18281
0.086651
0.26128
0.78655
0.64938
0.56246
1.3959
0.087255
0.68377
0.097438
0.090184
0.31822
0.32251
0.17744
0.10087
0.2535
0.22687
0.09138
0.64087
1.234
0.155
1.2348
0.47239
0.26605
0.23105
0.94395
0.46249
0.43661
1.0119
0.088912
0.1078
0.80788
0.23675
0.16609
0.16476
0.46634
0.14431
0.12343
0.50098
0.078824
0.11748
0.31328
0.18686
0.30008
0.12196
0.10408
0.074021
0.32463
0.24808
0.9072
0.64035
0.29429
0.10728
0.34455
0.28114
0.15861
0.15711
0.30527
0.12676
0.11316
0.12733
0.072017
0.4924
0.34755
0.35886
0.087968
1.0658
0.24273
0.34695
0.11405
0.067514
0.41374
0.57312
1.0775
0.14986
0.39385
1.0114
0.41277
0.31982
0.27713
0.17311
0.43871
1.2403
0.47793
0.21621
0.12609
0.47089
0.13588
0.40383
0.22341
0.65189
0.20794
0.20986
0.086385
0.6728
0.25268
0.21153
0.89406
0.1218
0.45901
0.54771
0.19826
0.46812
1.0511
0.29527
1.1591
0.12232
0.12221
0.19238
0.066784
0.56754
0.13324
0.14279
0.39422
0.11898
0.22127
0.33266
0.47816
0.61089
0.085135
0.11476
0.081249
0.11207
0.11489
0.36334
0.40601
0.19931
0.1174
0.70009
1.1942
0.09768
0.10663
0.53225
0.48874
0.068583
0.72491
0.4372
1.2895
1.2399
0.68652
0.41383
0.9591
0.26955
0.074945
0.32137
0.55596
0.12399
0.27058
0.2783
0.79834
0.29208
0.15305
0.25549
0.15578
0.35007
1.0291
0.50675
0.3648
1.2894
0.51042
0.12749
1.2594
0.070641
0.15645
0.22077
0.91127
0.5041
0.16852
0.50399
0.45792
0.40025
0.080215
0.064605
0.11525
0.78579
0.4965
0.66825
0.49187
0.93519
0.12542
1.1507
0.52437
0.13724
0.12791
0.15051
0.7304
0.4776
0.96617
0.092345
0.090763
0.081848
0.44349
0.088027
0.078423
0.26581
0.12666
0.94823
0.57491
1.4623
0.33725
0.47931
0.92342
0.079861
0.34582
0.059989
0.18988
0.099619
0.17207
0.16465
0.34479
0.91375
0.4205
0.87698
0.15176
0.09898
0.72747
0.12444
0.46865
0.75262
0.15932
1.2621
0.71147
0.19359
0.9597
0.75373
0.18149
0.31241
0.23561
0.39705
0.15958
0.18228
0.6978
0.92139
0.13544
0.98228
1.3077
0.42375
0.93551
0.14699
1.1133
0.40295
0.62964
0.69307
0.20391
0.6455
0.075025
0.45173
0.32608
0.18773
0.81754
0.48954
1.1785
0.54611
0.087846
0.19214
1.1845
1.2192
0.16223
0.6254
0.28316
0.28864
0.17465
1.0952
0.093407
0.092669
0.3713
0.47141
0.98182
0.075339
0.096492
0.14044
0.098281
0.49917
0.61007
0.43271
0.19534
0.084699
0.18565
0.15658
0.11742
0.091126
0.9551
0.076686
0.094413
0.10411
0.36081
1.1774
0.15133
0.74486
0.84892
0.58434
0.15748
0.11696
0.085245
0.19341
0.49717
0.12029
0.088204
0.16137
0.41433
0.28013
0.14608
0.19495
0.96779
0.2121
0.81205
1.4814
0.45831
0.44163
0.19074
0.96729
0.086246
0.08121
1.0715
1.4563
0.36803
0.1339
0.12078
0.67784
1.2107
0.25108
0.32228
0.83563
0.12417
0.49032
0.15331
0.27697
0.58837
0.64135
0.56282
1.217
0.11367
0.28316
1.0546
0.37111
0.14474
0.82832
0.70462
0.35702
0.31045
0.40534
1.2006
0.095102
0.067569
0.90973
0.15598
0.7847
0.78146
0.12367
0.22442
0.59177
0.26044
1.5754
0.12362
0.28881
0.32321
0.082356
0.11779
0.14635
0.12914
1.1651
0.13144
0.15868
0.13575
0.12532
1.0517
1.2226
0.44808
0.34112
1.1794
0.77839
0.58189
0.24127
0.11691
0.77473
0.11548
0.10449
0.22879
0.8123
0.12003
0.24884
0.24161
0.086099
0.34724
0.077548
0.32955
0.64176
1.3342
0.14345
0.51985
0.0918
0.124
0.28747
0.36059
0.088307
0.4408
1.1402
0.12111
0.22191
1.0704
0.36728
0.08419
0.083272
0.6432
0.11444
0.16464
0.066664
0.31988
1.5796
1.1024
0.44814
1.2459
0.17544
0.08757
0.16324
0.11308
0.43845
0.93435
0.67233
0.46321
0.81799
0.29461
1.1547
0.21774
0.17061
0.53237
0.13821
0.6306
1.1443
1.2167
0.22378
0.20571
0.16913
0.72473
0.12646
1.0857
0.24831
0.79929
0.16471
1.1255
0.37144
0.91082
1.1486
0.075874
0.58222
0.21753
0.12054
0.51796
0.16554
0.64395
1.1642
1.0075
0.5271
0.58401
0.40687
0.3816
0.11675
0.081939
0.22576
1.144
0.18964
0.18792
1.103
0.73374
0.36241
0.30536
0.90509
0.26529
0.13506
0.10219
0.19236
0.087874
0.21265
0.11106
0.1762
0.079702
1.0175
0.11157
0.09832
0.20726
0.096194
0.07711
0.25281
0.1892
1.1884
0.090938
0.23389
0.078385
0.88371
0.079012
0.1543
0.088126
0.13714
1.3001
0.33219
1.2254
0.74008
0.29421
0.26685
0.27492
0.97028
0.98363
1.0337
0.15442
0.11236
0.1251
0.079958
0.10984
0.16284
0.59881
1.1743
0.32676
0.22405
1.2626
0.13254
1.2062
0.49065
0.22156
1.0642
0.13788
0.17389
0.49592
1.1202
0.61645
0.21194
0.58337
0.21866
0.17648
0.076091
0.27343
0.41312
0.43772
0.075359
0.10396
0.10732
0.50562
0.19391
0.12704
0.20092
0.22281
0.19066
0.12301
0.1475
0.1763
0.086715
0.073599
0.22468
0.16921
0.12452
1.2464
0.073911
0.27319
0.10015
1.0653
0.15374
0.68925
0.18268
1.264
0.080061
0.1769
0.86866
1.1533
0.45626
0.19157
0.82839
0.20669
0.61088
0.40643
0.44976
0.27215
0.22883
0.10904
0.14861
1.2005
0.1825
0.18175
0.11128
0.32693
0.83999
0.15219
1.0435
0.099854
0.23653
0.46193
0.21496
0.19878
0.57095
0.094438
1.3123
0.29376
0.55325
0.11323
0.58477
0.1031
0.10807
1.1789
0.16107
1.1536
0.99546
0.41905
0.30711
0.50244
0.63096
0.91764
1.0121
0.40517
0.14589
0.876
0.35358
0.61938
0.59157
0.14503
0.99396
1.4212
0.63974
0.34095
0.088521
0.64963
1.0136
0.089879
0.4322
0.66641
0.87231
0.17222
0.44543
0.98927
0.11944
0.14224
0.17947
0.16397
0.2925
0.32366
0.71337
1.1915
0.076299
0.19992
1.0426
0.07708
0.33063
0.66782
1.448
0.37345
0.17551
0.11773
0.22743
0.15928
0.16531
0.34686
0.13228
0.24776
0.12032
0.69081
0.18163
0.28198
1.0062
0.09298
0.096712
0.83381
0.086586
0.41286
0.18618
0.085219
0.21458
1.0218
1.0849
0.092104
0.25896
1.1781
0.36967
0.50516
0.06915
0.40014
0.18395
0.31046
0.056066
0.35916
0.13633
0.41767
0.43919
0.38933
0.13184
0.26634
0.29526
0.32932
0.084865
0.10508
0.14115
0.27409
0.92852
0.90343
0.25039
0.086853
0.49652
0.68097
0.80891
0.17139
0.25817
0.11362
1.4064
0.098026
0.50095
0.19235
0.22952
0.9821
0.10853
1.1495
1.1064
0.8612
0.10275
0.19807
1.2773
0.25412
0.26206
0.34372
0.24577
1.0812
0.88869
0.48992
1.0253
0.22375
0.38585
0.32045
1.1467
0.80891
1.0751
0.36658
0.38749
0.27521
0.64293
0.27053
0.12719
0.1239
0.13628
0.072703
0.25582
0.13771
0.19067
0.15132
0.16838
1.0418
0.096173
0.25551
0.9115
0.31303
0.14595
0.15192
0.1377
0.12627
0.073556
0.065076
0.16585
0.1841
0.16561
0.92898
0.41083
0.45552
0.10331
0.54217
0.90124
0.14981
1.1659
0.20406
0.2434
0.11208
0.98295
1.0355
0.16834
0.85934
0.62725
1.3033
1.0317
0.84649
0.63179
0.37639
0.88948
1.1082
0.3289
0.69493
0.18527
0.50964
0.35794
1.0089
0.32641
1.0618
0.21916
0.13066
0.19648
0.16204
0.18432
0.16755
0.45409
0.10101
0.5808
0.92392
0.62528
1.2254
0.065628
0.10341
0.087095
0.49437
1.117
0.17832
0.35129
0.17282
0.32928
1.0757
0.77066
0.15185
0.35725
1.0255
0.38191
0.22266
0.47066
0.39704
0.18147
0.088174
0.2553
0.8231
0.51765
0.067555
0.15427
0.070798
0.27076
0.097991
0.36012
0.066177
0.47144
0.63507
0.37494
0.16237
0.17281
0.13474
1.0272
0.066002
0.49378
0.84566
0.23184
0.7582
0.83469
0.13477
0.21737
0.33552
0.52141
1.1329
0.5805
0.86877
0.98939
0.39431
1.2294
0.54641
0.12064
1.0487
0.65934
0.13882
1.0562
0.1402
0.22395
0.67262
0.17733
0.3984
0.12569
0.21828
0.58461
0.12348
0.13331
0.34658
0.14253
0.47788
0.12486
0.11144
1.5317
0.47742
0.097896
0.33632
0.9939
0.1796
0.10969
0.32616
0.13641
0.52958
0.10611
0.22209
0.4043
1.1229
1.2071
0.36885
0.14469
0.20988
0.24244
0.59429
0.19037
0.20448
0.43308
0.3306
0.50262
0.77594
0.16027
0.36611
0.21753
0.096124
0.89862
0.37119
0.63199
0.15288
0.92692
0.96583
0.18493
0.1398
0.96071
0.12772
0.26063
0.35081
0.079485
0.15947
0.27389
0.3421
1.2252
1.0248
0.15916
0.28071
0.094316
0.59515
0.55353
0.056323
0.21153
0.36615
0.12993
0.13845
0.16338
0.082904
0.1695
0.14785
0.85641
0.31356
0.082372
0.14646
0.50208
0.19052
0.38684
0.51307
0.50687
0.29445
0.52894
0.40552
1.2282
0.11459
0.087199
0.87991
0.13556
0.22653
0.08251
0.16142
0.20923
0.77602
0.66727
1.1591
0.17973
0.069292
0.41466
0.15128
0.12499
0.22677
0.095413
0.73178
0.15511
0.1284
0.11589
0.34134
0.34051
0.64787
0.56953
0.072233
0.18649
0.12584
0.07756
1.1095
0.44318
0.20824
0.18007
0.17835
0.2352
1.1406
0.14984
0.20921
0.13248
0.11038
0.73368
0.12871
0.40288
0.1296
0.08464
0.17116
0.10604
0.29885
0.10439
0.16086
0.12071
0.77432
0.6141
0.5695
0.12122
0.12688
0.13308
0.39605
0.83268
0.20655
0.12283
0.79737
0.4522
1.1505
0.36376
0.083833
0.084758
0.11321
0.17678
1.0839
0.61302
0.62462
0.85653
0.13036
0.33202
0.68085
0.91633
0.31527
0.17337
0.092604
0.84766
0.82854
0.46626
0.40417
0.4855
0.51301
0.20991
0.36837
0.22766
0.079412
0.10186
0.19765
0.073464
0.82252
0.41372
0.26982
0.069439
0.32041
1.5896
0.10483
0.25696
0.91413
0.076847
0.19089
0.13591
0.1711
0.12015
0.08946
0.48193
0.96354
0.19544
0.13241
0.067894
0.34076
0.80322
0.29733
0.60499
0.12725
0.63933
0.48071
0.087204
0.16098
0.83285
0.10828
1.1621
1.3112
0.28968
0.65256
0.39615
0.21501
0.16467
0.23968
0.47836
0.15686
0.29013
1.3353
0.16112
0.26865
0.16422
0.60795
0.44795
0.57851
0.26861
0.15562
0.4097
1.0747
0.08154
0.56933
1.2165
0.20493
0.084008
0.35709
0.21064
1.1273
0.088347
0.12751
0.13183
0.31475
0.38434
0.7444
0.73119
0.14204
0.16113
0.32068
0.67249
1.0897
0.29157
0.13588
0.10582
0.11914
0.12034
1.2081
1.2432
1.2027
0.42637
1.2042
1.0706
0.91297
0.15927
0.065525
0.10424
0.23865
0.31216
0.29774
0.12786
0.11406
0.12207
0.45935
0.7364
0.70736
0.066084
0.18636
1.0032
0.70034
0.39593
0.10282
1.157
0.42031
0.15692
0.2004
1.6572
0.1658
0.32962
0.53271
0.13514
1.0114
0.072021
0.28214
0.97038
0.36124
0.58933
1.1019
0.4451
0.26433
0.1686
0.32177
0.11719
0.35292
0.073172
0.095554
0.56056
0.32154
1.5316
0.93382
0.19907
0.19464
1.0072
0.13166
0.87544
0.15317
0.27499
0.10842
0.13816
0.24703
0.54429
0.092629
1.2735
0.20161
0.56349
0.20144
0.46311
0.25346
0.5281
0.47717
0.4584
0.45019
0.14
0.2232
0.26688
0.41615
0.21973
0.6266
0.42653
0.69668
0.26237
0.23448
0.3148
0.26524
0.12273
1.107
0.83822
0.09146
0.24792
0.52582
0.24304
0.22907
0.38224
1.5202
0.67355
0.081474
0.65992
0.33057
0.071574
0.37701
0.06756
0.14365
0.14186
0.30782
0.077009
0.5881
0.19723
0.13223
0.32099
0.35174
0.99783
0.10484
0.20427
0.24029
0.10869
1.1218
0.060542
0.90576
0.16256
0.71314
1.2835
0.067915
0.096057
0.17279
1.2188
0.12751
0.097512
0.10613
0.90806
0.18106
0.4686
0.13264
0.10972
0.57904
0.39368
0.086214
0.46516
0.85534
0.39992
0.3222
0.45231
0.79619
0.28107
0.080799
0.19377
0.15766
0.50885
0.15382
0.075848
0.85054
0.61706
0.49478
0.14327
0.2147
0.22411
0.77856
0.54483
0.62391
0.20977
0.36981
0.073226
0.12247
0.064428
0.32654
0.078467
0.22953
0.43963
0.18409
0.95688
0.87633
0.072173
1.6355
0.25105
0.16723
0.13837
0.48756
0.12533
1.1018
0.107
0.64924
0.75041
0.5652
0.21315
1.0725
0.21034
0.16506
0.48313
0.66487
0.1512
0.6451
0.86058
0.096773
0.22621
1.3858
0.70862
0.13502
0.35032
0.8288
0.23902
0.35273
0.54131
0.0818
1.129
0.46536
0.081718
1.2225
0.16681
0.11642
0.20156
0.61965
1.0954
1.2818
0.21476
1.1875
1.0144
0.69424
0.15351
0.084734
0.082791
0.19741
0.59678
0.49535
0.80724
0.091466
0.29075
0.36103
0.53268
0.95588
0.16871
0.08697
0.45329
0.13986
0.19225
0.11746
0.38588
0.11766
0.12907
0.12472
0.73813
0.63542
0.52434
0.58837
0.12377
0.25648
0.23362
0.19192
0.22985
0.84622
0.11824
0.097485
0.1241
0.34859
0.069894
0.20401
1.4627
0.40783
0.41508
0.43787
1.4603
0.093576
0.25523
1.1288
0.76512
0.086274
0.14646
1.185
0.23997
0.45001
0.63762
0.76522
0.096896
0.58541
1.1721
0.16359
0.097036
0.26317
1.1457
1.2508
0.30798
0.091701
0.30278
0.21844
0.36215
0.33612
0.23287
0.16634
0.42118
0.084122
0.087901
0.38901
0.17638
0.29684
0.33315
0.34576
0.21709
0.15164
0.41526
0.37468
0.078341
0.35026
0.18091
0.32076
0.95817
0.80804
1.1768
0.25362
0.15834
1.0248
0.56307
0.35835
1.5213
0.10191
0.16183
0.27938
0.47307
1.2169
0.57224
0.85134
1.2177
1.1461
0.78261
0.09314
0.29392
0.98238
0.14246
0.1525
0.19091
0.15811
0.20463
0.84728
0.17234
0.81549
0.54906
0.12752
0.2198
0.070371
0.23794
1.1587
0.60165
0.38383
0.09206
1.1312
0.8442
0.19712
0.25487
0.66346
1.1918
0.15987
1.3793
0.12012
0.10206
0.10704
0.45237
0.20973
0.16003
1.0116
1.1167
0.3792
0.15433
0.29814
0.54675
0.52193
1.2518
0.26637
0.13885
0.29839
0.14906
0.10942
0.40644
1.1674
0.25369
0.16272
0.3916
0.1036
0.081117
0.14108
0.089089
0.25644
0.77625
0.38374
0.85529
0.441
0.14611
0.73691
0.36418
0.61812
0.20173
1.0877
0.27617
0.11934
0.78878
0.35545
0.098155
0.13793
0.15941
0.099966
1.0199
0.13764
0.32972
0.62049
0.13787
0.77224
0.58788
0.65655
0.38248
0.2637
1.1341
0.2084
0.41982
0.31607
0.606
0.65321
0.27257
0.33343
0.43981
0.17315
0.28877
0.27277
1.1266
0.092592
0.13773
1.0585
0.64269
0.98908
0.2254
0.17599
0.32829
0.091519
0.4302
0.29513
1.1104
1.1134
0.14581
0.13226
0.066849
0.14628
1.059
0.88914
0.33585
1.4819
0.84067
0.15339
0.19538
0.17072
0.23305
0.16374
0.09347
0.093736
0.77461
0.34194
0.10904
0.64601
1.1755
0.46867
1.1222
0.51418
0.28609
0.13169
0.13778
0.58261
0.252
0.094979
0.2412
0.48183
0.15254
1.0214
0.95691
0.48086
1.3337
0.13704
0.098682
0.51736
0.62053
0.13979
1.2407
0.62055
0.33549
1.1816
0.19824
0.099764
1.1911
0.29721
0.68943
0.62019
0.27288
0.56347
0.24554
0.19392
0.10577
0.22987
0.1423
0.28595
0.25041
0.51387
0.88255
1.145
0.1051
0.082014
0.18741
0.63572
0.14339
0.12209
0.16937
0.19214
0.26499
0.038607
0.26519
0.24825
1.0628
0.56762
0.62099
0.35199
0.30573
0.40305
0.10966
0.35207
0.081313
0.14494
0.13222
0.077083
0.22808
0.11541
0.68968
0.91448
0.10007
0.15582
0.20476
0.78537
0.2144
0.11745
0.10587
0.29586
1.0265
0.13914
1.0917
0.65575
0.11253
0.45911
0.18245
0.12003
1.1932
0.12486
0.17877
1.2121
1.0871
0.26034
0.37862
0.47385
0.070615
0.17631
0.38132
0.20652
1.0103
0.11546
0.078453
0.17249
0.15599
0.16956
0.097645
0.16337
0.12531
0.11259
0.27009
0.16406
1.1959
0.13936
0.32104
0.1037
0.083291
0.10929
0.17126
0.12502
0.68118
0.09566
0.2318
0.095097
0.18446
0.39869
0.2618
0.21594
0.17825
0.29747
0.12905
0.50799
0.9655
1.0007
0.15076
0.14949
0.2368
1.248
1.4382
0.18203
0.36797
0.12345
0.82867
0.64787
0.9804
0.15379
0.30954
0.6416
0.33867
1.2426
0.4601
0.072287
0.13998
0.17379
0.2296
0.60364
0.32835
0.46034
0.97611
1.1057
0.57235
0.10068
0.14929
0.76122
0.10726
0.45419
0.1023
0.11659
0.10571
0.19795
0.32682
0.41704
0.11677
0.91507
0.32496
0.27197
0.12057
0.24193
0.18995
0.99944
0.66267
0.13269
0.2758
0.26886
1.0942
0.15832
0.89915
0.34423
1.1345
0.11875
0.94732
0.31429
0.3744
0.12873
0.27475
0.067224
0.12007
0.078663
0.70369
0.087162
0.20924
0.5377
0.14444
0.83992
0.078897
0.76581
0.89425
0.12364
0.19993
0.14959
0.50862
1.0991
0.13424
0.71287
0.10124
0.61439
0.96994
1.0207
0.5455
0.14337
0.50239
1.1829
1.1904
0.17294
0.26681
0.54984
0.23803
0.088413
0.51032
1.2415
0.64646
0.13208
0.15237
0.39658
1.0338
0.061394
0.31937
0.26659
0.12542
0.24681
0.67333
0.12278
1.1683
0.077067
0.33888
0.78877
0.96741
0.51799
0.62612
0.11049
1.2156
1.1712
0.3956
0.13093
0.15936
0.19751
0.83357
0.08982
0.1885
0.27243
0.14291
0.59822
0.89473
0.94599
0.49891
1.0158
0.15464
0.40853
0.14062
0.86169
0.22494
1.077
0.98853
0.11719
0.89251
0.12255
0.61517
0.65385
0.25662
0.26566
0.62666
0.074831
0.24833
0.43984
0.13358
0.39447
0.16775
0.19887
0.21734
0.1549
0.16972
0.56409
0.13527
0.19656
0.1853
0.30277
0.094003
0.40896
0.27792
0.60367
1.0976
0.93071
0.50624
0.08641
0.12378
0.37559
0.9644
0.10132
0.20608
0.37402
0.13117
1.4051
1.6211
0.38664
0.55615
0.69093
0.22066
0.13551
1.1301
0.90297
0.17726
1.1169
0.12465
0.19318
0.53424
0.46899
0.37298
0.80038
0.10644
0.48899
1.1264
0.18214
0.45584
0.18288
0.1363
0.072164
0.55364
0.10523
0.51072
0.16672
1.0876
1.1925
1.2439
0.31932
1.4165
0.23402
0.35256
0.38885
1.0039
0.36347
0.18709
1.1979
0.042769
0.85227
0.74578
0.08115
1.0038
0.099961
1.4371
0.4301
0.088878
0.11395
0.31103
0.20675
1.6358
0.29737
0.60688
0.11167
0.5126
0.31064
0.074458
0.49047
0.13762
0.09382
0.34982
0.18831
0.35972
0.22465
1.2541
0.10823
0.080497
0.28299
0.15101
1.6408
0.17185
0.75513
0.1518
0.1812
0.071222
0.12213
0.15378
1.1656
1.2484
0.55578
0.13021
1.0324
1.1197
0.12434
0.14082
0.12043
0.65528
0.38433
0.65888
0.84268
0.13131
0.83698
0.13295
0.30807
0.29023
0.49419
0.077825
0.17064
0.38174
0.36023
0.47801
0.83796
1.077
0.1604
0.19035
1.025
0.099711
0.073826
0.43787
0.1602
0.11255
0.56337
0.28615
1.1276
0.18293
1.0718
0.099202
0.1229
0.1187
0.087891
0.11741
0.071912
0.15163
0.10368
0.24288
0.15777
0.60634
0.82984
0.1086
0.87474
1.0897
0.10071
0.36766
0.10869
0.14376
0.40738
0.11907
0.79075
0.42458
0.37203
0.20403
0.27345
0.81983
0.34212
0.08364
0.19068
0.49097
1.4545
1.0905
0.37227
0.141
0.95505
0.91776
0.3259
0.25416
0.86026
0.7132
0.43646
0.69947
0.44439
0.19055
0.083411
0.35477
0.25841
0.099632
1.0234
0.15604
0.079706
0.14788
0.12949
0.20771
0.24341
0.098978
0.3954
0.17331
0.96227
0.087373
0.15021
0.59793
0.10547
0.091981
1.1622
0.28371
0.34056
0.33127
0.23805
0.1364
1.2346
1.1272
0.25189
0.33801
0.28356
0.19155
0.54184
0.10666
0.69711
0.11521
0.072873
0.22588
0.93573
0.12476
0.30363
0.093058
0.17957
0.34754
0.14257
0.10026
0.091363
0.12134
0.32423
0.075254
1.4516
0.76426
0.33567
1.7159
0.12534
0.63679
0.13446
0.1268
0.085616
0.13079
1.0807
0.80965
0.41098
0.44095
0.85603
1.2566
0.11711
1.3959
0.17807
0.3245
0.4942
0.11572
0.08751
0.32251
0.12663
0.58306
0.30519
0.84262
0.09138
0.37696
0.99923
0.4326
0.50246
0.17191
0.49446
0.23105
0.72451
0.34036
0.8738
1.1368
0.088912
0.16216
0.26421
0.1835
0.51752
0.18918
0.054633
0.093357
0.28575
0.11529
0.85185
0.332
0.28892
1.4992
0.1409
0.31038
1.1733
0.15922
0.41556
0.15633
0.19125
0.68392
0.16753
0.12321
0.49793
0.2051
0.63816
0.81676
0.57847
0.28892
0.13587
0.070431
0.089719
0.4924
0.1837
0.35886
0.1435
0.52095
0.15684
0.77914
0.11436
0.29365
0.77321
0.7699
0.14102
0.2507
0.93979
0.3158
0.135
0.67322
0.37015
0.19604
0.34923
0.20877
0.31128
0.21621
1.1961
0.13604
0.24358
1.3159
0.28508
0.38602
0.3888
0.30947
0.1451
0.49599
0.89196
0.63929
0.097795
0.50701
0.3014
0.11639
0.19826
0.46812
1.0703
0.50224
1.1591
0.35478
0.2486
1.2356
0.73641
0.13323
0.13864
0.14462
0.39422
0.90504
0.93902
0.7422
0.33965
0.61089
0.1398
0.68623
0.58209
0.14354
0.1324
1.1353
0.26675
0.19931
0.2138
0.50804
1.1942
0.21099
0.10663
0.26364
0.35302
0.068583
0.72792
1.1067
1.1434
0.11921
0.67231
0.66282
0.11875
0.11628
0.26594
0.11812
0.55596
0.099667
0.19206
0.2783
0.79834
0.28219
1.3323
0.088028
0.091944
0.21665
0.18581
0.50675
0.84239
0.14534
0.16315
0.07635
0.20757
0.19698
0.51513
0.40962
0.25188
0.088241
0.37209
0.88601
0.47539
0.40025
0.34331
1.0676
0.096233
0.78579
0.4965
0.29117
0.37572
0.084327
0.087613
0.11023
0.087471
0.094079
0.36941
0.10841
0.18489
0.58031
0.33458
0.28483
0.14075
1.2164
0.84798
0.71404
0.22358
0.068862
0.86164
0.18741
0.10161
0.50072
0.1834
0.15555
0.3349
0.20861
0.083787
0.1077
0.32303
0.099619
0.3137
1.1886
0.077139
1.1515
0.090406
0.080285
1.1085
1.1381
1.2841
0.70298
0.84336
0.18306
0.38714
0.074747
0.14862
0.17288
0.60044
1.2026
0.14416
0.11416
0.30008
0.39705
1.0016
0.18228
0.098218
0.1144
0.13544
0.081734
0.087932
0.42375
1.0633
0.28472
0.29351
0.067823
0.80966
0.77715
0.60694
0.1022
0.2892
0.12172
0.28128
0.19682
0.19934
0.48954
0.59997
0.17356
0.20823
1.0476
0.70769
0.3442
0.87553
1.5224
0.28316
0.082776
0.091524
0.96709
0.14156
0.089552
0.73732
0.25837
1.1157
0.075339
0.096492
0.64704
0.18439
0.45677
0.15694
0.25167
0.10547
0.15445
0.82837
0.18565
1.2696
0.30576
0.42125
0.080035
0.097617
0.10803
0.52426
0.079504
0.68324
0.095239
0.085114
0.20987
0.1688
0.47237
0.086199
0.84053
0.12037
0.28076
0.085487
1.08
0.32487
0.25503
1.1991
0.22743
0.14608
1.0417
0.17108
0.50477
0.93061
0.15463
0.098049
0.77971
0.14945
0.11118
0.062622
0.21727
0.60143
0.28809
0.36803
0.67866
0.12078
0.85024
0.52352
0.14275
0.58995
0.49363
0.14483
0.31458
0.080995
0.11275
0.58837
0.76988
0.15497
1.12
0.17008
1.165
0.12727
0.40569
0.56696
0.13802
0.10292
1.0227
0.10971
1.0544
0.20313
0.90007
0.81024
0.25466
0.15598
1.1043
0.086372
0.17742
0.1809
0.7092
0.26044
0.48393
0.13602
0.30994
0.81483
0.076261
0.57012
0.40456
0.3378
0.12262
0.13335
0.5305
0.117
1.0301
0.1357
1.2226
0.56365
0.34112
0.128
0.14245
0.57485
0.36848
0.097505
0.77473
0.68172
0.25063
0.61263
0.12115
0.30509
0.10416
0.16756
0.086099
1.6777
0.10111
0.5826
0.54768
1.3342
0.14345
0.24229
0.0918
0.084518
0.10565
0.36059
0.088307
0.47124
0.37831
0.42426
0.097206
0.74972
0.24991
0.41935
0.083272
0.44456
0.15924
0.087823
0.066664
0.10534
1.5796
0.36359
0.44814
0.075394
0.32051
0.57072
0.88092
0.12157
0.43845
0.19767
0.22774
1.0442
0.11184
0.91223
1.1547
0.12077
0.23403
0.43734
0.77763
0.77146
0.30606
1.2167
0.97168
0.12324
0.1135
0.62445
0.17081
0.30716
1.0772
0.5334
0.39514
1.1005
0.09702
0.76337
0.12716
0.3361
0.66396
0.21753
0.1857
1.3459
0.081748
0.67737
1.1642
0.30641
0.40088
0.15812
0.18473
0.3816
0.41458
0.10939
0.57129
0.24477
1.5902
0.16655
1.2276
0.26894
0.36241
0.30299
1.2411
0.40949
0.46828
0.21898
0.19236
0.087874
0.3372
0.11106
1.0905
0.899
0.094257
0.97305
0.33693
0.20726
0.32804
0.18812
0.25973
0.088184
0.075583
0.91487
0.52388
0.078385
0.082694
0.17688
0.1543
0.40254
0.19451
0.23502
1.2389
0.16611
0.46795
0.49319
0.61097
0.52194
0.57639
0.56306
0.1572
0.84975
0.73736
0.095288
0.28165
0.087362
0.2495
0.12982
0.11479
0.11085
0.22405
1.2626
0.087989
0.4209
0.15158
0.22137
1.066
0.18635
0.36966
0.16412
1.2311
0.61645
0.27804
0.15411
0.12991
1.0076
0.28443
0.42277
0.22045
0.62974
0.42599
0.21731
0.59185
0.54801
0.19635
0.33032
0.20092
0.19741
0.11098
0.12235
0.21635
0.079678
0.074004
0.4018
0.22468
0.27417
0.12452
0.085079
0.992
0.50411
0.26547
0.24084
0.13664
0.68925
0.81534
0.33741
0.12712
0.13009
0.27745
0.86866
0.13418
0.31315
0.14578
0.21799
0.53251
0.20224
0.47624
0.15609
0.36207
0.3578
0.23202
0.56571
0.077716
0.46253
1.0986
0.26569
0.15506
0.52974
0.47638
0.91836
0.24034
0.087966
0.20701
0.78358
0.21496
0.37852
0.12154
0.91525
0.068222
0.44448
0.55325
0.11323
0.18968
0.15901
0.19802
0.32438
0.80921
1.1578
0.097936
0.99546
0.087329
0.31982
0.12781
0.065288
0.91764
0.23527
0.10333
0.4158
1.167
0.18481
0.22486
0.32794
0.16018
0.6937
0.10727
0.83264
0.49519
0.37957
1.0541
0.53489
0.1594
0.20567
0.77178
0.23248
0.093814
0.10735
0.77853
0.36536
0.084003
0.14224
0.091887
0.28636
0.42408
0.11307
0.40752
1.1915
0.076299
0.11998
0.52703
0.48515
0.23976
0.49066
0.12645
0.36301
1.1407
0.10178
0.28482
0.15609
0.16385
0.34686
0.13228
0.66331
0.81938
0.89208
0.71891
0.28198
0.16233
1.2342
0.10398
0.28582
0.33772
0.1828
0.11072
0.14684
0.21458
1.0218
0.89668
0.48693
0.13407
1.1781
0.36967
0.80526
0.06915
0.55419
0.57139
1.0154
0.056066
0.19645
0.1822
0.41767
0.43919
0.1176
0.13184
0.26634
0.081556
0.99962
1.6132
0.99688
0.31832
0.27409
0.45335
0.9643
0.25039
0.086853
0.18455
0.95992
0.13843
0.1211
0.52249
1.0862
1.4064
0.22786
0.31212
0.69402
0.3317
0.12581
0.10853
0.10361
1.1064
0.089362
0.10275
0.18297
1.2773
0.63489
0.24525
0.090749
0.14196
0.13478
0.24985
1.3349
0.67061
0.16451
0.084129
0.32045
0.1946
1.1459
0.15727
0.17826
0.081374
0.49084
0.13859
0.61403
0.28993
1.0269
0.088085
0.072703
0.093551
0.13771
1.1154
0.11514
0.16314
0.10143
0.061406
0.24682
0.11689
0.31303
0.25499
0.086301
0.90855
1.0411
0.64815
0.31557
0.18345
0.12335
0.50424
0.92898
0.088073
0.14414
0.09491
0.14064
0.30787
0.30596
0.45785
0.37676
0.29024
0.30048
0.98295
0.24041
0.11609
0.96561
0.11672
1.1762
0.23721
0.84649
0.56841
0.98247
0.26128
0.17468
0.19206
0.23252
1.0793
0.50964
0.10438
0.22509
1.4816
1.0618
0.19489
0.13066
1.1151
0.38367
0.37082
1.2322
0.19611
0.13604
0.09094
0.40686
0.24734
0.16157
0.5169
0.10949
0.87345
1.039
0.66749
0.24511
0.35828
0.13305
0.11876
0.19178
0.10836
0.19078
0.59461
0.16381
1.2259
0.22266
0.17624
0.15536
0.0847
0.09462
0.26568
0.29482
0.55259
0.20187
0.18656
0.42797
0.13885
0.30892
0.090844
0.56582
0.06239
0.083727
0.51959
0.56706
0.50908
0.10301
0.13474
0.1335
0.61059
0.11245
0.11431
0.14716
0.48704
1.3436
0.21017
0.37715
0.33552
0.30479
1.1329
0.25618
0.20742
0.55942
0.14219
0.12182
0.36545
0.15062
0.68318
0.25992
0.13882
0.50165
0.13539
0.12298
0.88025
0.17733
0.24569
0.37601
0.38921
0.4095
0.093196
0.72909
0.15129
0.84278
0.13994
0.59109
0.20888
0.18134
0.49658
1.4766
0.16678
0.22662
0.090224
0.10969
0.13973
0.12522
0.64915
0.10611
0.068162
0.4414
1.1656
0.38992
0.16183
1.2466
0.20988
0.070873
0.25405
0.4153
0.20506
0.11818
0.12625
0.69637
0.95804
0.64012
0.11994
0.15791
0.46839
0.13699
0.095815
0.079281
0.49874
0.10177
0.71813
0.09527
0.25972
0.29204
0.084002
0.3596
0.73726
0.13617
0.2601
0.25748
1.2666
0.15695
0.77619
0.48241
0.23527
0.25392
0.42329
0.14728
0.37881
0.11515
0.41481
1.21
0.10464
0.20401
0.19582
0.18877
0.14785
0.075059
0.06711
0.28645
0.14646
1.1203
0.19052
1.1154
0.25581
0.50687
0.10775
1.1693
0.76169
1.4605
0.13377
0.17562
0.23615
0.93183
1.1487
0.09735
0.27483
1.2983
0.14004
0.29321
1.1591
0.77615
0.15365
0.26139
0.28072
0.29858
0.16684
0.28133
0.73178
0.20399
0.30861
0.10199
0.62014
0.14317
0.12333
1.28
0.10291
0.15429
0.63208
0.43517
0.44107
0.44318
0.27453
1.4254
0.17835
0.10276
0.08802
0.15368
0.2796
0.13248
1.1588
0.14236
0.12125
0.55767
0.085173
0.098961
0.43527
0.10604
1.2502
1.1916
1.268
0.60845
0.16365
0.093047
1.5745
0.45121
0.24865
0.70258
1.1716
0.96821
0.081327
0.22721
0.093156
0.49013
0.27059
0.36763
1.1639
0.68045
0.43946
1.0148
0.95439
0.47467
0.18506
0.57996
0.16471
1.2898
0.68085
1.1525
0.096392
1.1521
0.092604
0.21976
0.1099
0.10057
0.54539
0.18233
0.51301
1.1839
0.1289
1.0888
0.079412
1.2864
0.0713
0.14336
0.073464
0.8073
0.317
0.15693
0.5354
0.10707
0.36349
0.33379
0.25696
0.37967
0.30595
0.13097
0.39307
0.27102
0.12015
0.16219
0.48193
0.20183
0.48548
0.19288
0.23673
0.34076
0.22636
1.0054
0.14801
1.0867
0.55231
0.090957
0.093857
0.15902
0.78604
0.52776
0.28065
0.63985
0.28968
0.65256
0.39615
0.24012
0.60234
0.21982
0.075167
0.13727
0.83487
0.35864
0.084866
0.16112
0.19057
0.32566
0.11552
0.12252
0.29977
1.2398
0.66464
0.28956
1.0747
0.57892
0.46219
0.19239
0.20493
0.10491
1.5183
0.10841
1.0611
0.088347
0.56637
1.2578
0.15603
0.14787
0.25788
0.29832
0.2854
0.1092
0.47175
0.62918
1.2397
0.53378
0.13588
0.13665
0.45455
1.2023
0.25821
1.2432
1.1638
0.090678
0.071302
0.26228
0.91297
1.343
0.2642
0.44929
0.28809
0.143
0.18252
0.34965
0.70642
0.12207
0.40379
0.14106
0.21885
0.066084
0.10248
0.39219
1.0667
0.096431
1.0635
0.13341
0.75096
0.20276
0.31706
0.37593
0.27092
0.13552
0.4285
0.73407
0.25368
0.70308
0.27361
0.59769
0.45163
0.19581
0.27617
0.46432
0.21952
0.14803
0.48172
0.084218
0.35292
1.0795
0.40445
0.56056
0.7699
0.47057
1.1645
0.82294
0.43743
0.88457
0.14548
1.1376
0.62141
0.35355
0.10842
1.1579
0.18968
0.19105
0.39421
0.10212
0.82901
0.13671
1.2551
0.70225
0.15292
0.084746
0.1265
0.26943
0.3601
0.2252
0.17295
0.56966
0.17362
0.95067
0.6266
0.093864
0.084474
0.20369
0.22445
0.17913
0.46183
0.14919
0.070834
1.1222
0.09146
0.13222
0.065865
0.088259
0.43719
0.53218
0.90279
0.96306
0.081474
0.11775
0.33057
1.1752
0.15789
0.10277
1.1989
0.13529
0.12763
0.69314
0.31557
0.19723
1.3607
0.091429
0.19876
1.2207
0.097228
0.17279
0.086847
0.093091
0.20003
0.10688
0.10386
1.0243
0.31549
1.1213
0.26846
0.42972
0.29916
0.17279
0.31126
0.75196
0.52412
0.090446
1.1285
1.0262
0.16815
0.13264
0.10972
0.1568
0.27499
0.79987
0.46516
0.371
0.47805
0.45659
1.2716
0.15738
0.28107
0.096736
0.38265
0.072191
0.25687
0.29732
0.35726
1.0501
0.083706
0.2929
0.12379
0.87913
0.16095
0.1598
0.38137
0.23082
0.20986
0.56793
0.20617
0.29604
0.25468
0.14596
0.15364
0.34876
0.22953
0.2073
0.54315
0.32494
1.1988
0.074863
1.222
0.28113
0.20402
0.19762
0.099003
0.090059
0.11108
0.081298
0.079124
0.086775
0.14557
0.21315
0.41308
0.28245
0.16506
0.99973
0.67088
0.10808
0.19862
0.83032
0.080325
0.28951
0.21645
0.37967
0.12027
0.085325
1.0574
0.11085
0.53518
0.34006
0.74455
0.84729
0.46536
0.25352
0.17182
0.12533
1.6333
0.14024
0.65217
0.1382
0.62743
0.21476
1.1875
1.0144
0.55702
0.073525
0.79238
0.082791
0.31199
0.40756
0.98891
0.19402
0.45181
0.90587
0.36103
0.92813
0.37438
0.8212
0.08697
0.20518
0.062973
1.2414
0.3987
1.0689
0.15248
0.42023
0.074037
0.31486
0.44649
0.72666
1.5835
0.44945
0.1727
0.389
0.61014
0.39955
0.84622
0.15143
0.084438
0.17221
0.34859
0.066698
0.6456
1.184
0.31478
0.46348
0.41508
0.13074
0.24876
0.16749
1.0105
0.15692
0.19853
0.13087
0.62759
0.075569
0.80098
0.33497
1.0821
0.10614
0.1052
0.076482
0.22731
1.1721
0.68271
0.097701
1.1124
1.0922
0.44676
0.18885
0.44747
0.44818
0.10799
0.49796
0.33612
0.65199
0.16634
0.30426
0.087964
0.093769
0.72829
0.17496
0.55181
0.68266
0.11885
0.29734
0.8983
0.92863
0.12316
0.18657
0.35026
0.18091
0.94658
0.069016
1.4659
0.58435
0.10247
0.15834
0.97981
0.1773
0.153
0.32458
0.2115
0.4949
0.15542
0.44236
0.17038
1.0394
0.14935
1.3427
0.45996
0.31147
0.09314
0.29392
0.54694
0.11268
1.0498
0.10832
0.85229
0.20463
0.20743
0.097848
1.5145
0.61398
0.21533
1.1987
0.077468
1.4363
0.1262
0.096893
0.47731
0.19976
0.71137
0.13465
0.071004
0.19003
0.069007
1.1814
0.2264
1.3793
0.1925
0.25955
1.1482
0.85754
1.2139
0.096018
0.14333
0.081084
1.2317
0.86615
0.81055
0.074991
1.179
0.10692
0.12507
0.29428
0.47886
0.075113
0.090416
0.37863
1.0787
0.44386
0.4271
0.42666
0.3916
1.1291
0.35741
0.079345
0.21095
0.11425
0.47719
0.38374
1.1447
0.77399
0.10862
0.072087
0.18717
0.61812
0.11265
0.19256
0.9836
1.2564
0.82402
1.6947
0.098155
0.17087
0.38046
0.55072
0.13397
0.30213
0.40609
1.2495
0.22558
0.93346
0.37132
0.89316
0.096201
0.54791
0.90191
0.17732
0.20404
0.14468
0.38628
0.65321
0.4125
1.1537
0.48498
0.5895
1.1696
0.40293
0.079125
0.11954
0.13986
0.57787
0.12305
0.27219
0.2254
0.46799
0.091301
0.88495
0.25211
1.4407
0.12403
0.26563
0.55125
0.092512
0.23253
1.0419
0.78693
1.2813
0.88914
0.85719
0.54543
0.09175
0.75613
0.19545
0.2823
0.46817
1.1761
0.13135
0.14208
1.0256
0.26623
0.077798
0.42336
1.0856
0.52851
0.20188
0.51418
0.1721
0.30916
0.13778
0.079273
0.23157
0.8638
0.89087
0.21867
0.090859
0.62798
0.94229
0.14267
0.20554
0.65714
0.1847
0.44903
0.38266
1.2207
0.313
0.09365
0.27012
1.1816
0.43115
0.095477
0.1473
0.29721
0.13884
0.38405
0.10332
0.17808
0.22478
0.19392
0.10577
0.24933
0.093579
0.10888
0.20094
0.19297
0.65481
0.079332
0.1051
0.20645
1.1535
0.17186
0.42507
0.71079
0.13105
1.2167
0.76203
0.038607
0.19426
0.59396
0.083001
0.40766
0.1387
0.92494
0.72263
1.0026
0.21339
0.6701
0.11526
0.76924
1.0498
0.50688
0.36529
0.4054
0.18907
0.18684
0.54554
0.21275
0.52698
0.69294
0.10819
0.2144
1.0149
0.12174
0.94669
1.0265
0.13914
0.26328
0.65575
1.1327
0.99524
0.14318
0.12003
0.3575
0.76207
0.15986
0.40623
1.0668
0.99108
0.10452
0.47385
0.14146
0.21491
0.078132
0.14286
0.36642
0.55772
0.58168
0.15818
1.2676
0.43826
0.089168
0.52576
0.46115
0.11242
0.56989
0.57785
1.6641
0.10049
0.3595
0.33332
0.27408
0.58049
0.63956
0.32387
0.19182
0.69422
1.0894
0.075916
0.14351
0.2007
0.68585
0.1198
0.37795
0.45829
0.12905
0.098511
1.0291
0.2798
0.41435
0.14949
0.79942
0.71154
0.10641
0.20614
0.97487
0.083291
0.1129
0.09169
1.6764
0.12674
0.072859
0.40605
0.6416
0.33867
0.10454
0.26854
0.35353
0.16933
0.28414
1.1981
0.2195
0.81111
1.0904
0.97611
0.073923
0.18687
0.083288
0.16989
0.67371
0.14434
0.56094
0.24856
0.24414
0.096308
0.19795
0.283
0.36634
0.095509
0.91507
0.10609
0.19588
0.69725
0.12546
0.11897
0.42833
0.10173
0.1083
0.27013
0.48559
0.23368
0.15832
0.96023
0.13541
1.1286
0.3
0.23488
0.27475
0.10273
1.1575
0.22565
0.50898
1.0848
0.73952
0.21448
0.11686
0.65111
0.42188
0.11019
0.54831
0.48105
0.24628
0.89425
0.12364
0.42558
0.53425
0.76908
0.085405
0.16695
0.20667
0.48884
0.61439
0.13164
0.10714
0.96994
0.57077
0.51644
1.1829
0.63798
0.1122
1.2907
0.42149
0.15358
0.12294
0.51032
1.2415
1.1902
0.1696
0.17018
0.50241
0.15873
0.21057
0.31464
0.76717
0.26432
0.1649
0.38705
0.12278
1.1978
0.21961
0.32069
0.084874
0.28387
0.24707
0.50633
0.17827
0.39894
0.17036
0.14675
0.35127
0.11409
0.19751
0.078366
0.096275
0.16089
1.3307
0.072314
0.079866
0.57008
0.37833
0.068618
0.62229
0.40219
0.15464
1.2231
1.2461
1.1268
0.7536
0.14234
0.47001
0.11719
0.090655
0.30646
1.2009
1.3875
0.13873
0.4866
0.2714
0.94115
0.38415
1.1475
1.031
0.54417
1.1478
0.12415
0.26336
0.51145
0.12384
0.15117
0.10545
0.2285
0.15992
1.0172
0.74351
0.3266
0.27792
0.75329
0.22653
0.40719
0.091768
0.098624
0.17575
0.22324
0.12218
0.35785
0.20608
0.12321
0.21965
0.64128
0.87699
0.11097
0.75993
0.16862
0.28275
0.089669
1.1301
0.46835
0.30874
1.1169
0.24803
0.092936
0.85438
0.1793
1.0526
0.087147
0.46042
0.48899
0.11654
0.30371
0.062952
0.2581
0.1293
0.34246
0.64006
0.65398
0.43227
0.98062
0.15408
0.13589
0.85768
0.78652
0.095635
0.25422
1.036
0.38885
0.14064
0.081244
0.85268
0.2643
1.1876
0.35252
0.097827
1.1161
1.0038
0.16275
0.13303
0.16055
0.082705
0.088878
0.50536
0.31103
0.39137
0.13403
1.1258
0.064416
0.31477
0.20204
0.8304
0.24647
1.3587
0.72458
0.40404
0.49025
0.07406
0.84402
1.0171
0.18898
0.18536
0.7372
0.081583
1.1734
1.5873
0.15415
0.071
0.33951
0.25748
0.3597
0.91832
0.25706
0.89807
0.42171
1.2484
0.13822
0.14068
0.083109
1.3182
1.4468
0.28115
0.19761
0.39679
0.10151
0.25696
0.94126
0.52338
0.082451
0.29717
0.096438
0.19459
0.11713
0.093461
0.65324
0.3957
0.097122
0.13301
0.48242
0.90943
0.22858
0.22091
1.1793
0.13565
0.073826
0.34403
0.11155
0.32515
0.13712
0.69778
0.69752
1.0709
0.14772
0.14041
0.092137
0.11517
0.08395
0.34473
1.1909
1.1099
0.14093
0.56441
0.12359
0.12071
0.10039
0.18754
0.21349
0.15896
0.10071
0.8431
0.22402
0.27988
0.21319
0.70547
0.095096
0.25499
0.9145
0.22144
0.5868
0.58121
0.47669
0.1438
0.17099
0.58392
0.25961
0.74454
0.078111
0.20089
0.15916
0.78952
0.06526
0.15111
0.11479
0.099882
0.27187
0.69947
0.63865
0.11229
0.52795
0.65793
0.25841
0.4048
1.493
0.16254
0.33083
0.2867
0.060557
0.75278
0.40771
0.34098
0.23465
0.17331
0.56475
1.3969
0.32153
0.42381
0.35984
0.10712
0.71773
1.2335
0.33318
0.24188
0.069638
0.57775
0.39384
0.12484
0.28638
0.35447
0.11092
0.2168
0.17629
0.33909
0.13304
0.3188
0.1128
0.19439
0.14052
0.84159
1.5651
0.093058
0.7564
0.26037
0.44877
0.81253
0.34642
0.12134
0.28103
1.2742
0.1188
0.22431
0.12041
0.091806
0.12534
0.12216
0.15191
1.3021
1.4341
0.13079
0.71296
0.19259
0.26907
1.2129
0.39431
0.12464
0.37742
0.20211
0.42038
1.0636
1.0635
0.11962
0.31078
1.0287
0.91763
1.0235
0.22929
1.537
0.15631
0.2709
0.44095
0.58518
0.042091
0.41551
0.083955
0.18039
0.10282
0.18677
0.085323
1.1045
0.42391
0.25062
0.1924
0.20827
0.16349
0.086959
0.6614
0.37223
0.10564
0.073796
0.36979
0.14978
1.1628
0.13348
1.1613
0.16794
0.43224
0.085317
0.16736
0.24164
0.13024
0.11838
0.18918
0.39048
0.10176
0.31322
0.35917
0.09065
0.12041
0.096445
0.14681
0.13551
0.40395
0.11005
0.6513
0.41556
1.145
0.16511
0.11065
0.071608
0.12321
0.70553
0.12118
0.30347
0.81676
0.33771
0.1412
0.13587
0.32508
1.1534
0.38305
0.282
0.072033
0.64201
0.21335
1.1062
0.35445
0.5174
0.85056
0.77321
0.11629
0.84512
1.0678
0.1086
0.52511
0.60766
0.43195
0.11196
0.19724
0.34923
0.20877
0.10146
0.20872
0.47688
1.1961
0.13604
0.15224
0.1256
0.0921
0.27841
0.20532
0.12943
0.1451
1.2002
0.81452
0.44048
0.35489
0.47833
0.14081
0.078982
0.79286
0.29998
0.25515
0.19714
1.1591
1.5786
0.2486
0.38488
0.29247
0.4724
0.92982
0.36469
0.14892
0.13559
0.15879
0.25204
0.80153
0.93476
0.12214
0.10888
0.17871
0.40269
0.17816
0.086211
0.26675
0.15344
0.29887
0.38932
0.21853
0.48479
0.50461
1.1478
0.089818
0.34367
0.84688
0.9174
0.21406
0.768
0.084467
0.11306
0.11875
0.23441
0.3485
0.11812
0.21692
0.34171
0.98795
0.081026
0.083515
0.59437
0.10672
0.1607
0.092661
0.19246
1.0234
0.088494
0.84239
0.96427
0.13812
0.07635
0.15502
0.29196
0.3439
0.72691
0.5266
0.26599
0.13734
0.51036
0.40077
0.092369
0.32882
0.4166
0.2005
0.29248
1.1129
0.57011
0.72735
1.4895
0.087613
0.11023
0.099903
0.41664
0.079796
0.15171
0.36332
0.21158
0.15545
0.24674
0.16796
0.96648
0.37526
1.1622
0.15856
1.3054
0.72453
0.45339
1.3719
0.11469
0.1834
0.22475
0.14779
0.53836
0.13217
0.18123
0.66841
0.84318
0.68173
1.0957
0.46789
0.096832
1.1294
0.25639
0.23707
0.084056
0.40948
0.40303
0.47766
0.46159
0.21478
0.074747
0.92294
0.24281
0.7569
0.15822
0.28097
0.13677
1.1141
0.16595
0.11182
0.71101
0.098218
0.32789
0.18515
0.5011
0.8535
1.7222
0.72957
0.23425
0.49151
0.16612
0.72919
0.091875
0.49069
0.2631
0.88927
0.12486
1.5179
0.55988
0.19997
0.059044
0.13216
0.083163
0.27415
0.24126
0.34787
0.19983
0.18596
0.14456
0.098382
0.54409
0.33012
0.72947
0.15577
0.075715
1.4003
0.521
0.24
0.54843
0.1171
0.069113
0.88414
0.084796
0.15694
0.075957
0.35705
0.15445
0.82837
0.20794
1.2696
0.31625
0.86352
0.13853
0.093281
0.12659
0.47977
0.24721
0.15438
0.45929
0.70075
0.97141
0.73907
0.15536
0.11183
0.163
0.58728
0.13072
0.152
0.14077
1.5718
1.1384
0.13606
0.60459
0.37445
0.099225
0.076569
1.1933
0.1332
0.229
0.094954
0.064699
0.16029
0.14945
0.13326
0.67794
0.3026
0.095266
0.10415
0.079258
0.29794
1.0655
0.42047
0.52352
0.26766
0.4221
0.76683
0.91507
0.08773
0.076751
0.16214
1.242
0.36783
0.15497
0.15697
0.73722
0.31222
0.12727
0.87371
0.4908
1.268
0.085499
0.19409
0.72842
0.065666
0.20313
1.0598
0.13624
0.11838
1.0756
0.32212
0.21808
0.068677
0.83544
1.239
0.16317
1.1808
0.098335
0.30994
0.20693
0.15236
0.57012
0.40456
0.096605
0.78961
0.36374
0.39101
0.89519
0.42997
0.098137
0.41867
0.18334
0.18086
0.87436
0.21028
0.91123
0.21515
0.56535
0.09945
0.88335
0.24698
0.84983
0.12115
0.73445
1.0381
0.28975
1.0592
0.35971
0.065743
0.12724
0.52567
1.3342
0.14345
0.73739
0.59142
0.19629
0.14449
0.36798
0.5144
0.47124
0.37831
0.42426
0.12519
1.1572
0.24991
0.79528
0.14737
0.24622
0.19334
0.53137
0.55132
0.21516
0.30326
0.45746
0.72858
0.075394
0.11401
0.48894
1.1179
0.20425
0.22829
1.3711
0.14382
0.65413
1.2017
0.91223
1.5949
1.2007
0.23403
0.10304
0.10617
0.90484
1.1267
0.29562
0.14789
0.47632
0.65732
0.57045
0.35305
0.30716
0.68967
0.5334
1.318
0.35117
0.17465
0.22662
0.12716
0.15707
0.19247
1.1541
0.14353
0.81002
0.081748
0.19119
1.1642
0.30641
0.40088
0.18858
0.53557
0.96362
0.85221
0.34952
0.24178
0.28242
1.1872
0.19209
0.6693
0.1811
0.23116
0.43792
0.59576
0.81148
0.29561
0.96224
1.0669
0.20125
0.68242
0.96587
0.085045
0.20512
0.36871
0.97305
0.093885
0.20726
0.37972
0.10441
1.0076
0.12434
0.28359
0.46397
0.23566
0.26243
0.17491
0.23564
0.096949
0.40254
0.48746
1.4249
1.2339
0.16611
0.60932
0.38822
0.33136
0.19431
0.14327
0.56306
0.18071
0.57643
0.16115
0.93647
1.0239
0.16822
0.12558
0.11064
0.13841
0.62574
0.26525
0.098395
0.15431
0.3266
0.44782
0.11778
0.69033
0.2848
0.99844
0.7334
0.077153
0.61645
0.15076
0.49736
0.102
1.0076
0.23092
0.23641
0.17332
0.078011
0.20273
0.29989
0.37169
0.1556
0.19635
0.69791
0.96025
0.12868
0.10963
0.12235
0.20032
0.48396
0.074004
0.19841
0.65522
0.47488
0.12452
0.66677
0.37572
0.51276
0.48451
0.42687
0.52309
0.096193
0.81534
1.0758
0.12712
0.10308
1.1571
0.57608
0.85581
1.073
0.36943
0.19507
0.096451
0.21067
1.0311
0.62256
0.53371
0.58121
0.60378
0.40406
1.0674
0.77064
0.065536
0.92011
0.30247
1.0426
0.65869
0.59469
1.1429
0.97529
0.13442
0.78358
0.21496
0.37641
0.13589
1.1922
1.3857
0.058287
0.44424
0.092672
0.096573
0.79846
0.14054
0.23505
0.82895
1.1578
0.11086
0.16104
0.15693
0.10722
0.2483
0.57867
0.40944
0.10375
0.23754
0.18845
0.33456
0.11239
0.46637
0.10057
1.2887
0.6937
0.10727
0.33299
1.13
0.71694
0.93063
0.53489
0.48514
0.33113
0.97862
0.19086
0.093814
0.2513
0.46077
0.19326
0.73942
0.90911
0.1706
0.46012
0.10797
0.11307
0.69225
1.1915
0.095336
0.2509
0.11086
0.17197
0.40446
0.10976
0.8105
0.17609
0.53037
1.2039
0.29507
0.82187
0.16345
0.61606
0.13324
0.094534
0.52147
1.0707
0.21183
0.25464
0.082149
1.1521
0.44945
0.15362
0.15601
0.067177
1.0692
0.10052
1.0416
0.58679
0.10532
0.38065
0.2346
0.33716
0.37775
0.12792
1.5385
0.38043
0.11379
0.11746
0.16861
1.6587
0.85173
0.28329
0.19479
1.0912
1.0085
0.14414
0.081556
0.40594
1.6132
0.35928
0.51673
0.18665
0.27608
0.9643
0.21874
0.84379
0.49515
0.34553
0.20003
0.40477
0.10904
0.37283
1.4064
1.2885
0.091446
0.77601
0.096054
0.10689
0.097814
0.3513
1.1067
0.098008
0.99502
1.0446
0.1598
0.1225
0.4413
0.53918
0.14196
0.18851
0.21318
0.12401
0.87279
0.57022
0.11986
0.098301
0.52676
0.088392
0.076948
1.6527
0.77309
0.32492
0.32274
0.73458
0.59801
0.43946
0.074498
0.26758
0.76339
0.95346
0.44619
0.16198
0.5166
0.078703
0.23816
0.094554
0.4072
1.1161
0.25499
0.83502
0.065787
0.21782
0.068949
0.19454
0.14339
1.1784
0.12532
0.10637
0.1339
0.13238
0.10396
0.15746
1.1278
0.30596
0.17463
0.51289
0.15218
0.30048
0.83645
0.38425
0.19414
0.08502
1.1212
0.25487
1.1325
0.84649
0.090914
0.091431
0.15017
0.78495
0.19206
1.2345
0.75036
0.79711
0.094781
0.38869
0.74962
1.0618
0.094406
0.25931
1.1151
0.20459
0.1565
1.2322
0.7721
0.13604
0.50353
0.75682
0.06354
0.25407
0.12767
0.88411
0.8746
0.15576
0.26619
0.081878
0.69663
0.50292
0.28383
0.20912
0.32009
0.29058
0.13476
0.16381
0.30533
1.0777
0.30265
0.93308
0.24312
1.1434
0.26568
0.43189
0.85852
0.18775
0.34452
0.083654
0.12203
1.2254
1.0116
1.0162
0.56582
0.14145
0.34461
1.164
0.70547
0.68162
0.35532
0.69593
0.18355
0.61059
0.2166
0.26349
0.79543
0.13449
0.1701
0.16336
0.31806
0.092046
0.45912
1.2941
0.96475
0.23722
0.13408
1.2094
0.58654
0.53637
0.15062
0.68318
0.10975
0.6855
0.3844
0.11823
1.0166
0.11113
0.78232
0.81029
0.24414
0.093465
1.3498
1.0218
0.70771
0.66972
0.22844
0.47125
0.089687
0.51229
0.74288
0.2454
0.18855
0.26077
0.11436
1.4702
0.11069
0.14768
1.131
0.18522
0.095316
0.068162
0.79268
1.1656
0.28017
0.23173
0.086585
0.82796
0.94413
0.38843
0.21679
0.57152
0.40037
0.064472
0.97275
0.94093
0.64012
0.34875
0.41134
0.72346
0.19534
0.39399
0.15077
0.14342
0.10177
0.20619
0.25595
0.25372
0.8502
0.77404
0.35318
0.20105
0.81326
0.19188
0.25748
0.14285
0.87607
0.30942
1.3949
0.63917
0.47482
0.88285
0.17115
0.19
0.58277
0.092935
0.1249
0.22306
0.43122
0.36997
1.0123
0.25711
0.31869
0.63906
1.1958
0.33975
1.0007
0.28922
0.41671
0.13279
0.35493
0.70837
0.46093
0.43004
0.1539
0.19143
0.40279
0.47095
0.92499
0.10499
0.36417
0.098993
0.61135
0.14004
0.079809
1.1078
0.080853
0.3716
0.070932
0.60033
0.076036
0.17729
0.20875
0.73178
0.1459
0.72338
0.44626
0.15087
0.73397
0.25304
0.47361
0.44797
0.13112
0.90143
0.44745
0.091275
0.34847
0.17892
0.29637
0.20503
0.25173
0.08802
0.20153
0.25798
0.40897
0.55015
0.28996
0.12125
0.061344
0.11073
0.098961
0.13288
0.17053
0.36423
0.10341
0.10054
0.13005
0.17546
0.10498
0.15121
0.90029
0.081297
0.67208
0.075312
0.47072
0.28265
0.52491
0.54011
0.96565
0.085247
0.20181
0.30651
0.18678
0.12871
0.23084
0.24466
0.70903
0.47899
0.30366
0.15254
1.2189
0.67942
0.071762
1.2311
1.1521
0.8414
0.29396
0.35063
0.24721
0.53937
0.094642
0.13877
1.1839
0.86238
0.08553
0.44117
0.20187
0.74499
0.079876
0.10816
0.9833
0.317
0.21238
0.5917
0.099373
0.14781
0.17725
0.23224
0.37967
0.43663
0.092716
0.30041
0.88386
1.1379
0.15814
0.12898
1.1423
0.1289
0.12883
0.099419
1.3118
0.5685
0.1142
0.2323
0.42591
0.12546
0.19333
0.076211
0.11866
0.29766
0.45256
0.94238
1.2215
0.99423
0.70325
0.64473
0.14657
0.73565
0.21982
0.17124
0.28621
0.099817
0.35864
1.0161
0.14066
0.74623
0.18999
1.5836
0.12252
0.8894
0.29292
0.29653
0.49006
0.094244
0.43942
0.077482
0.40912
0.37427
0.41367
0.11514
0.17374
1.0611
0.48071
0.16424
0.6181
0.15603
0.099547
0.85752
0.54819
0.4369
0.1092
0.20328
0.40233
0.62867
0.20164
0.45305
0.23093
0.35149
0.37019
0.48387
1.2432
0.15181
0.090678
0.24052
0.26228
0.10288
0.19478
0.20911
0.1729
0.071372
0.13324
0.16206
0.77839
0.15294
0.11904
0.23753
0.074477
0.20706
0.63085
0.24939
0.18212
0.46156
0.56852
0.33059
1.0556
0.14946
0.70912
0.18955
0.27929
0.1148
0.072523
0.13056
0.90403
0.10016
0.35564
0.67761
1.2624
0.26391
1.0562
0.083093
0.087699
0.96069
0.91718
0.71131
0.53013
0.82452
0.7017
0.19919
0.389
0.20543
0.40988
0.089893
0.07933
0.24997
0.1804
0.14127
0.7642
0.62141
0.25328
0.34092
0.43845
0.49478
1.0368
0.063364
0.093481
0.82901
0.13671
1.2551
0.75371
0.15292
0.83912
0.2182
1.0732
0.14064
0.70695
1.1183
0.5309
0.41665
0.098724
0.34628
0.12367
0.31272
0.1863
0.16506
0.1618
0.20198
0.50569
0.15263
0.16369
0.63385
0.089694
0.13522
0.065865
0.3923
0.43719
0.6897
0.42222
0.090053
0.14392
0.26907
0.36446
0.11076
0.1066
0.10277
1.065
0.11332
0.092675
0.22799
0.27891
0.29182
0.35765
0.13873
0.1159
1.2207
0.63355
0.96252
0.1304
0.16332
1.1413
0.10688
1.1315
1.2497
0.93748
0.57108
0.62367
0.21198
1.0696
1.2691
0.16381
0.083042
0.52412
0.1471
1.1285
0.70881
0.16815
0.69422
0.15371
0.70797
0.08857
0.1565
0.20053
0.13164
0.47805
0.23744
0.24196
0.27079
0.10481
0.086291
0.48029
0.063514
1.4149
0.15738
0.15173
0.36448
0.14185
0.74055
0.34866
0.13466
0.14092
0.41114
1.0905
0.23082
0.15715
0.17467
0.17628
0.12947
0.1802
0.9849
0.54493
0.10312
0.20022
0.097749
0.32334
0.087487
0.96172
0.14761
1.222
0.28113
0.14888
0.19762
0.15129
0.34219
0.43632
0.18554
0.34411
0.37958
0.91719
0.1746
1.205
0.56244
0.24195
0.15924
1.0966
1.1594
0.2155
0.10344
0.21697
0.83493
0.71601
0.11705
0.25211
1.1002
0.16158
1.1228
0.080987
0.089331
0.20979
0.56027
0.45068
0.25352
1.463
0.13066
1.6333
0.14024
0.89426
0.26809
1.0464
0.11899
0.29454
1.0106
0.18753
0.13989
0.56981
0.092401
0.97702
0.90565
0.34411
0.19402
1.2385
0.90587
0.1311
0.24123
0.25521
0.58078
0.08697
0.1534
0.090404
0.56408
0.11442
1.0689
0.93817
0.53857
0.21923
0.14147
0.12284
0.064226
0.3895
0.60761
0.093371
0.67406
0.4019
1.0856
0.84511
0.36247
1.2332
0.20376
0.34859
0.60606
0.26524
0.11166
0.39265
0.9745
0.13996
0.20565
0.22202
1.4445
0.1609
1.0306
0.19853
0.2672
0.23175
0.086447
0.70552
0.2551
0.22886
0.20425
0.16662
0.16656
1.0534
1.0596
0.68271
0.097701
0.77494
0.43152
0.34351
0.10146
0.34292
0.1555
0.10799
0.19601
0.18939
1.2207
0.085107
0.075291
0.669
0.84012
0.72829
0.079118
0.34603
0.33283
0.74169
0.27478
0.10863
0.15302
0.12316
0.18657
0.65818
0.294
0.94658
0.17479
0.19784
0.14146
0.32869
0.1753
0.97981
0.45719
0.12987
0.2783
0.58433
0.4949
1.1564
0.25666
0.88534
0.61159
0.22539
0.093286
0.22459
0.38273
0.54493
0.20698
0.54694
1.6705
0.42977
0.48515
0.85229
0.27362
0.2979
0.14193
1.1549
0.27823
1.1566
0.43315
0.53512
0.72133
0.11896
0.49434
0.30899
0.57572
0.16981
0.16723
0.34858
0.22233
0.17016
0.32389
0.40941
0.31603
0.1925
0.14518
0.074981
1.0449
1.1091
0.096018
0.34123
0.10394
0.87345
0.21096
0.81055
0.12337
0.073742
0.13594
0.11422
0.12842
0.19442
0.88654
0.9707
0.093614
0.045069
0.39332
0.32089
0.06624
0.50488
0.25349
0.72886
0.36868
0.80187
0.10624
0.93303
0.38374
1.1447
0.14452
0.38704
0.20202
0.25159
0.13122
1.1097
0.10459
0.088972
0.21136
0.82402
0.34234
0.14319
0.17112
0.32669
0.55072
0.35265
0.17986
0.22554
0.16666
0.35145
0.37475
0.35673
0.11375
0.1263
0.76228
0.32194
0.32347
0.36058
0.50439
1.0958
1.1136
0.88505
0.58691
0.9847
0.38105
0.1171
0.43862
0.1777
0.54995
0.31205
0.84192
0.63804
0.10851
0.85087
1.0834
0.09938
0.49544
0.64221
1.4407
0.16918
0.12517
0.18165
0.092512
0.23253
1.0419
0.11511
0.6877
0.23631
0.85719
1.173
0.26187
0.1312
0.671
0.15579
0.17569
0.11102
0.13135
1.1905
0.48927
0.1974
0.12851
0.13317
0.11679
0.55611
0.79245
0.18403
0.15568
0.20926
0.89535
0.7723
0.12668
0.46385
0.1472
0.085443
0.42678
0.55448
1.2242
0.072162
0.4201
0.3002
0.14636
0.58444
0.45962
1.3069
0.2911
0.14382
0.1362
0.090403
0.35487
0.45202
0.12467
0.29721
0.63371
0.84336
0.89202
0.17808
0.19442
0.19392
0.71805
0.20327
0.70454
0.090039
0.59551
0.19297
0.10766
0.079332
0.16878
0.56429
0.23231
0.17186
0.42507
0.75846
0.44157
0.27114
0.34907
0.038607
0.28889
0.08566
0.083001
0.59094
0.83256
0.97313
0.1946
0.26292
0.18394
0.13432
0.084886
0.39343
0.93467
0.11109
0.26533
0.6429
0.14484
0.4148
0.24118
0.30645
0.56906
1.0118
0.14312
0.2144
0.27384
0.14571
0.26848
0.13646
0.16656
0.32
0.32416
0.69603
0.12867
0.26174
0.12003
0.5116
0.48525
0.8579
0.40623
0.18194
0.23788
0.093288
0.069622
0.41817
0.31114
0.13376
0.51766
0.11148
0.43966
0.1523
1.0698
0.12666
0.43826
0.24614
0.6648
0.71192
0.090724
0.28413
0.57785
0.35541
0.27382
1.283
0.33332
0.77264
0.4002
0.63956
0.62203
0.19182
0.19124
0.093844
0.19823
0.14351
0.2007
0.18497
0.17906
0.47016
0.22908
0.15251
0.26219
0.39485
0.18601
0.41435
0.20916
0.13169
0.14228
0.15546
0.44898
0.081715
0.083291
0.47271
0.56927
0.11096
0.13968
1.1094
0.27129
0.77966
0.60617
0.2392
0.77054
0.21552
0.69438
0.40697
0.15714
0.33401
0.07315
0.091084
0.45607
0.32421
0.31589
0.17017
0.16989
0.17704
0.12684
0.3227
0.10231
0.21118
0.35983
0.31771
0.36333
0.12623
0.095509
0.18479
0.1044
0.1497
0.075637
0.24219
0.38114
0.52933
0.10173
0.20287
0.26353
0.10832
0.092755
0.69722
1.0758
0.13541
1.1286
0.20735
0.12621
0.22609
0.92823
0.3939
1.075
0.38346
1.006
1.1789
0.51201
0.1522
0.16492
0.45315
0.16843
0.16184
0.13426
0.15998
0.83674
0.78994
0.42558
1.6538
0.76908
1.0475
0.47271
0.51005
0.25409
0.18475
0.084562
0.12803
0.063962
0.13506
0.51644
1.1188
0.63798
0.27012
0.26441
0.17899
0.15358
0.10277
0.23052
0.28178
1.0262
0.1067
0.82253
0.36025
0.14091
0.31724
0.18036
0.76717
0.18164
0.44299
0.12029
0.81213
0.59272
0.17861
0.18989
1.3345
0.26521
0.33454
0.17093
0.17827
1.1268
0.91979
0.31228
0.12655
0.25876
1.0084
0.10804
0.083532
0.26565
1.068
0.66045
0.94466
0.14273
0.37833
1.4562
0.18158
0.20498
0.1235
0.12921
0.73035
0.14549
0.33682
0.95463
0.20092
1.1615
0.23533
0.12584
0.14511
1.3875
1.0059
0.37195
0.26519
1.2396
0.32618
0.17083
0.33678
0.1171
0.62438
0.090529
1.1463
0.11865
0.10108
1.0352
0.16398
0.35069
0.77464
0.4347
0.13115
0.16735
0.20974
1.1036
0.28605
0.41023
0.15985
0.1547
0.10672
0.22855
0.78406
0.06635
0.18363
0.10415
0.21965
0.64128
0.4381
0.32008
0.42877
0.16862
0.29875
0.095982
0.11346
1.0056
0.94398
0.22046
0.24803
0.20046
0.36861
0.1342
0.90963
0.21948
0.11546
0.16646
0.0815
0.30371
0.36474
0.2581
0.67837
0.10007
0.070628
0.24013
0.43227
0.18129
0.09727
0.31045
0.5039
0.1239
0.57639
0.25438
0.45356
0.14268
1.1015
0.39889
0.21685
0.14368
0.39421
0.52778
0.92831
0.070228
0.20003
0.88039
0.12382
0.11028
0.096136
0.18835
0.61086
0.93654
0.18837
0.13403
0.099322
0.89139
0.1929
0.23109
0.8304
1.1874
1.2589
0.38924
0.12626
0.49025
0.66138
0.27094
0.17157
0.47708
0.11726
0.23542
0.34905
0.19113
0.065738
0.90879
0.55179
0.77206
0.15503
1.1687
0.52212
0.16454
0.43217
0.22874
0.48908
0.13822
0.073514
0.6259
0.60722
1.4468
0.10429
1.2013
0.13074
0.36542
0.25696
0.0574
0.52338
0.94686
0.49821
0.79067
0.19459
0.077269
1.074
0.65324
0.15771
0.16763
0.10841
0.20695
0.35956
0.52918
0.64297
1.1793
0.1334
1.3231
0.27479
0.12675
0.25891
0.7727
0.12501
0.26012
0.78813
0.20899
0.11246
0.21885
0.26792
0.69072
0.10718
0.13724
0.21146
1.1852
1.088
0.14616
0.078698
0.15452
0.18754
0.11445
0.15896
0.10071
0.09374
0.55298
0.27988
0.21319
0.74871
0.40127
0.10033
0.35067
0.33919
0.084817
0.13594
0.091654
0.079678
0.1359
0.91589
0.56137
0.10706
0.43627
0.11659
0.80803
1.2069
0.06526
0.38
1.0677
0.77887
1.3705
0.12834
0.63865
0.20019
0.13617
0.11152
0.27414
0.42995
0.71283
0.10564
0.73836
0.12274
0.079102
1.0894
0.40771
1.0803
0.41361
0.27894
1.1311
0.28683
0.32153
0.30149
0.18761
0.77074
1.1941
0.1609
0.26946
0.26707
1.2134
0.23645
1.1725
0.50524
0.13598
1.6411
0.089604
0.69337
0.25361
0.4267
0.11501
0.46134
0.40867
1.2765
0.19107
0.20174
0.37619
0.18438
0.44903
0.29557
0.79487
0.43209
0.55691
1.2801
1.3983
1.2742
0.1188
0.22431
0.12041
0.091806
0.12534
0.12216
0.15191
1.3021
1.4341
0.13079
0.71296
0.19259
0.26907
1.2129
0.39431
0.12464
0.37742
0.20211
0.42038
1.0636
1.0635
0.11962
0.31078
1.0287
0.91763
1.0235
0.22929
0.28689
0.58827
0.2709
0.1809
0.12712
1.1744
1.0176
0.52259
0.088196
0.70563
0.36818
0.46486
1.2591
0.35805
0.22651
0.23688
0.27472
0.47743
0.2494
1.0645
0.35113
1.659
0.16354
0.89467
0.082291
0.84636
0.68689
0.089621
1.0811
0.16101
0.77933
0.21325
0.24164
0.38204
0.59755
0.49536
0.21372
0.15356
0.19282
1.1294
0.15784
0.78845
1.1919
0.11794
0.19039
0.12708
0.11056
0.6513
0.89438
0.075163
0.3565
0.14629
0.11787
0.50796
0.70553
0.65525
0.090015
0.11819
0.3324
0.66523
0.1337
0.31288
1.1534
0.28428
0.42359
0.85727
1.1755
0.36908
0.27117
0.26692
0.081019
0.50741
0.074156
0.20901
1.0041
0.32384
0.18216
0.84953
0.62731
0.17763
0.41356
0.80093
0.29562
0.25421
0.27115
0.20872
0.21213
1.1963
0.073278
0.47359
0.25828
0.93122
0.21371
0.3613
0.12943
0.41568
0.13608
0.24118
0.44048
0.4409
0.13364
0.4602
0.30192
0.066023
0.29998
0.12029
0.24927
0.23885
0.083403
0.11916
0.47658
0.12446
0.72381
0.10347
0.43854
0.12304
1.2362
0.15876
1.0239
0.66575
0.12646
0.72877
0.16612
0.29062
0.12977
0.17698
0.086211
1.286
0.15344
0.63395
0.25438
0.26811
0.48479
0.19511
0.11343
0.10377
0.12847
0.31104
0.2191
0.69989
0.35651
0.18515
1.1141
0.3517
0.51246
0.32876
0.099116
0.17311
1.2565
0.36466
1.2547
0.24521
0.56955
0.16319
0.1607
0.096793
0.93091
0.083369
0.20988
0.84239
0.12204
0.10441
0.79038
1.2355
0.26722
0.083092
0.72691
1.0138
0.093858
0.27507
0.1781
0.53668
0.61215
0.3763
0.14594
0.25408
0.086758
1.1129
0.31045
0.064535
0.19696
0.67725
1.4997
1.0026
0.2773
0.11673
0.56021
0.2096
0.1436
0.17892
0.088018
0.37686
0.3813
1.3159
0.66911
0.75243
0.41274
0.52043
0.31089
0.085064
0.10502
0.085495
0.39909
0.14779
0.10983
1.1167
1.3807
0.66841
0.55263
0.10408
0.37701
0.18958
1.1245
0.25149
0.25639
0.19902
0.54681
0.071991
0.98771
0.25013
0.095028
0.30526
0.25819
0.3186
0.34865
0.9736
0.46496
0.63576
0.49611
0.45936
0.12627
1.0152
0.16954
0.15574
0.11685
0.18515
0.11496
0.8535
0.12478
0.72957
0.23425
0.25467
0.074118
0.72919
0.91692
0.52896
0.26255
0.19133
0.70452
0.1583
0.20877
1.0616
1.1438
0.4323
1.2058
0.40808
0.30898
0.34787
0.18514
0.35468
0.14456
0.25154
0.35165
0.36919
0.91461
0.24507
0.092651
1.2142
0.23381
0.24251
0.54843
0.26765
0.098067
0.63906
0.35923
0.13026
0.92901
0.098748
0.15445
0.14105
0.49967
0.44488
0.925
1.0894
0.59592
0.10805
0.067835
0.20562
0.55033
0.11549
0.10642
0.50358
1.209
0.78722
0.71421
0.67803
0.163
0.19969
0.075569
0.152
0.35577
0.45347
0.48302
0.26982
0.82288
0.12561
0.21265
0.10185
0.73861
0.55837
1.0623
0.18937
0.65137
0.25979
0.29811
0.21346
1.4137
0.3026
0.24798
1.0752
0.33828
0.29794
0.078394
0.39832
0.52352
0.21475
0.40257
0.6753
0.44709
0.70236
0.076751
0.10476
0.55713
1.1196
0.099473
1.202
0.73722
0.26499
0.15035
0.84744
0.4908
0.19386
0.085499
0.21181
0.72842
0.12865
0.39188
0.78589
0.60967
0.24799
0.29608
1.353
0.2441
0.093078
0.38025
0.3028
0.14258
0.13259
0.66499
1.0735
0.24862
0.50901
0.23769
0.40456
0.15988
0.15557
0.1384
0.3273
0.10687
0.10684
0.080291
0.13737
0.35982
0.0983
0.082215
0.21028
0.097959
0.075244
0.2505
0.06643
0.32216
0.15036
0.17215
1.032
1.0524
0.11016
1.0549
0.5114
0.54785
0.12804
0.12301
0.06772
0.33628
0.1079
0.16005
0.59142
0.24367
0.086152
0.89785
0.67954
1.0021
0.20425
0.26148
0.12519
0.44721
1.222
0.14488
0.21571
1.3266
0.25093
0.24743
0.26855
1.113
0.12582
0.86283
0.083002
0.12395
0.31944
1.0326
0.26324
0.15474
1.2324
0.40916
0.18666
0.99385
0.29579
0.17613
0.38918
0.61503
0.23403
0.10304
0.29273
0.90484
0.51003
0.29562
0.1048
1.1341
0.080391
0.20933
0.35366
0.23243
0.24308
0.21642
0.101
0.43665
0.11351
0.76627
1.0309
0.1212
0.23414
1.1541
0.096224
0.38124
0.69337
0.07591
1.2304
0.30641
0.83838
0.65847
0.53557
0.17655
0.18079
0.44997
0.26636
0.10785
0.13698
0.19209
0.15412
0.1811
0.82742
0.14118
0.59576
0.25785
0.95627
1.0779
0.62877
0.20125
0.68242
0.16928
0.085045
0.92141
0.66833
0.084233
1.2746
0.16615
0.12294
0.14737
0.095103
0.12794
0.14608
0.41125
0.88482
0.42453
0.21837
0.16905
0.19115
0.20865
0.39344
0.096522
0.63386
0.095599
0.45359
0.29415
0.15035
0.30423
0.14327
0.090793
0.19853
0.12531
0.20996
0.27126
0.22102
1.0712
0.28201
0.08086
0.2284
0.71439
0.2405
0.41314
0.078963
1.0942
0.44782
1.2689
0.72634
0.17664
0.16279
1.0311
0.14031
0.61645
0.27213
0.24277
0.094621
0.53997
0.39555
0.93468
0.52371
0.14557
0.11067
0.13578
0.37169
0.71123
0.067747
0.47951
0.96025
0.12868
0.28273
0.99294
0.093741
0.84106
0.22683
0.71356
0.29106
0.91678
0.12452
0.35882
0.68696
0.28319
0.27105
0.30063
0.88952
0.99809
0.85925
0.15648
0.12712
0.381
0.094677
0.37135
0.47239
0.11205
1.0698
0.16334
0.18146
1.3125
0.33254
0.32611
0.19863
0.11968
0.42325
0.66522
0.19234
0.11435
0.1001
0.15047
0.43066
0.10613
0.81306
0.80479
0.21256
0.26058
1.3232
0.17238
0.32708
1.0815
0.12092
0.25947
0.09656
0.9476
0.10438
0.22958
0.11531
0.61206
0.16534
0.10795
0.35839
0.1381
0.37313
0.12304
0.088074
0.32321
0.74826
1.1429
0.63531
1.0323
0.15642
0.69082
0.91357
0.11239
0.86874
0.10441
0.51982
0.13623
0.28221
0.11498
1.13
0.10958
0.30936
0.12868
0.12893
0.19816
0.97862
0.10238
0.42028
0.55682
1.085
0.13747
0.38302
0.18436
0.13152
0.46012
0.082494
0.30804
0.12697
0.15377
0.25244
0.68008
0.34471
0.52483
0.20059
0.089918
1.2844
0.56078
0.53037
0.36971
0.08778
0.41282
0.080143
0.41522
0.37198
0.088254
0.38776
0.11197
0.098681
1.1018
0.082149
0.17231
0.88084
0.87616
0.15601
0.48029
0.22846
0.10052
1.0416
0.41596
0.13043
0.92293
0.11883
0.81077
0.41828
0.47591
0.081241
0.13989
0.074123
0.16214
0.2893
0.092518
0.15618
0.72867
0.13679
0.13256
0.09012
0.53064
0.32102
1.0574
0.16697
0.16991
0.09462
0.5566
0.27608
0.12325
0.68246
0.84379
0.49515
0.90956
1.1639
0.40477
0.62526
0.61626
1.4064
0.42664
0.22785
0.079399
0.49428
0.33034
0.29891
0.21717
0.14052
0.41047
0.12248
0.13046
0.1598
0.33159
1.0935
1.2081
0.55719
0.37103
0.13334
0.099111
0.26915
1.1865
0.14539
0.098301
0.70892
0.088392
0.10516
0.4354
0.11796
0.4279
1.0616
0.73458
0.09785
0.89278
0.099054
1.043
0.46354
0.48598
0.80396
0.20891
0.5166
0.63529
1.0378
0.42532
0.090956
0.4956
0.36972
0.15793
0.16498
0.35322
0.94467
0.18787
1.2118
0.16917
0.22292
0.19261
0.42788
0.30124
1.0252
0.16472
0.13022
0.10063
0.55627
0.23023
0.61902
0.26293
1.2785
0.24399
0.42735
0.18001
1.1212
0.29916
0.32937
0.21687
0.34785
0.091431
0.84739
0.78495
0.16433
1.2123
0.22291
1.1465
0.094781
1.0746
0.38089
0.65537
0.69978
0.1375
0.1365
0.67167
0.18032
0.13759
0.45378
0.10028
0.13395
0.58729
0.13518
0.094236
0.82404
1.1718
0.32863
0.13723
0.094138
0.69143
0.11981
0.12805
0.7935
0.16756
1.2539
0.17445
0.48295
0.097389
0.37263
0.20265
0.55494
0.93308
0.8157
0.87052
0.081895
0.47032
0.41955
1.2893
0.16407
1.2596
0.12203
0.15222
1.4487
0.13378
1.1213
0.26249
0.85706
0.43082
0.086129
0.082789
1.1945
0.9797
0.21462
0.2978
0.66437
0.5246
0.094591
0.29501
0.28127
0.077301
0.23352
0.18534
0.65375
0.1136
0.077383
0.65812
0.76312
0.65399
0.58654
0.38966
0.328
1.171
0.11155
0.6855
0.86306
1.0501
0.52359
0.57254
1.0669
0.25077
0.96534
0.12615
0.22404
0.39455
0.58669
0.95236
0.24781
1.1237
1.1527
0.22991
0.15892
0.55361
0.27929
1.5448
0.12126
1.1983
0.28502
0.14768
0.69844
0.094526
0.5763
0.93482
0.12043
0.083183
0.16192
0.70317
0.1304
0.33632
0.58138
0.080632
0.27372
0.48156
1.2786
0.83813
0.97275
0.94093
0.10739
0.081084
0.46259
0.096381
0.77504
0.15998
0.15077
0.40443
0.07886
0.78719
0.23393
0.6445
0.8502
0.77404
0.085567
0.073388
0.09241
0.19188
0.39352
0.96368
0.25784
0.30942
1.3949
0.76686
0.47482
0.65205
0.33598
0.17227
0.069076
1.4706
0.1249
0.94325
0.32613
0.084372
0.22827
0.26046
0.72468
0.59192
0.22883
0.33975
1.0007
0.38213
0.19707
0.13279
0.20082
1.221
0.98259
0.43004
0.093805
0.12528
0.95448
0.67447
0.71238
1.5317
0.35326
0.38686
0.61135
0.5923
0.48245
0.09375
0.13428
1.0434
0.82432
0.60033
0.6143
0.95315
0.1391
0.73178
0.1459
0.56335
0.086751
0.15087
0.12796
0.25304
0.27298
0.11573
0.13112
0.11312
0.74519
0.17764
0.34847
0.13537
0.093236
0.1982
0.1738
0.16817
0.15429
0.058792
0.24106
0.7119
1.0086
0.082134
0.74059
0.49523
0.072762
0.95403
0.12868
0.50654
0.57357
0.31307
0.13005
0.080228
0.10498
0.45288
0.28008
0.14986
0.10411
0.075312
0.11033
0.20711
0.4907
0.54011
0.086425
0.80331
0.27372
0.31604
0.18678
0.23789
0.37468
0.74197
0.88532
0.47899
0.18688
1.1327
0.095923
0.11239
0.44697
0.14188
1.1521
0.087634
0.25414
0.54808
0.29489
1.0009
0.41312
0.71125
0.14726
0.13374
0.08553
0.62733
0.3645
0.6066
1.5909
0.15666
0.9833
0.16537
0.088633
0.20599
0.2905
0.74367
0.19061
1.3661
0.2021
0.38615
0.45349
0.30041
1.0201
0.11672
0.15814
0.22871
0.48747
0.060501
0.28268
0.4867
0.28514
0.13629
0.20366
0.08146
0.22891
0.4803
0.19333
0.34836
0.63057
0.13084
0.95966
0.1862
0.12093
0.77597
0.48163
0.61232
0.13673
1.1513
0.26403
0.91608
1.1218
1.4275
0.22098
1.1988
0.072715
0.26555
0.14282
0.10253
0.15879
0.07862
0.16695
0.18821
0.15988
0.090008
0.38601
0.090575
1.0904
1.1197
0.16679
0.56042
0.44539
0.092411
1.487
1.236
0.28564
0.18493
0.22969
0.21062
0.18761
0.69537
0.57985
0.22261
0.3979
1.2505
0.20164
1.0507
0.12727
0.084869
0.85903
0.86492
0.33643
0.21828
0.85905
1.2387
0.11773
0.11457
0.31818
0.16941
0.14147
0.20309
0.20792
0.36564
0.2379
0.12432
0.11949
0.41757
1.0862
1.337
0.30906
1.0776
0.34641
0.46156
0.56852
0.14263
0.57185
0.17222
0.22151
0.28445
0.22287
0.1148
0.22514
1.0183
0.18633
0.37414
0.091073
0.70676
0.15931
1.2717
1.0562
0.45621
0.079577
0.10977
0.60998
0.10634
0.099108
0.82452
0.21417
0.2782
0.389
0.11072
0.33142
0.45765
0.44839
0.11498
0.25846
0.13491
0.82246
1.134
0.56034
0.73736
0.27735
0.13581
0.92417
0.11184
0.4362
0.063956
0.20345
0.12029
0.19932
0.55167
0.32491
1.1428
0.17294
0.42612
0.13344
0.1134
0.13932
0.37683
0.89603
0.092135
0.52418
0.089546
1.0554
0.12924
0.1266
0.27414
0.37415
0.46383
0.32116
0.12606
0.075614
0.086502
0.19852
0.59519
0.43719
0.18782
0.32386
0.26264
0.39018
0.83708
0.23049
0.094881
0.56394
0.85334
0.25076
0.11332
0.25965
0.33458
0.12128
0.29182
0.17393
0.16035
0.42621
0.2395
0.63355
0.6451
0.84925
0.31138
0.52514
0.89389
1.1048
0.091268
0.93748
0.15596
1.1889
0.20778
0.55397
0.97592
0.30497
0.99603
0.71748
0.16787
0.57934
0.52966
0.8266
0.69422
0.19636
0.27794
0.08857
0.34922
0.082474
0.92049
1.0954
0.42068
0.62278
0.076247
0.11702
0.11066
0.48029
0.87076
1.156
0.19191
1.0772
1.0728
0.27809
0.74055
0.11246
0.20317
0.1221
0.21701
1.0905
0.8315
0.097676
0.24486
0.17498
0.35609
0.1802
0.84665
0.84095
0.085748
1.0223
1.1502
1.0545
0.32521
0.40495
0.14761
0.47604
0.13704
0.2539
0.6538
0.099098
0.2464
0.21522
0.18554
0.21775
0.077455
1.1205
0.122
1.0481
0.20841
0.36754
0.08394
0.13271
0.91951
0.3095
0.20263
0.3761
0.16727
0.7805
0.11705
0.54948
1.1002
0.4469
0.60743
0.27012
0.28694
0.68031
0.55078
0.62414
1.2094
0.18021
0.22491
0.090822
0.15819
0.11139
0.39751
0.34295
0.21783
0.43535
1.0106
0.16962
0.069359
0.56981
0.69826
0.97702
0.09878
0.18692
0.41959
1.2385
0.90587
0.1311
0.32177
0.6559
0.38992
0.08697
0.29694
0.090404
0.56408
0.12552
0.17189
0.2282
0.37752
1.2103
0.087552
0.24713
0.064226
0.3895
0.21581
0.6398
0.080903
0.082754
0.16555
0.076375
0.35778
0.58591
0.52103
0.24289
1.2172
1.0887
0.11166
0.39265
0.17784
0.26847
0.16736
0.099497
0.24578
0.19256
0.1258
0.54654
0.075151
0.23175
0.65176
0.34594
0.22215
0.17014
0.63239
0.16662
0.09501
0.21804
0.53359
0.14576
0.35074
0.42562
0.24806
0.15197
0.44634
0.36291
0.069953
0.27933
0.11861
0.11817
0.17763
1.1139
1.0897
0.18831
0.10695
0.26267
0.079118
0.61504
0.14616
0.24117
0.29406
0.10752
0.11388
0.27791
1.1402
0.14578
0.294
0.16956
0.15981
0.9944
0.18441
0.11829
1.0073
0.99056
0.18451
1.2183
0.24004
1.1483
0.084044
0.11913
1.1437
0.16277
0.12336
0.40781
0.093286
0.1485
0.38273
0.45222
0.16425
0.55287
0.20712
0.69629
1.2073
0.25466
0.24434
0.065289
0.3242
0.084572
0.10946
0.11211
0.07854
0.59942
0.38558
0.11896
0.71712
0.86176
0.31085
0.12
0.72083
0.36609
0.22233
0.11814
0.874
0.091432
0.092815
0.1041
0.11136
0.15958
0.076427
0.15636
0.47212
0.088644
0.12345
0.23039
0.33481
0.093277
0.3173
0.28138
0.10093
0.39276
0.12842
0.44315
0.88654
0.85287
0.75073
0.18439
0.44548
0.10988
0.3242
0.17248
0.46415
0.097443
0.14735
0.82297
0.063735
0.93303
1.0276
1.1447
1.0711
1.2706
0.11353
0.18383
0.14187
1.1097
0.22458
0.70744
0.13406
1.1402
0.71767
0.081749
0.5528
0.089225
0.55072
0.98356
0.12925
0.17128
0.91601
0.15897
0.45911
0.49074
0.11375
0.12717
0.38621
0.95051
0.32347
0.84573
1.4852
0.96259
0.10248
0.89445
0.2187
0.11847
0.38105
0.10506
0.54975
0.16591
0.29213
0.44463
0.16785
0.22312
0.24056
0.18805
0.23032
0.25262
0.09742
0.79241
1.4407
0.21046
0.33564
0.18165
0.42508
0.81503
0.7081
0.24247
0.10885
0.19698
0.60651
0.1516
0.18834
0.49896
1.066
0.1974
0.68171
0.078382
0.12862
0.29581
0.48927
0.23965
0.78749
0.50413
0.45056
1.053
0.085655
0.6266
0.28999
0.090294
0.20182
0.73496
0.12668
0.46385
0.1472
0.31627
0.69126
0.27607
1.029
1.2275
0.94758
0.3002
0.17161
0.58444
0.27213
0.58399
0.78995
0.17722
0.10267
0.090403
1.2058
0.81035
1.1617
0.23124
0.57837
1.3112
0.89202
0.21359
0.54246
1.1007
0.71805
0.20327
0.3012
1.1515
1.2176
0.41036
0.11845
1.0668
0.093619
0.32012
0.19045
0.37833
0.079403
0.096183
0.71368
0.27114
0.7613
0.10178
0.32463
0.08566
0.14468
0.16915
0.57037
0.18726
0.524
0.068537
0.95851
0.13432
1.1779
0.10501
0.65749
0.37339
0.38385
1.1039
0.10434
0.1459
0.25807
0.98172
0.13896
0.45186
0.14312
0.56634
0.26855
0.10111
0.16383
1.3018
0.22252
0.1737
0.099649
0.51709
0.46497
1.0163
0.25584
0.75725
0.24975
0.11234
1.1153
0.24069
0.86122
0.97557
0.34555
0.22006
0.31114
0.34975
0.51766
0.097148
0.90082
0.27979
0.44121
0.23365
0.22983
0.33013
1.2176
0.71192
0.79002
0.16067
0.18068
0.31386
0.38331
0.16204
0.5397
0.16646
0.21229
0.078003
0.62203
0.14477
1.0142
0.45479
0.14943
1.1197
0.73871
0.057072
0.40534
0.22116
0.094692
0.35612
0.1039
0.093291
0.55656
1.0427
0.098355
0.16601
0.14228
0.14637
0.18391
1.217
0.083291
1.0965
0.083366
0.8927
1.1913
0.54525
0.66603
0.084141
0.39964
0.14573
0.20563
0.86506
0.69438
0.25704
0.55414
0.21999
0.07315
0.098896
0.60743
0.13829
0.20082
0.17023
0.046244
0.11051
0.40012
0.11581
0.10231
0.20582
0.12713
0.28277
0.58295
0.21489
0.3764
0.20411
0.38575
0.4358
0.075637
1.1672
1.0998
0.30862
0.14505
0.20287
0.30393
0.10189
0.11917
0.91081
1.153
0.41198
0.64145
0.10366
0.65034
0.84086
0.26856
0.14707
1.0564
1.2181
0.12344
0.31125
0.073332
0.1522
0.94826
0.45315
0.08865
0.091891
0.82858
0.15998
0.09388
0.29058
0.34991
1.6538
0.15745
0.13691
0.068006
0.26845
0.47121
0.18475
0.084562
0.13888
1.129
0.84827
0.15503
0.1426
0.16134
1.025
0.16544
0.22463
0.1004
0.87088
0.23052
0.078091
0.29753
0.39273
0.14728
0.51381
0.14091
0.93357
0.51756
0.34967
0.13325
0.098176
0.1962
0.74983
0.87429
0.17861
0.16062
1.3345
0.26521
0.33454
0.14721
0.9473
0.10642
1.2192
0.092327
0.46773
0.18115
0.27481
1.0991
0.3895
0.66934
1.068
0.62769
1.1817
0.64435
0.15438
0.23386
0.18158
0.36282
0.095125
0.11432
0.28399
0.66382
0.20342
0.95463
0.13496
0.66765
0.21367
0.17476
1.079
0.25866
0.071572
0.20592
0.20089
1.2396
0.35734
0.35997
0.68127
0.094836
0.15364
0.29904
0.13593
0.11865
0.4534
0.059812
1.4994
0.15972
0.77464
0.13134
0.32219
1.0324
0.38698
0.25272
0.60899
0.31119
0.33422
1.1311
1.1918
0.46136
0.78406
0.19537
0.079493
0.10415
0.21965
0.37077
0.4381
0.78146
0.18246
0.76657
0.91995
0.8314
0.40707
0.13127
0.18854
0.5485
0.9049
0.27024
0.17893
0.0814
0.16161
0.094295
0.14202
1.0688
0.0815
1.0959
0.36474
0.2581
0.10324
0.090239
0.5245
0.866
0.63211
0.11536
0.2161
0.42233
0.5039
0.70664
0.57639
0.21624
0.18656
0.23392
1.0427
0.061898
0.36516
0.15631
0.38959
0.52778
0.22428
0.070228
0.1635
0.068232
0.18762
0.11028
0.12654
0.18835
0.5414
1.1324
1.1825
0.70077
0.099322
0.49709
0.19041
1.2229
0.10208
1.1874
0.088757
0.35701
0.19844
0.16352
0.1821
0.60072
0.41291
0.12195
0.34769
0.92577
0.34905
0.19113
0.29779
0.084823
0.1514
0.14795
0.14879
0.11818
0.11403
0.18549
0.43217
0.81431
0.92324
0.17476
0.17509
0.96435
0.35919
0.73354
0.80464
0.16759
0.13199
0.32201
0.14216
0.44
0.19216
0.11298
0.12739
0.89994
0.078268
0.077269
0.21946
0.10891
0.11367
0.47251
0.10841
1.1766
0.11127
0.42326
0.9365
0.18436
0.26197
0.27421
0.070564
0.72585
0.16539
0.21662
0.65637
0.085007
0.78813
0.22749
1.1742
0.090458
0.10857
0.18661
0.16765
0.17277
0.24942
0.43936
0.43501
1.0104
0.076543
0.7425
0.18754
0.11445
0.15896
0.10071
0.09374
0.55298
0.27988
0.21319
0.74871
0.40127
0.10033
0.35067
0.33919
0.084817
0.13594
0.091654
0.079678
0.1359
0.91589
0.56137
0.10706
0.43627
0.11659
0.80803
1.2069
0.06526
0.38
1.0677
0.77887
1.3705
0.12834
0.63865
0.20019
0.13617
0.11152
0.27414
0.42995
0.71283
0.10564
0.73836
0.12274
0.079102
1.0894
0.40771
1.0803
0.41361
0.27894
1.1311
0.28683
0.32153
0.30149
0.18761
0.77074
1.1941
0.1609
0.26946
0.26707
1.2134
0.23645
1.1725
0.50524
0.13598
1.6411
0.089604
0.69337
0.25361
0.4267
0.11501
0.46134
0.40867
1.2765
0.19107
0.20174
0.37619
0.18438
0.44903
0.29557
0.79487
0.43209
0.55691
1.2801
1.3983
1.2742
0.1188
0.22431
0.12041
0.091806
0.12534
0.12216
0.15191
1.3021
1.4341
0.13079
0.71296
0.19259
0.26907
1.2129
0.39431
0.12464
0.37742
0.20211
0.42038
1.0636
1.0635
0.11962
0.31078
1.0287
0.91763
1.0235
0.22929
0.070182
0.33902
0.43581
0.11997
0.79901
1.0984
0.19192
0.91007
0.90862
1.4857
0.36818
0.10689
0.13458
0.21726
0.12946
0.32872
0.09253
0.10708
1.081
1.1654
0.35113
0.72941
0.13058
0.16588
0.20175
0.27549
0.56312
0.13405
0.070788
0.74668
1.1782
0.47814
0.8434
1.1667
0.40795
0.49536
0.14187
0.11963
0.19282
0.087119
0.17728
0.20519
0.84896
0.69171
1.0863
0.47713
0.12204
0.6513
0.249
0.3954
0.37685
0.19008
0.31333
0.97402
0.098765
1.0413
0.090015
1.2393
1.0736
0.095522
0.74698
0.24535
0.6957
0.58863
0.81118
0.064037
0.18378
0.16112
1.0984
0.52867
0.94877
0.17804
0.074156
0.24248
0.86991
0.096243
1.141
0.50749
1.6762
0.16044
0.41356
0.28553
0.29562
0.25421
0.084253
0.61257
0.30012
0.26442
0.073278
0.47359
0.25828
0.24295
0.30182
0.3613
0.12545
0.40076
0.20205
0.074399
0.44048
1.2191
0.42234
0.14007
0.10628
1.0389
0.28663
0.21205
0.18867
0.14289
0.083403
0.32197
0.32166
0.16332
0.33481
0.20519
0.60984
0.12475
0.1259
0.079889
0.12599
1.1557
0.11273
0.37378
0.2918
0.21423
0.59485
0.088722
0.48019
0.95826
0.47006
0.63395
0.05511
0.28788
0.99324
0.16631
0.45135
1.1794
0.18711
0.14612
0.2191
0.70724
0.091721
0.78905
0.11504
0.64685
0.16835
0.19783
0.36557
0.064572
0.5562
0.16839
1.1196
0.25192
0.082608
0.798
0.71362
0.13808
0.074131
0.41377
0.1963
0.1042
0.48155
0.2727
0.58778
0.26366
1.0824
1.1352
0.5614
0.31966
0.22436
0.59089
0.74773
0.10759
0.50864
1.1333
0.52795
0.084098
0.22466
0.15024
0.96419
0.19402
0.22956
0.077593
0.39625
0.15647
1.1668
0.23686
0.26573
0.93351
0.15131
0.86082
0.24441
0.20292
0.63752
0.08945
0.66911
1.6721
0.41274
1.0966
0.83832
0.71764
0.094857
0.085495
0.27595
1.114
0.10983
0.40671
0.49591
0.11749
1.3311
0.13048
0.12215
0.16307
0.34318
0.080119
0.68994
0.23752
0.54681
0.071991
0.040615
1.1251
0.29245
0.12815
0.17959
0.22099
0.083831
0.38351
0.46496
0.43805
0.49611
0.089258
1.2711
0.26847
0.16954
0.90525
0.77634
1.3887
0.11496
0.20437
0.72974
0.22774
0.61525
0.16864
0.14314
0.73086
0.32619
0.99653
1.5068
0.81836
1.4153
0.18185
0.25096
0.23059
0.36426
0.41656
0.087226
0.5712
0.24597
0.59072
0.8335
0.12299
0.10466
0.093909
0.23291
0.11355
0.14801
0.12153
0.28765
1.4262
0.31368
0.30147
0.54843
0.12495
0.11781
0.63906
0.45835
0.19701
1.2297
0.098748
0.39869
0.072823
0.52233
0.2105
0.20906
0.38201
0.10742
0.19429
0.80242
0.094644
0.55033
0.42572
0.19041
0.096767
0.20383
0.56327
0.13411
0.10914
0.72402
0.19969
0.40997
0.21312
0.35577
0.091153
0.48302
0.12088
0.6075
0.3797
0.78669
0.10185
0.22475
0.069716
0.31159
0.19983
0.58897
0.25979
0.55298
0.21346
0.13569
0.38938
0.33014
1.0624
0.33828
0.1652
0.94378
1.266
1.1432
0.43054
0.43458
0.74725
0.40165
1.3912
0.47416
0.22528
0.41128
0.79887
1.1693
1.1825
0.48079
0.26499
0.1865
0.84744
0.10435
0.59951
0.39089
1.249
0.082841
1.1623
0.13603
0.78589
0.27616
0.50687
0.82268
0.18825
1.0184
1.2041
0.12949
0.41694
0.24652
0.66433
0.45716
0.9476
0.44528
0.24552
0.11152
0.89129
0.32914
0.15557
0.14953
0.44096
0.24991
0.87058
0.22613
0.11671
0.35982
0.28853
0.55879
1.1314
0.21925
0.85919
0.11721
0.06643
0.32216
0.78404
0.50314
0.6698
0.44203
0.3811
1.159
0.27643
0.15289
0.90662
0.12301
0.83699
0.33628
0.1079
0.62945
0.59142
0.3671
0.34187
0.19569
0.38638
0.53859
0.1035
0.13336
0.071718
1.0313
0.57554
0.14488
0.21571
0.15245
0.34682
0.12476
0.076745
0.30333
0.31536
0.86283
0.12409
0.61176
0.098985
0.10605
0.60158
0.15474
1.2324
0.67223
0.070904
0.99385
0.92524
1.106
1.3004
0.61866
1.1693
0.65891
0.35693
0.20782
0.50834
0.29562
0.54766
0.12893
0.097561
0.31812
0.10285
0.20284
0.16889
0.69808
0.13156
0.86635
0.78366
0.49212
0.16845
0.34015
0.90413
0.4023
0.69593
0.66448
1.2799
0.98049
0.2922
0.30641
0.082668
0.13332
0.53557
0.32417
0.12933
0.44997
0.24247
1.0845
0.45965
0.078648
0.29656
0.1811
0.18376
0.14118
1.0946
0.48946
0.1001
0.50089
0.62877
0.094371
0.074169
0.20421
0.10642
0.13556
1.264
0.13315
0.26323
0.16615
0.86187
0.15797
0.24885
0.12794
0.20202
0.25523
0.13915
0.17521
0.089596
0.33896
0.26159
0.21852
0.088459
1.516
0.07192
0.10098
0.52246
0.25987
0.57472
0.25817
0.11097
0.10079
0.54096
0.12531
0.19778
0.47506
0.20227
0.1974
0.57787
0.52759
0.2284
0.92135
0.47193
0.35161
0.078963
1.2792
0.9107
0.17991
0.077706
0.34291
0.27919
0.40055
0.63728
0.18087
1.0541
0.091109
0.61076
0.73371
0.13489
0.896
0.52371
0.96304
0.2613
0.11569
0.6594
0.19308
0.77992
0.5612
0.96025
0.90582
0.33742
1.204
0.40326
1.0035
0.22683
0.081073
0.091549
1.0582
0.28029
0.80342
0.81082
0.95397
0.10758
0.1915
0.19692
0.93696
0.82778
0.12584
0.12712
0.33477
0.13179
0.38747
1.5618
0.12183
0.094106
0.45108
0.50531
0.41808
0.36448
0.73147
0.19863
0.28118
0.35884
1.1824
0.23684
0.29932
0.23992
0.3737
0.81564
0.24123
0.81306
0.15754
1.0332
0.93365
0.19424
0.8842
1.0944
1.0815
0.15827
0.15437
0.53565
0.67022
0.10438
0.23549
0.15834
0.18022
0.090398
0.72759
0.35839
0.14924
0.13948
0.10386
0.088074
0.89099
0.10265
1.2186
0.15843
1.0323
0.83776
0.64427
0.12684
0.33795
0.86874
0.22073
0.51982
0.19103
0.10395
0.57729
1.2724
0.10958
0.39119
0.28415
0.11805
0.51108
0.97862
0.10238
0.1417
0.1571
0.32987
0.13747
0.38302
0.079528
0.097764
0.891
0.26228
1.1156
0.14353
0.52129
0.49114
0.22025
1.07
0.31268
0.40545
0.33553
0.10947
0.48044
0.53037
0.064122
0.9132
0.175
0.092523
0.26595
0.60354
0.079386
1.1639
0.035218
0.23186
0.98596
0.082149
1.24
0.18682
0.87616
0.064967
0.61209
0.57892
0.17354
1.0416
0.35166
0.086431
0.10284
0.12968
0.26417
0.41828
0.47591
0.47029
0.090481
0.26503
0.67245
0.45571
0.08006
0.84347
0.72867
0.06256
0.3118
0.11962
0.20088
1.2822
0.1597
0.30054
0.16531
0.094151
0.11265
0.085139
0.52662
1.1025
0.14204
1.2031
0.14632
0.93401
0.20374
0.62526
0.24524
0.11201
0.42664
0.22785
0.14003
0.82957
0.68596
0.29891
0.20754
0.29569
1.259
0.08235
0.13046
0.20166
1.0808
1.1757
0.94501
0.047482
0.081797
0.13334
0.063024
0.53557
0.47331
1.025
1.6731
0.28595
0.18152
0.10516
0.21372
0.12415
0.13043
0.42735
0.69972
0.09785
0.23637
0.45064
0.10181
0.52931
0.37381
0.15447
0.20891
0.33131
0.83901
0.78688
0.09543
0.090956
0.97372
1.4681
0.15397
0.87151
0.30092
0.5787
0.074251
0.81651
0.16917
0.23298
0.58614
0.9713
0.094884
0.10417
0.11156
0.68853
0.10063
0.55627
0.18333
0.37291
0.078967
0.061565
0.21306
0.1668
0.6183
1.1212
0.168
0.75636
1.196
0.64562
0.11142
0.42854
0.15888
0.24785
0.14921
0.22291
0.15209
0.28043
1.0746
1.182
0.15259
0.32341
1.2528
1.116
0.95266
1.2787
0.089984
1.0685
0.90435
0.34848
0.15793
0.13196
0.93436
0.16036
1.1718
0.16417
0.13723
0.64108
0.15845
1.0796
0.97741
1.0854
0.18669
0.11267
0.23141
0.3884
0.10318
0.1665
0.1461
0.18585
0.13512
0.55939
0.12867
0.16758
0.10394
0.11597
1.2893
0.16407
1.1243
0.94852
0.12624
0.070389
0.14076
0.69996
0.26249
1.266
0.20061
0.13612
0.18033
0.88904
1.15
0.15058
0.10579
0.64236
0.1222
0.094591
0.17826
0.088021
0.077301
1.1136
0.18534
0.1036
0.42703
0.073421
0.10771
1.081
1.0862
0.58654
0.38966
0.328
0.10644
0.14183
0.14503
0.13698
0.56695
0.19254
0.21237
0.59905
0.45088
0.14244
0.45224
0.31477
0.14297
0.36626
0.95236
0.087808
0.14053
1.1527
0.35129
0.10595
0.55361
0.27929
0.20295
0.14093
0.19866
0.10063
0.67895
0.12499
0.41209
0.5763
1.2628
0.2729
0.080454
0.14811
0.70317
0.81568
0.065081
0.50109
0.24201
0.082557
0.73105
0.12657
0.20803
0.1663
1.1341
0.4484
0.17374
0.74069
0.66985
0.2587
0.21879
0.77572
0.11394
0.14765
0.17699
0.84736
0.13463
1.0469
0.77404
0.27103
0.073388
0.36956
0.10206
0.080551
1.23
0.24308
0.32664
0.39263
0.17965
1.4903
0.13819
0.33598
0.081579
0.84994
1.4706
0.11665
0.24056
0.85976
0.1826
0.11655
0.21147
0.18068
0.23061
0.25092
0.38592
0.72144
0.46693
0.21284
0.1609
1.0519
1.3212
0.071629
0.15903
0.093805
0.13786
0.38051
0.32494
0.27151
0.42839
0.27977
0.4581
0.62746
0.11859
1.0746
0.075943
0.14853
1.0434
0.097943
0.22724
1.0889
0.69339
0.20096
0.20125
1.0016
0.066323
1.2506
1.0052
1.1771
0.13881
0.096271
0.087169
0.26833
0.078662
0.74519
0.17764
0.86264
0.13537
0.75698
0.97721
0.21527
0.31201
0.13192
0.069448
0.67783
0.7119
1.1841
0.49122
0.33548
0.10881
0.50241
0.64617
0.3564
0.18061
0.28618
0.83317
0.69336
0.24823
0.10498
1.0887
0.074471
0.14986
0.2239
0.57431
0.37536
0.92694
0.35741
0.52414
0.257
0.16925
0.34037
0.62642
0.8198
0.10164
0.13178
0.15273
0.19759
0.31439
0.18688
0.19475
0.13715
0.45468
0.52635
0.14188
0.31183
1.2545
0.13853
0.54808
0.17397
0.086238
0.25838
0.74866
0.59217
0.071083
0.36188
0.62733
0.21629
0.57233
0.089567
0.16727
0.090404
0.46594
0.11681
0.36467
0.099821
0.11613
0.57147
0.26036
0.21723
1.0039
0.10447
1.4741
1.0201
0.11672
1.0452
0.46368
0.15415
0.21968
0.90043
0.35165
0.10104
0.43672
0.20366
0.14741
0.12005
0.4803
0.38584
0.09133
0.77073
1.2026
0.29407
0.15838
0.21582
0.08918
0.48163
1.1972
0.096879
1.1513
1.252
0.40156
0.14431
0.61098
0.13269
0.34218
0.12937
0.73515
0.14282
0.098253
0.11658
0.11254
0.46713
0.18821
1.4368
0.77101
0.11013
0.61701
0.11769
0.31759
0.20692
0.12143
0.55137
0.40063
1.487
0.21052
0.87897
0.099726
0.36039
0.27382
0.64277
0.20834
0.10137
0.2909
0.16151
0.76822
0.11194
0.36155
0.095161
0.16961
0.31638
0.074992
0.33643
0.21828
0.15595
0.19948
0.8258
0.3081
0.14243
1.2923
0.14147
0.29977
0.11296
0.90778
0.22091
0.36983
1.1535
0.087534
0.17858
0.15366
1.1698
1.0132
0.34641
0.29831
0.13236
0.14263
1.2952
0.21364
0.22151
0.09979
0.70589
0.58769
1.0277
0.19466
0.25492
0.38648
0.2722
0.70676
0.74952
1.3987
0.90919
0.20282
0.21652
0.51993
0.61778
0.21436
0.5207
0.067872
0.21417
0.3517
0.17671
0.96497
0.1175
0.9579
0.63939
0.17151
0.39087
0.60084
0.47294
0.10917
0.13563
0.68741
1.2234
0.14978
0.76127
0.1189
0.073566
0.77187
0.075945
0.25136
0.59206
1.2701
0.096368
1.1428
0.16107
0.17063
0.91244
0.1134
0.13058
1.0324
0.89603
0.10599
0.94344
0.66488
1.1622
0.074023
1.2985
0.27414
0.37415
1.2299
0.087255
0.16023
0.17109
0.14779
1.5074
0.92982
1.1423
0.17855
0.26943
0.26264
1.0816
0.16519
0.32114
0.54352
0.56394
0.27883
0.046957
0.37902
0.14359
0.18174
0.29524
0.20122
0.4788
0.73826
0.18461
1.0892
0.14456
0.6451
0.2256
0.4194
0.14031
1.5747
0.59693
0.10836
0.81934
0.16486
0.092022
0.35321
0.22333
0.30315
1.0958
0.99603
0.1995
0.60596
0.44762
0.32088
0.8266
0.20587
0.22519
0.092788
0.21496
0.41069
0.50335
0.31781
0.37314
1.4141
0.62278
0.076247
0.38386
0.20896
0.38969
0.1727
1.156
0.073519
1.0772
0.07554
0.11446
0.56578
1.4234
0.07824
0.60577
0.51488
0.10552
0.16363
1.2071
0.21386
0.064878
0.85157
0.17753
1.1495
1.0295
0.24956
0.69474
0.32072
1.5257
0.74916
0.19663
0.62122
0.99592
0.1059
1.1459
0.6538
0.64523
0.43098
0.44496
0.95449
0.21775
1.3304
0.079327
0.13693
0.37472
0.072192
0.36754
0.08394
0.19888
0.11203
0.078886
0.19789
0.43257
0.17662
0.41969
1.0205
0.6529
0.31177
0.36504
0.14498
0.60275
0.19718
0.15793
0.39201
0.62414
0.98229
0.20013
1.5346
1.3446
0.13358
0.088711
0.39751
0.63479
0.34766
0.22792
1.0169
0.13289
0.1614
0.21974
0.76059
0.97702
0.1584
0.83496
0.23254
1.2385
0.081856
0.15682
0.19382
0.22969
0.23149
0.60786
0.10325
0.10685
0.19221
0.14046
0.078519
0.929
1.1041
0.10666
0.18466
0.072528
0.60331
0.95691
0.52458
0.59326
0.23781
0.28751
0.12565
1.263
1.0867
0.07728
0.96638
0.12879
0.075194
0.46595
0.62239
0.44647
0.23535
0.2233
0.12427
0.099497
0.082219
0.58028
0.65829
0.54216
0.10733
0.23175
0.57148
1.0316
0.17171
0.37872
0.098234
1.2491
0.88515
0.21804
0.10163
0.57296
0.10749
1.444
0.17135
0.4531
1.2144
0.29613
0.32111
0.47482
0.88175
0.11817
0.17763
0.16757
0.1832
0.18831
0.10695
0.32622
1.1032
0.55575
0.15419
0.37987
0.084328
0.094996
0.16533
0.22597
0.61242
0.14578
0.3879
1.1374
0.072523
0.12617
0.16242
0.15337
0.11562
0.073916
0.3514
0.1669
0.85106
1.1483
0.084044
0.064734
1.1437
0.53788
0.50621
0.77402
0.86739
0.29364
0.14852
0.18704
0.18135
0.55287
0.13923
1.2043
0.26736
0.25466
0.24434
0.12799
1.1066
0.2779
1.1084
0.10382
0.079085
0.59942
0.85567
0.080199
0.71406
0.86176
0.365
0.083373
0.81721
1.1471
0.22233
0.41874
0.07468
0.55869
1.2613
0.1968
1.2593
0.68407
0.094111
0.25453
0.47212
0.27622
0.12345
0.26496
1.145
0.51232
0.3173
0.9055
0.10093
0.39276
0.32729
0.23644
0.11458
0.12629
0.75073
0.087253
0.13123
0.23819
0.32865
0.24577
1.1395
0.14451
0.23113
0.11373
0.44276
0.1242
0.93039
0.15017
0.087579
0.096519
0.11353
0.71719
0.8817
0.53439
0.35028
0.88142
0.36892
0.30858
0.71767
1.0783
0.17518
0.28278
0.3799
0.49758
0.12925
0.12117
0.41235
0.24023
0.21487
0.50787
0.51721
0.11014
0.55816
0.95051
0.084869
0.84573
0.12989
0.13172
0.69448
0.11132
0.29462
0.11847
0.20131
0.46235
0.54975
0.23652
0.11762
0.54605
1.2264
0.22312
0.36303
0.1423
0.59652
0.77953
0.33256
0.70753
0.13704
0.80681
0.38775
0.09016
0.16253
0.19702
0.14125
0.19872
0.64854
1.0983
0.9377
0.27344
0.54171
0.53915
1.1624
0.29721
0.68171
0.56179
0.29803
0.15884
0.28829
0.18573
0.29386
0.50413
0.28937
0.40874
0.085655
0.66377
0.14271
0.27023
0.67866
0.25653
0.12774
0.7855
0.30556
0.68165
0.99643
0.27607
0.13345
0.93904
0.71805
0.16312
0.11521
0.66285
0.25693
0.10765
0.78995
0.22872
0.23623
1.0848
0.21875
0.23852
1.1617
0.23124
0.1453
0.52605
0.11191
0.10458
1.3154
0.21386
0.50062
0.13412
0.15898
1.1077
0.38112
0.11013
1.0857
1.0668
0.30102
1.1306
0.80576
0.68318
0.36308
0.10794
0.97974
0.42441
0.28743
0.9871
0.22254
1.4862
0.11444
0.90101
0.088143
0.37285
0.84082
0.17077
1.1399
0.13432
0.18013
0.27688
1.0091
0.10993
0.33575
0.53672
0.63834
0.25381
0.27746
0.60999
0.14283
0.088702
1.2647
0.39931
1.1296
0.10111
1.0983
0.79039
0.10711
0.1737
1.0338
0.36378
0.13727
0.12089
0.63024
0.20087
0.18406
0.12663
0.15738
0.823
0.16432
0.97557
0.076197
0.16054
0.14293
0.31198
0.31024
0.98968
1.2548
0.96443
0.13202
1.2117
1.6982
0.17197
0.08978
0.091898
0.10983
0.20697
0.49319
0.13353
1.0382
0.16204
1.3186
0.24509
0.09843
0.11145
0.40822
0.72711
0.2748
1.0338
0.15928
0.065074
0.54264
0.12929
0.36614
0.15714
1.208
1.4519
0.1039
0.13187
0.084965
0.10894
0.35356
0.95954
0.30159
0.35828
0.18391
0.47534
0.18489
0.11835
0.31106
0.64741
0.46769
1.1721
0.089554
0.11448
0.13467
0.26793
0.57854
1.0549
0.66426
0.22765
0.18527
0.25413
0.19765
0.10772
0.15289
0.22657
0.72477
0.48142
0.046244
0.079959
0.35406
0.22004
0.2499
0.49815
0.17944
0.13485
0.080339
0.77541
0.16457
0.76101
0.38575
0.4358
0.17741
0.17761
0.088411
0.4022
0.20323
0.075788
1.3444
0.17931
0.22664
0.15677
0.67848
0.41198
0.45053
0.22027
0.7148
0.70655
0.11944
0.2819
0.82471
0.21708
0.12344
0.29138
1.1506
0.1152
0.32625
0.18152
0.23727
0.11011
0.14348
0.55364
0.55149
0.24631
0.35333
0.16548
0.61183
1.0078
0.16862
0.15324
0.16404
0.49134
0.081266
0.12262
0.073489
0.84827
1.2906
0.10991
0.92225
1.025
0.58212
0.58168
0.4072
0.31631
0.49478
0.34088
0.29753
0.84537
0.14728
0.9715
0.45188
0.19876
0.11275
0.07411
0.39554
0.40986
0.10916
0.51458
0.13185
0.11235
0.076191
0.20488
0.35127
0.18669
0.14721
0.71252
0.17251
0.10763
0.19861
0.81663
0.19647
1.7461
0.18961
0.78094
0.10933
0.95248
1.2693
0.22125
1.0659
0.12157
0.23386
0.18264
0.080049
0.095125
0.08376
0.1575
0.095749
0.85427
0.33583
0.28488
0.36296
0.16616
0.07345
0.35091
0.090438
0.20749
1.1132
0.89535
0.15139
0.60768
0.8016
0.50652
0.162
0.08499
0.19455
0.4407
0.54696
0.4534
0.21399
1.1693
0.41514
0.085784
1.2348
0.18413
0.44401
0.11706
0.081167
0.15806
1.2041
0.75609
0.41567
0.68858
0.24957
0.26703
0.55411
0.9001
1.6613
0.21965
0.70949
0.12311
0.077329
0.34112
0.18346
0.35621
0.25277
0.065231
0.14903
0.68331
0.25866
0.10598
0.53169
1.3323
1.1436
0.13639
0.65996
0.14202
0.076808
0.40787
0.27431
0.2253
0.23487
0.41944
0.32219
0.24858
0.866
0.13981
1.1
0.13809
0.18591
0.17625
0.26441
0.57639
0.21624
0.12664
0.15115
0.093223
0.1445
1.0051
0.35005
0.22979
0.52778
1.2476
0.088411
0.28576
0.62192
0.097247
0.38223
0.42201
0.33706
1.1251
0.13997
0.67825
1.3289
0.099322
0.45502
0.11564
1.2229
0.60039
0.15971
0.1459
0.096941
0.19844
0.18394
0.36869
1.4854
0.13353
0.12487
0.93906
0.47739
0.50881
0.11843
0.48293
0.47181
0.4504
1.1099
0.1345
1.2419
0.43421
0.94336
0.43217
0.1324
0.40483
0.17476
0.22954
0.27535
0.24692
0.2919
0.156
1.0093
0.14627
1.3207
0.14216
0.6979
0.16745
0.11298
0.47941
0.095783
0.078268
0.18565
1.2216
0.083555
0.083648
0.47251
0.46173
0.10069
0.42314
0.50794
0.26797
0.19768
0.34917
0.53166
0.11303
0.14368
0.66622
0.12341
0.2045
0.66049
0.20209
0.22749
0.092353
0.20172
0.053636
0.38824
0.16765
0.15143
0.19333
0.43936
0.35342
1.0104
0.076543
0.7425
0.18754
0.11445
0.15896
0.10071
0.09374
0.55298
0.27988
0.21319
0.74871
0.40127
0.10033
0.35067
0.33919
0.084817
0.13594
0.091654
0.079678
0.1359
0.91589
0.56137
0.10706
0.43627
0.11659
0.80803
1.2069
0.06526
0.38
1.0677
0.77887
1.3705
0.12834
0.63865
0.20019
0.13617
0.11152
0.27414
0.42995
0.71283
0.10564
0.73836
0.12274
0.079102
1.0894
0.40771
1.0803
0.41361
0.27894
1.1311
0.28683
0.32153
0.30149
0.18761
0.77074
1.1941
0.1609
0.26946
0.26707
1.2134
0.23645
1.1725
0.50524
0.13598
1.6411
0.089604
0.69337
0.25361
0.4267
0.11501
0.46134
0.40867
1.2765
0.19107
0.20174
0.37619
0.18438
0.44903
0.29557
0.79487
0.43209
0.55691
1.2801
1.3983
1.2742
0.1188
0.22431
0.12041
0.091806
0.12534
0.12216
0.15191
1.3021
1.4341
0.13079
0.71296
0.19259
0.26907
1.2129
0.39431
0.12464
0.37742
0.20211
0.42038
1.0636
1.0635
0.11962
0.31078
1.0287
0.91763
1.0235
0.22929
0.38556
1.0394
0.43581
0.97242
0.47458
0.1164
0.53856
0.24016
0.12267
0.80337
0.099982
0.10689
0.14816
0.22161
0.095805
0.79886
0.15982
0.13004
0.64591
0.7007
0.21267
0.72941
0.2238
0.47873
1.4178
0.10614
0.23664
0.13405
0.34257
1.0599
0.17308
0.7163
0.8434
0.13701
1.0113
1.0464
0.052187
0.11963
0.26826
1.0832
0.075581
0.20519
0.1142
0.60004
0.77583
0.29942
0.27416
0.6513
0.249
0.55555
0.26185
0.19604
0.17878
0.2518
0.099891
0.15891
1.0816
0.17508
0.13204
0.97637
0.43257
1.3233
0.6957
1.1726
0.10325
0.56482
0.57621
0.16112
0.206
0.10754
0.092463
0.17804
1.1953
0.34263
0.097935
0.93524
0.39979
1.1442
0.08784
0.083329
0.13806
1.2209
0.48052
0.074078
1.6222
0.072762
1.2177
0.26442
0.20338
0.11682
1.3046
0.63628
0.11908
1.0298
0.23557
0.40076
0.12319
0.074399
0.23283
0.52184
0.49039
0.3219
0.18857
0.2744
0.93634
0.61985
0.10045
0.14289
0.18609
0.12845
0.32166
0.16332
0.38493
0.1812
0.68992
0.41035
0.44793
1.1456
0.21247
0.33298
0.066945
1.0449
1.25
0.62787
0.72252
0.081325
0.48019
0.11601
0.47006
0.084726
0.73195
0.15956
0.8667
0.16631
0.095397
0.23872
0.84917
0.11291
0.090769
0.70724
1.3868
0.21005
0.11504
0.079086
0.5133
1.0102
1.137
0.28116
0.174
0.31524
0.98132
0.7334
0.22554
0.23579
0.090924
0.11594
0.10587
1.0023
0.27711
0.44639
0.48155
0.2727
0.20897
1.1043
0.12708
1.1352
0.91551
0.19244
1.0841
0.12086
0.098741
0.56303
0.22406
0.077592
0.18254
0.084098
0.14844
0.9467
0.11152
1.0448
0.54601
1.5163
0.11455
0.11133
0.13984
0.1452
0.65003
0.93351
0.73756
0.2498
0.29072
0.62749
0.46948
0.08553
0.30626
0.59858
0.13193
0.11828
1.1579
0.36719
0.094857
0.087865
0.31964
0.17031
0.6079
0.91847
0.56803
0.40024
0.18025
0.30502
0.34823
0.1818
0.17476
0.22793
0.34227
1.3093
0.15366
0.071991
0.39062
0.2641
0.29245
0.13668
0.1458
0.40809
0.35725
0.54228
0.51484
0.10753
0.1518
0.16681
0.095214
0.26847
0.083181
0.40386
0.13707
0.10915
0.17507
0.18389
0.12956
0.16405
0.40994
0.76344
0.18997
0.6539
0.32619
0.99653
1.5068
0.11323
0.21608
0.21392
0.40199
0.29705
0.99963
0.41656
0.42014
0.5712
0.61388
0.25057
0.21401
0.12978
0.15627
0.84751
0.32168
0.38757
0.91507
0.11624
0.28765
0.12019
0.31368
0.080029
0.15703
0.090915
0.75151
0.13957
0.45835
0.30756
0.069694
0.098748
0.93935
0.11853
0.13881
0.50385
0.23565
0.376
0.26643
0.15318
0.15324
0.13587
0.13215
0.31521
0.18283
1.0797
0.19389
0.15293
0.12809
0.61489
0.086618
0.35314
0.98561
0.21312
0.54895
0.47192
0.15704
0.14192
0.44613
0.17009
0.10729
0.613
0.36265
0.069716
0.83972
0.17156
0.097568
0.31587
0.12126
0.12664
0.81156
1.0996
0.33014
0.12109
1.1322
0.44863
0.12329
0.32745
0.20776
0.18369
1.3139
0.5808
0.40165
0.68889
0.16288
0.4051
0.49071
0.79887
1.2109
0.14562
0.793
0.49804
1.1578
0.1129
0.28045
0.13834
0.39089
0.46636
0.50164
0.43352
0.1067
1.198
0.19933
1.1323
0.82268
0.098261
0.83057
1.0003
0.39303
0.13742
0.24652
0.077632
1.0039
0.19946
0.44528
0.78008
0.7905
0.33113
0.32914
0.17465
0.097091
0.31569
0.083433
1.2422
0.21616
0.53016
0.12761
0.13317
0.42085
0.088575
0.21245
0.85919
0.14429
0.10991
0.35643
0.86058
1.0475
1.1896
0.11696
0.13505
0.12527
0.22874
1.1866
0.15808
0.263
1.2424
0.24497
1.0927
0.54925
0.1503
0.758
0.12276
0.14613
1.021
0.53859
0.097454
1.1208
0.14104
0.10152
1.0881
0.11448
0.14729
0.25107
0.65804
0.17416
0.26204
0.78184
0.08214
1.1351
0.25871
0.82591
0.4374
0.36882
0.052357
1.0981
1.2324
0.16596
0.31974
0.94595
0.068262
0.16036
0.25181
0.84
0.42323
0.65891
0.068286
0.14911
0.10693
0.20389
1.2083
0.1385
0.61824
0.14424
1.3174
0.16716
0.45802
0.11689
0.29399
0.097738
0.52094
0.13541
0.10314
0.20274
0.25926
0.22536
0.1144
0.56928
0.16691
0.73865
0.17239
0.17714
1.2622
0.21966
0.33199
0.14548
1.027
1.1592
1.3
0.17826
0.079821
0.1444
0.11067
0.14888
0.24804
0.06179
0.45378
0.80122
0.1001
0.16957
0.28266
1.1693
0.82492
0.14111
0.66796
0.08455
1.264
0.84891
0.26323
0.25992
0.10354
0.080009
0.18257
0.34446
0.27546
0.99662
0.089948
0.23222
0.61447
1.0988
0.13158
0.5432
0.088459
0.37103
0.4882
0.1465
0.10804
1.1409
0.51238
0.10641
0.55749
0.24597
1.3155
0.1728
0.10625
0.084045
0.80561
0.12478
0.57787
0.3791
0.13165
0.73852
0.22123
1.0462
0.20246
0.17236
0.52054
0.6667
1.0827
1.1462
0.11671
1.0344
0.21827
0.69614
1.4616
0.33996
1.0765
0.18092
0.13489
0.896
0.097653
0.34281
0.15066
0.15977
0.55743
0.10365
0.71954
0.069294
1.024
0.26639
1.1595
1.204
0.17085
1.0035
1.0611
0.13769
0.091549
0.36409
0.059167
0.22754
0.22997
0.23011
0.10758
0.082968
0.98098
0.79017
0.35271
1.266
0.12419
0.41762
0.77424
0.079362
0.094601
0.25583
0.17666
0.45108
0.22123
0.10507
0.094345
0.45702
1.3166
0.11978
0.14692
0.26529
0.64003
0.29932
0.05748
0.12719
0.49101
0.10922
0.17405
0.26188
1.0332
0.13785
0.45431
0.14464
0.18185
0.11953
0.11127
0.17092
0.075368
0.72519
0.20034
0.14389
1.2724
0.371
0.17973
0.72759
0.23414
0.29562
0.45797
0.93831
0.1806
0.096401
0.90384
0.15454
0.15843
0.44097
0.55975
0.64427
0.13154
0.13495
1.6932
0.5579
0.37864
0.10894
0.45214
1.0586
0.21974
0.20418
0.35501
0.67385
0.32841
0.51108
1.1344
1.1625
0.11819
1.4978
0.32987
0.13747
0.41305
1.057
0.22788
0.34875
0.93067
1.0286
0.2214
1.4109
0.25571
0.30846
0.14748
0.078986
0.70758
1.1551
0.10947
0.10593
0.81776
1.1703
0.17095
0.13675
0.12311
0.13118
0.60354
0.062203
0.17955
0.4675
0.88512
0.36584
0.099245
0.065195
0.15047
0.56482
1.2731
0.24158
1.5894
0.77869
1.0416
1.1621
0.086431
0.22113
0.22264
0.26417
1.0179
1.197
0.47035
0.29111
0.093554
0.43673
1.056
1.1324
0.22197
0.25299
0.20139
0.074311
0.10725
0.20088
0.40169
0.65122
0.14628
0.11478
0.68391
0.14867
0.085139
0.99868
0.29592
0.25495
0.29903
0.72199
0.17961
0.35676
0.073912
0.10202
0.089063
0.42383
0.57818
0.59676
0.28486
0.25826
0.1539
0.23041
0.28814
0.06923
0.34462
0.20816
0.20166
0.17205
0.10333
0.94501
0.12483
0.94416
0.50946
1.2409
0.30607
0.45187
0.49708
0.21862
1.1325
0.96631
0.13675
0.11194
0.085257
0.4018
0.15543
0.61895
1.4728
0.15223
0.18504
0.89193
0.539
0.37381
0.1403
0.17869
0.096174
0.06338
0.33912
0.67575
0.13881
0.84592
0.094443
0.10514
0.060924
0.96143
0.12541
0.97179
0.079477
0.078336
0.14969
0.49
0.35609
0.22217
0.28925
0.46247
0.6183
0.14729
0.48761
0.10452
0.9869
0.078967
0.20829
0.099148
0.098662
0.3738
0.10526
0.48865
0.18263
0.44601
0.168
0.32179
0.28279
0.22107
1.112
0.14921
1.0518
0.80112
0.28043
1.0746
0.42232
0.11232
0.11935
1.2528
1.116
0.17471
0.15276
0.21619
0.42693
0.055383
0.84583
1.224
0.33421
0.11375
0.17107
0.37637
0.18918
0.35031
0.43009
0.35232
0.091674
0.34593
0.49185
0.28575
0.085835
0.11147
0.6038
0.73545
0.98739
0.12989
0.42626
0.56067
0.92938
0.56598
0.12495
0.22335
0.11234
0.9255
0.25011
0.07579
0.94852
0.27181
1.2944
0.088579
0.12893
0.64183
0.5287
0.074932
0.098458
0.41835
0.83482
0.45234
0.19851
0.097886
1.1496
0.084921
1.1086
0.40738
0.1725
0.077301
0.22619
0.18534
0.64389
0.34895
0.56303
0.64451
0.30464
0.93219
0.43408
0.21184
0.328
0.21757
0.61621
0.44145
0.11792
1.0536
0.17402
0.21237
0.62287
1.0462
1.0208
0.5743
0.4312
0.48311
0.4358
0.083702
0.087808
0.73484
0.10091
0.35129
1.1998
0.11689
0.084571
0.3365
0.06573
0.47793
0.20825
0.89881
0.51349
0.70275
0.71923
0.39009
1.26
0.51343
0.14811
0.17745
0.22828
0.11909
0.13973
0.75468
0.097393
0.1061
1.6622
0.20803
0.97707
0.11308
0.1148
0.20616
0.46372
0.57459
0.1703
0.10412
0.89966
0.83951
0.2226
1.5974
0.093314
0.10082
0.36143
0.38963
0.1698
0.8889
0.36956
0.11604
0.25874
1.23
0.092046
0.12807
0.20919
1.0363
0.39222
0.2436
0.28018
0.097387
0.77738
0.12124
0.23084
0.11681
0.34882
0.076551
0.28044
0.25165
0.15235
0.061698
0.76062
0.53685
0.23843
0.30643
0.57309
1.1491
0.51233
0.57954
0.19004
0.095823
1.0362
0.27303
0.080974
0.23086
0.31946
0.82673
1.0703
0.12612
0.62746
0.69944
0.65401
0.087821
0.23568
0.10852
0.19025
0.16391
0.28309
0.16734
0.72191
1.2478
1.0016
0.17208
0.41552
0.086736
0.1657
0.97592
0.94401
0.14195
0.11758
0.11173
0.24395
0.18064
0.84293
0.080762
0.75698
0.79309
0.092467
0.13914
0.75363
0.096119
0.98201
0.38066
0.68336
0.11036
0.31591
1.1693
0.25061
0.13311
0.58366
0.08649
0.13801
0.30191
0.24265
0.10546
0.45071
0.17832
0.64543
1.2817
0.16417
0.28183
0.31747
0.86279
1.2707
0.18985
0.257
0.16073
0.19972
0.5275
0.2377
0.09281
0.13178
0.15273
0.091434
0.1312
0.18688
0.19475
0.20913
0.45468
0.55063
0.13548
0.13565
0.20221
0.42262
0.54808
0.17741
0.30356
0.15406
0.74866
0.086932
0.071083
0.33256
0.16305
0.32
0.57233
0.083002
0.91047
1.1834
0.19668
1.0445
0.085214
0.2285
0.33541
1.3264
0.26036
0.36453
0.21606
0.10447
1.1018
0.24625
0.15255
1.0452
0.46368
0.18563
0.89073
0.1814
0.61832
0.10104
1.0453
0.20745
1.5034
0.51525
0.25413
0.16592
0.57391
0.15302
1.1472
0.94361
0.15838
0.30295
0.61557
0.32397
0.22938
0.096879
1.1513
0.19278
0.67469
0.44436
0.085748
0.19413
0.13812
0.090073
0.13399
0.22802
0.80929
0.17057
1.2258
0.17063
0.18821
0.52146
0.42265
0.13306
0.33163
0.080452
0.22966
0.56233
0.14795
1.0835
0.22867
0.80479
0.21052
0.14724
0.61717
0.087441
0.40923
0.18363
0.14053
0.10137
0.84654
0.14818
0.92282
0.11194
0.077635
0.22971
0.10477
0.53096
0.16212
0.76346
0.095416
0.13511
1.2468
0.8258
0.3081
0.13856
1.3343
0.39866
1.0566
0.75924
0.90778
0.63066
0.38234
1.088
0.17021
0.36133
1.4461
0.22205
0.26936
0.25743
0.071963
0.26586
0.39749
0.48835
0.085817
0.82726
0.63007
1.2596
0.13879
0.60781
0.26005
0.10072
0.19606
0.1026
0.1075
0.51173
0.15074
1.0114
0.24526
0.14771
0.11122
1.2147
0.12664
0.14754
0.096259
0.14887
0.11193
0.08247
0.82836
0.1175
0.18682
0.41556
0.17151
0.11647
0.6121
0.13112
0.56451
0.91743
1.195
0.24214
0.11194
0.16282
0.22978
0.75831
0.18246
0.12223
0.28942
0.59206
0.42274
0.52786
0.46581
0.1691
0.17063
0.26419
0.76965
0.38676
0.11172
0.26089
1.3047
0.94344
0.66488
0.19299
1.2801
0.35422
0.44737
0.22534
0.15777
0.26139
0.082673
0.13607
0.18101
0.081556
0.1188
0.39677
0.085577
1.3214
0.1266
0.4759
0.094118
0.28934
0.17797
0.42975
0.15344
0.097538
1.4697
0.1001
0.58718
0.80923
0.16513
0.36882
0.28476
0.082683
0.10392
1.3983
0.36697
0.15733
0.4194
0.86398
0.46531
0.078527
0.15634
0.33908
0.13773
0.11836
1.5074
0.22333
0.14912
0.18434
1.2004
0.8162
0.18659
0.83691
0.76438
0.50216
0.85597
0.1252
0.45796
1.407
0.6744
0.38616
1.0935
0.09098
0.11488
0.21883
0.076247
0.67049
0.59458
0.1436
0.78831
0.34597
0.99594
0.35764
0.67227
0.2544
0.14569
0.93544
0.20798
0.60577
0.14017
1.1006
0.092969
0.35043
0.18245
0.52694
0.48599
0.29207
0.35542
0.22699
0.42312
0.10042
1.2452
0.13915
0.74916
0.99475
0.15177
0.38103
0.2738
0.32004
0.13615
0.12363
0.51878
0.19144
0.38787
0.21775
0.57141
0.08108
0.21722
0.97985
0.12857
0.14653
0.13522
0.47943
0.49158
0.2176
0.087198
0.13829
0.3523
0.41969
0.40517
0.097112
0.14402
0.19233
1.0895
0.60275
0.48128
0.32902
0.4203
0.21369
0.63991
0.64239
0.11963
1.0364
0.51728
0.12464
0.13618
0.10363
0.11228
0.53314
0.24634
0.66391
0.17575
0.060625
0.26133
0.40255
0.07678
0.70827
0.12836
0.33173
0.3713
0.15682
1.0856
0.22969
0.23149
0.34759
0.67178
0.9759
0.58778
1.0433
0.46672
1.462
1.1041
0.24899
0.18466
0.44514
0.33547
1.3436
0.90079
0.29687
0.1711
0.17973
0.12565
0.10438
0.15663
0.90617
0.96638
0.61129
0.14254
0.3928
0.12923
0.1011
0.32832
0.10894
0.42885
0.099497
0.30398
0.58028
0.1271
0.20555
0.088097
0.11292
0.25821
0.32973
1.2881
0.10434
0.098234
0.40355
1.1119
0.19922
0.38953
0.082466
0.40696
0.35551
0.17135
0.09987
0.41648
0.29613
0.54858
0.29397
0.88175
0.085489
0.92189
0.19999
0.21227
0.84455
0.10303
0.6817
0.30091
0.78736
0.23545
0.99563
0.067999
0.093742
0.093083
0.25164
1.1693
0.062862
0.30021
0.19191
0.37714
1.1644
0.49856
0.15337
0.20535
0.073916
0.9012
0.42231
0.77418
0.53298
0.18615
0.52211
1.1437
0.11953
0.65095
0.37133
0.80471
0.35964
0.42029
0.22189
0.18135
0.098504
0.24887
0.085509
1.2027
0.24585
0.24434
0.1827
0.85344
0.068486
1.4222
1.2355
1.2727
0.083272
0.41473
0.080199
0.50679
0.074697
0.090177
0.11339
0.87708
0.21981
0.12624
0.30348
0.31038
0.11327
0.67208
0.93843
0.12618
0.29158
0.13544
0.37553
0.50765
0.10512
0.13138
0.26496
0.14086
0.37573
0.16712
0.13892
0.75425
0.14274
0.30541
0.087031
0.18215
0.11772
0.39749
0.33272
1.1769
0.067412
0.32865
0.06548
0.12829
0.34305
0.28062
0.21408
0.23123
0.13841
0.3158
0.082642
1.1595
0.32658
0.11353
0.3314
0.8817
0.72383
1.1056
0.15594
0.067597
0.40634
0.71767
0.13352
0.10766
1.0848
0.29846
0.49758
0.20786
0.74246
0.091558
0.24023
0.143
0.50787
0.94134
0.35234
0.55816
0.20812
0.1481
1.0454
1.6375
0.11261
0.23571
0.17081
0.093859
0.16593
0.78718
1.1538
0.90737
0.20613
0.35152
0.11129
0.94871
0.097084
0.36303
0.1639
0.91881
0.46422
0.50106
0.94576
0.13704
0.16318
0.16935
0.18963
1.2698
0.088345
1.0348
0.40599
0.3344
1.0983
0.18622
0.27344
0.33146
1.2695
1.022
0.33357
1.3668
0.39084
0.13535
0.45104
1.0804
0.25695
0.12359
1.0787
0.43365
0.1522
0.20506
0.27525
0.28942
0.27023
0.2605
0.25653
0.12774
0.13967
0.10769
0.22046
0.11868
1.5228
0.097171
0.11644
0.1303
1.2201
0.51402
0.91159
0.078938
0.14192
0.26498
0.099564
0.23623
0.82657
0.17294
0.60031
0.924
0.26707
0.1453
0.11796
0.10584
0.87332
0.099091
0.21386
0.19946
0.11874
0.14464
0.16285
0.17716
0.11884
0.14743
1.1433
0.31767
0.13513
0.80576
0.68318
0.10426
1.0259
0.13304
0.85584
0.33021
0.24497
0.088377
0.58464
0.083108
0.10226
0.16252
0.16444
0.15063
0.17077
0.094979
0.59294
0.16674
0.20652
0.16197
0.10993
0.1207
0.33148
0.31097
0.10989
0.32856
0.14462
0.55968
0.58113
0.10495
0.23916
0.20977
0.21753
0.63082
0.27311
0.7962
0.34043
0.37659
1.2119
0.11469
0.27143
0.20648
0.21284
0.20404
0.67757
0.17972
0.070378
1.0229
0.49342
0.90425
0.58101
0.35507
0.095292
0.64956
0.26386
0.2951
0.0788
0.69255
1.3054
0.1006
0.17197
1.0244
0.56841
0.14292
0.13433
1.3573
0.13278
0.54216
0.085107
0.12754
1.2279
1.1166
0.22637
0.09295
0.46354
0.98093
0.11767
0.588
1.1899
0.96063
0.65672
0.61911
1.1945
0.16849
0.081921
1.1297
0.19763
0.084965
0.1486
0.77143
0.16031
1.0419
0.24129
0.75373
1.1225
0.55011
0.44112
0.16354
0.30216
0.5644
0.21867
0.089554
1.0729
0.13535
0.33521
0.26088
0.63013
0.66426
1.0671
0.41891
0.12991
0.16373
0.86197
0.6526
0.35276
0.11546
0.36573
0.3557
0.29629
0.34869
0.22004
0.14592
0.12038
0.55238
0.089962
0.2408
0.080384
0.11989
0.76101
0.95648
0.2548
0.17741
0.55584
0.51327
1.1719
0.11131
0.075788
0.17911
0.17931
0.076169
0.8224
0.31837
1.1997
0.18705
0.50881
0.058892
0.18689
0.35733
0.2819
0.14514
0.16359
0.12396
0.08077
0.20892
0.14573
0.12191
0.21063
0.59516
1.5075
1.605
0.17758
0.52053
0.63747
0.35096
0.16548
0.080818
0.12265
0.10536
0.66237
0.21956
0.11956
0.73091
1.3629
0.13401
0.17287
0.22503
1.0177
0.46799
0.79352
0.10013
0.45667
0.33768
0.11038
0.48633
0.57228
0.13073
0.63221
0.37267
0.08292
0.091824
0.19876
0.65615
0.07411
0.10907
0.051408
0.66876
0.35764
0.95995
0.083948
0.19491
0.1219
0.16427
0.074483
0.094218
0.098286
0.39724
0.26215
0.19861
0.38164
0.13688
0.41822
0.42338
1.1252
0.10274
0.095709
0.24752
0.071602
0.095911
0.12157
0.74245
0.23462
0.64887
0.22622
0.35047
0.58991
0.22944
0.075704
0.43974
1.0463
0.9147
0.16009
0.48971
0.35079
1.0645
0.31802
0.32958
0.72364
0.87139
0.37974
0.057683
0.1577
0.36911
0.071257
0.087286
0.57621
0.17122
0.3741
0.10191
0.11839
0.12283
1.1655
0.29471
0.35332
0.44401
0.063086
0.75047
1.1534
0.58213
0.087265
0.21929
1.1531
0.24957
0.28203
0.39907
1.0011
0.28901
0.21965
0.46936
0.73906
0.17392
0.22633
0.43863
0.52064
0.90978
0.44497
0.23105
0.43721
0.26856
0.10598
0.12535
1.3323
1.1436
0.25922
0.084509
0.63161
0.9588
0.63749
0.74602
0.28378
0.94221
0.90242
0.7213
0.39892
1.1196
0.093425
0.4803
0.70832
0.69561
0.17625
0.31249
0.57639
0.5231
0.30048
0.48852
0.91954
0.98276
0.12101
0.15864
0.39937
0.58088
0.073763
0.53123
0.15705
0.65279
0.18413
0.41232
1.5157
0.56172
0.58895
0.10789
0.13277
0.31792
0.19515
0.15287
0.9339
0.43452
0.38194
0.35693
0.75428
0.42538
0.18862
0.18394
0.68411
0.65519
0.33971
0.43021
0.10521
0.087544
0.34
0.11843
0.085864
0.37527
0.24222
0.34137
0.93846
1.3807
0.45673
0.19873
0.56901
0.23255
0.57374
1.2185
0.13523
0.082377
0.95399
0.21597
0.61197
1.2512
0.20277
0.21599
0.089425
0.078411
0.16745
0.09231
0.69231
0.20061
0.27261
0.060164
0.13829
0.59739
0.31872
0.47251
0.65758
0.15409
0.090939
0.094098
0.96237
0.19768
0.73337
0.53166
1.2004
0.64359
0.71284
0.27595
0.12318
0.66049
0.10958
0.55941
0.8521
0.62578
0.053636
0.16869
0.24543
0.26489
1.0459
0.092398
0.74112
0.54362
1.2481
0.26491
0.18754
0.081968
1.1075
0.91014
1.0895
0.32976
0.087767
0.21319
0.74871
0.8861
0.17028
0.12635
0.24172
0.20476
0.13609
0.44647
0.17934
0.54339
0.91589
0.18918
0.13646
0.43627
0.28068
0.80803
1.3564
0.95117
0.78066
0.11471
0.3129
1.3705
0.12834
0.079605
0.94093
0.13617
0.11152
0.27414
0.42995
0.71283
0.10564
0.73836
0.12274
0.079102
1.0894
0.40771
1.0803
0.41361
0.27894
1.1311
0.28683
0.32153
0.30149
0.18761
0.77074
1.1941
0.1609
0.26946
0.26707
1.2134
0.23645
1.1725
0.50524
0.13598
1.6411
0.089604
0.69337
0.25361
0.4267
0.11501
0.46134
0.40867
1.2765
0.19107
0.20174
0.37619
0.18438
0.44903
0.29557
0.79487
0.43209
0.55691
1.2801
1.3983
1.2742
0.1188
0.22431
0.12041
0.091806
0.12534
0.12216
0.15191
1.3021
1.4341
0.13079
0.71296
0.19259
0.26907
1.2129
0.39431
0.12464
0.37742
0.20211
0.42038
1.0636
1.0635
0.11962
0.31078
1.0287
0.91763
1.0235
0.22929
0.38556
0.41784
0.40729
1.3582
0.10389
1.1861
0.30965
0.11472
0.16341
0.92929
0.47361
0.087521
0.20303
0.34333
0.091229
0.75968
0.082213
0.11064
0.35349
0.094301
0.27597
0.72941
0.46045
0.43841
1.4178
0.7433
0.23664
0.070908
0.50568
0.10398
0.089725
0.34823
0.12612
0.098653
0.124
0.072945
0.094653
0.46786
0.091357
0.08495
0.18609
0.40897
0.11006
0.65321
0.77583
0.10758
0.13449
0.24015
0.25873
0.17687
0.17948
0.59587
0.17449
0.84811
1.0583
0.67489
0.93525
0.20681
0.10425
0.54836
0.1028
0.49043
0.17552
0.72081
0.10325
0.72239
0.22656
0.1455
1.0937
1.1552
0.1232
0.17804
1.0663
0.84037
0.81001
0.13194
0.20052
0.44073
1.2138
0.12016
0.13806
1.2209
0.41582
0.10685
0.10495
0.072762
0.22719
0.64969
1.1059
0.24593
0.16052
0.54839
0.3473
0.67836
0.1595
0.11152
0.95367
0.34238
0.23283
0.52184
0.49039
0.21269
0.18857
0.14504
0.93634
0.17533
0.10045
0.14289
0.81253
0.63069
0.61527
0.25351
1.108
0.12648
0.78136
1.2822
1.1693
0.10771
0.21247
0.56765
0.12346
0.12796
0.27729
0.4938
0.338
0.076704
0.48019
0.083004
0.19725
0.34674
0.73195
0.35783
0.6277
0.51011
0.095397
0.23872
0.17317
0.21973
0.37131
0.73437
1.1861
0.71501
0.094527
0.37248
0.38901
0.24126
0.1214
0.64401
0.12034
0.31524
0.26166
0.30582
0.25849
0.10874
0.369
0.14487
0.15023
0.58026
0.27711
0.076188
0.44148
0.2727
0.095175
1.1043
0.12708
1.1352
0.074951
0.6537
0.12191
0.28987
0.14912
0.56303
0.95683
0.10588
0.19895
0.47328
0.74503
0.9467
0.1118
1.0448
0.09301
1.4288
0.11455
0.26587
0.22963
0.51232
0.088303
0.38729
0.35151
0.50148
0.12604
0.28286
0.30307
0.33213
0.32415
0.6619
0.67455
0.48323
0.15354
0.36719
0.094857
0.090928
0.52552
0.20359
0.6079
0.15749
0.61331
0.1371
1.1767
1.257
0.3943
1.0565
0.21008
0.13931
0.60494
0.26776
0.15773
0.071991
0.17038
0.31102
0.16067
0.29404
0.1458
0.83046
0.14468
0.129
0.94693
0.16638
0.26836
0.3669
0.14999
1.2309
0.3345
1.494
1.0775
0.10915
0.27722
0.18389
0.72779
0.23282
0.62697
0.76344
0.5324
0.82317
1.1098
0.20574
0.30181
0.63096
0.2596
1.1041
0.11101
0.1202
0.19396
0.20738
0.090315
0.5712
0.61388
0.65445
0.67492
0.46828
0.61543
0.15328
0.21956
0.43267
0.41915
0.24632
0.20694
0.63538
1.1748
0.28126
0.13469
0.22213
1.0794
1.0535
0.19371
1.2386
1.1775
0.098748
0.93935
0.16726
0.92894
0.36249
0.40793
0.11706
0.069286
0.098265
0.21017
0.26715
0.1577
0.31521
0.089887
0.14332
0.23488
0.18421
0.2238
0.15035
0.46891
0.50699
0.1242
0.12076
0.55074
0.22615
0.56771
1.2106
0.55536
0.17009
0.24871
1.0982
0.36265
0.68078
0.65988
0.12458
0.38193
0.83203
0.27446
0.34391
1.1741
1.0749
0.17547
0.36636
0.10981
0.44863
0.27792
0.69474
0.66416
0.59271
1.1671
0.5808
0.69703
0.5466
0.16288
0.14044
0.08309
0.79887
0.46108
0.10862
0.76779
0.49804
0.18879
0.1129
0.71945
0.081159
0.15655
0.21001
0.66916
0.15822
0.66425
0.80263
0.21012
1.1323
0.068999
0.17455
1.4383
0.7291
0.43528
0.077734
0.6432
0.20599
0.12548
1.0613
0.42548
1.0292
1.0976
0.12366
0.1325
1.1722
0.39135
0.54479
0.2049
0.28323
0.30567
0.44445
0.096575
0.13754
0.41454
0.46054
0.39308
0.4924
0.15422
0.21776
0.35643
0.8696
0.14788
0.30301
0.11696
1.5024
0.12527
0.087573
0.32896
0.10483
0.12509
0.16274
0.71721
0.33019
0.3455
0.15584
0.16662
0.95215
0.31503
0.079868
0.17261
0.45537
1.1208
0.17477
0.75794
0.95861
0.12014
0.21699
1.1698
0.35664
0.76775
0.84084
0.12388
0.15527
1.1351
0.54012
0.15325
0.4374
0.20672
0.82317
1.0981
0.65294
0.12563
0.11537
0.44363
0.085538
0.32535
0.25697
0.1631
0.93593
0.1677
0.29378
0.24033
0.25277
0.20389
0.2461
0.34103
0.43287
0.41039
0.071431
0.16716
0.37577
0.080585
1.0497
0.95144
1.1152
0.19944
0.45327
0.24822
0.64257
0.085845
1.1891
0.11132
0.71192
0.13742
0.94511
0.14999
0.53264
1.0604
1.0773
0.7779
0.9248
1.1592
1.4353
0.26123
0.7015
0.33606
1.1588
0.10186
0.24804
0.06179
0.39454
0.26116
0.1001
1.0164
0.32002
1.2908
0.11552
0.086677
0.0718
0.76493
0.12625
0.13404
1.3387
1.0992
1.1283
0.55103
0.1166
0.10358
0.27546
0.44982
0.12032
0.23222
0.12798
0.7331
0.22311
0.22985
0.088459
0.12203
0.53501
0.084269
1.1331
0.11291
0.17214
0.085605
0.55749
0.070814
0.25686
0.085125
0.88573
0.34769
1.1409
0.20341
0.14337
0.28306
1.1918
0.13613
0.39273
0.098349
0.13488
0.25636
0.11326
0.16748
0.20354
0.18756
0.11671
1.0344
0.32228
0.69614
0.12203
0.29876
1.1915
0.13599
0.16817
0.34279
0.14251
0.53425
0.25752
0.52125
0.42155
0.12968
0.60386
0.83677
0.35214
1.017
1.2706
0.17823
0.46076
0.37328
0.74849
0.13769
0.076499
0.34214
0.22209
0.44006
0.22883
1.1491
0.16875
0.082968
0.326
0.79017
1.1662
0.7767
0.52331
0.1632
0.77424
1.2843
0.095198
0.28708
0.37162
0.65308
0.15344
0.81416
1.1412
0.96767
0.71531
0.77177
0.22489
0.10662
0.22656
0.10853
0.62906
0.81049
0.49133
0.67102
0.97967
0.10233
0.36738
0.3088
0.58681
0.128
0.16896
0.11269
0.99415
0.17092
0.79565
0.15808
0.1809
0.063983
0.48673
0.50706
0.10708
1.2843
0.24886
0.12987
0.095741
0.24411
0.4315
0.096401
0.13512
0.57712
0.3681
0.40393
0.53384
0.38175
1.1388
0.74502
1.1672
0.12784
0.18278
0.10894
1.1153
0.59726
0.53296
0.66678
0.17154
0.17238
0.32534
0.090513
0.094752
1.1625
0.06231
0.82483
0.19428
0.12844
0.20602
1.057
0.92962
1.1278
0.54662
1.0286
0.99432
0.55765
0.1142
0.07218
0.18063
1.4249
0.2517
0.3364
0.10947
1.1077
0.087934
0.518
0.15151
0.93488
0.36632
0.099405
0.34882
0.1329
0.10871
0.35993
0.67195
0.44251
0.10579
0.2566
1.0745
0.31246
0.60734
0.24158
0.24235
0.06309
1.0725
0.95896
0.46487
0.10083
1.1574
0.14331
0.56901
0.18137
0.92564
0.27675
0.38745
0.32354
0.68813
0.14532
1.1584
1.1024
0.31802
0.41403
0.10725
0.10906
1.1705
1.2097
0.63592
0.34118
0.3309
0.098629
0.085139
0.53578
0.29592
0.25495
0.20229
0.21586
0.11249
0.34887
0.2424
0.33352
0.57744
0.30071
0.39756
0.26961
0.17711
0.25826
0.24969
0.089416
0.087332
0.29138
0.68256
0.1199
0.12483
0.096838
0.36434
0.16867
0.57128
0.94416
0.19014
0.078302
0.20365
0.12557
0.13592
0.38659
0.81832
0.9036
0.13675
0.11194
0.15077
0.11894
0.15483
0.91632
0.16104
0.15223
0.63074
0.095655
0.539
1.0105
0.074674
0.19109
0.11245
0.8954
0.095834
0.31822
0.10536
0.70173
0.55878
1.3629
0.45083
0.08325
0.12541
0.97179
0.18353
0.12999
0.088795
0.49
0.35609
0.10099
0.97119
0.77767
0.29324
0.207
1.2175
0.075243
0.78528
0.10624
1.0341
0.38978
0.56115
0.088197
0.97963
0.31416
1.0396
0.44601
0.22723
0.082664
1.059
0.22107
0.62256
0.14921
0.42431
0.80112
0.19655
0.19446
0.33198
0.10494
0.11935
0.58583
0.091927
0.17471
1.2628
0.17409
0.24684
0.14662
0.7975
0.60484
0.28957
0.64622
1.2491
0.12421
0.48046
0.17177
0.8001
0.35232
0.46167
0.51426
1.0446
0.24805
0.085835
0.37383
0.85716
0.73545
0.10395
0.12989
0.23548
0.18181
0.34259
0.16535
0.15325
0.16162
0.23935
1.0565
0.49296
1.4955
0.23903
0.83281
0.1377
0.10868
0.15213
0.097074
0.60965
0.21992
0.1789
0.17815
0.47015
0.23928
0.11797
1.0463
0.13845
0.086384
0.41291
0.99054
0.39274
0.077301
0.69014
0.18534
0.14056
0.096157
0.95365
0.31624
0.30464
0.085164
0.17813
0.4361
0.097387
0.62671
0.61621
0.24034
0.11792
0.20476
0.20474
1.0223
0.21703
0.11581
0.085379
1.1675
0.44333
0.24214
0.26995
0.12612
0.12449
0.34606
0.93332
0.89517
0.078077
0.11553
0.21916
0.40968
0.327
0.10029
0.57225
0.23299
0.087115
0.70275
0.13053
0.39519
0.38683
0.51343
0.14811
0.10112
1.244
0.10977
0.11215
0.24241
0.54574
0.1061
0.13021
0.10832
1.2011
0.21707
0.30094
0.9714
0.074111
0.10814
0.36606
0.42262
0.89966
0.49108
0.083729
1.0147
0.16348
0.097035
0.36143
0.27844
0.074453
0.2317
0.071061
0.14746
0.25874
0.17247
1.6268
0.17314
1.1334
0.15338
0.41279
1.0544
1.4161
0.59805
0.77738
0.093065
0.39863
0.38083
0.06052
0.87131
0.29998
0.09262
1.0183
0.45921
0.10491
0.21295
0.23843
0.30643
0.57309
0.10557
0.70889
0.80953
0.27447
1.0746
0.22904
0.27303
0.080974
0.18875
0.50712
0.50845
1.0703
0.098846
0.056292
0.69944
0.52433
0.80083
0.15509
0.31399
0.9183
0.91555
0.34048
0.10719
0.275
0.83924
1.0016
0.90441
0.8936
1.0496
0.31839
0.55889
0.087758
0.4445
0.15725
0.85718
0.64644
0.22214
0.84293
0.080762
0.22474
1.0996
0.17974
0.13914
0.38876
0.11548
0.98201
0.16017
0.25158
1.425
0.21057
0.18344
0.079137
0.094454
0.32248
0.08649
1.2242
0.83512
0.67667
0.38257
0.45071
0.070109
0.51219
0.08688
0.86709
0.17385
0.31747
0.080577
0.61747
0.18985
0.21399
1.1635
0.26637
1.0313
0.14757
0.09281
1.2255
0.50129
0.091434
0.15997
0.41111
0.55126
0.16847
0.073244
0.31886
0.081239
0.17575
0.09957
0.20561
0.13178
0.36635
0.39203
1.031
0.31877
0.28927
0.21841
0.68015
0.25691
0.14669
0.57233
0.25882
0.38935
0.2221
0.13633
0.29856
0.52799
0.2285
0.11291
0.36073
0.35821
0.22316
0.22045
0.11457
0.15821
0.0701
1.0495
0.22084
0.18097
0.17804
0.084355
0.67768
0.61832
1.1498
0.13345
0.35908
0.30474
0.13482
0.45579
0.13697
0.61059
0.13271
0.062255
0.98865
0.098344
0.12527
0.54171
0.14997
0.14116
0.53721
1.1513
0.088089
0.35661
0.19935
0.46491
0.45238
0.15233
0.090073
0.49
0.089095
0.16968
0.39599
0.25335
0.14142
0.89329
0.77834
0.46472
0.2835
0.32197
1.1108
0.14862
0.56233
0.51772
0.14019
0.094636
0.169
1.0516
0.49254
0.72844
0.15751
0.18392
0.17043
0.17001
0.31107
0.57489
1.2248
0.097519
0.80529
0.077635
0.15267
0.19176
0.215
0.16212
0.61481
0.095416
0.13511
0.29103
0.80703
0.89175
1.4985
0.06953
0.49891
0.81197
0.64491
0.64818
0.63066
0.1259
0.091971
0.18638
0.58244
0.13778
1.0067
1.0278
0.13205
0.068942
0.25451
1.0951
0.2073
0.22292
0.51386
0.82827
1.3012
0.10938
0.60781
0.28719
0.82555
0.19606
0.11183
0.083248
0.51173
0.38838
0.099524
0.24526
0.62472
0.16973
0.37643
0.12766
0.14754
0.43154
0.072637
0.064991
0.099461
0.65892
0.76783
0.18682
0.39055
0.15778
0.31454
0.82428
0.13811
0.56451
0.40493
0.35242
0.24214
0.45432
0.14849
0.11163
0.063182
0.83896
0.12696
1.2318
0.4953
0.9889
0.10809
0.40424
1.046
0.48106
0.8579
0.76965
0.71132
0.40959
0.12072
0.39303
1.4426
0.34487
0.28185
1.1442
0.3729
1.1646
0.93858
0.16904
0.36458
0.79441
0.32217
0.26823
0.17814
0.71523
0.14306
0.42339
0.44524
0.61245
0.41594
0.30924
0.71196
0.17797
0.45217
0.38947
0.078581
1.3698
0.25168
0.10211
1.2392
0.48653
0.10041
0.36914
0.095396
0.082471
0.83793
0.5164
0.12715
0.4194
1.1985
0.089218
0.64556
0.30061
0.33908
0.068687
0.31808
1.224
0.12569
0.47355
0.16932
0.41702
0.21139
0.37232
0.32608
0.49688
0.50216
0.17995
0.11011
0.18438
0.47654
0.10296
0.38616
0.69482
0.90286
0.11488
0.068661
0.072029
0.21754
0.18246
0.13159
0.12816
0.079616
0.16022
0.25819
0.1701
0.2544
1.0513
0.81844
0.75764
0.12096
0.13173
0.98276
0.12778
1.2302
0.096109
0.092427
0.48599
0.1151
0.25265
0.11087
0.23169
0.63334
0.15261
0.46611
0.14777
0.17682
0.32256
0.088112
0.11723
0.14574
0.10295
0.076848
0.31733
0.68955
0.16919
0.11219
0.41567
0.20601
0.16147
0.97985
0.30212
0.30891
0.2224
0.19936
1.7355
0.2176
0.087198
0.22349
0.1512
0.80712
1.0427
0.16069
0.14402
0.11598
0.17197
0.79811
0.48128
0.9064
0.16344
0.20101
0.13847
0.74621
0.88087
1.0364
0.19976
0.86814
0.61979
0.77127
0.11228
0.60829
0.74642
1.2044
0.13056
0.39841
0.14275
0.086039
0.25311
0.70827
0.41235
0.14141
0.09962
1.1902
0.073705
0.099222
0.093483
0.17425
0.076726
0.50484
0.08365
0.30191
0.31442
0.11326
1.1041
0.80738
0.18466
0.69089
0.22435
0.12577
0.17032
0.18881
0.1711
0.15991
0.49445
0.095738
0.96429
0.12973
0.62703
0.13068
0.17664
1.0793
0.090014
0.10552
0.37983
0.8975
0.83946
0.26311
0.06672
0.32749
0.69999
0.079244
0.16387
0.57325
0.40028
0.34563
0.16959
0.3253
0.16169
0.40355
0.072969
1.0842
1.1864
0.2756
0.40696
0.52362
0.67466
0.09987
0.54271
0.32455
0.22763
0.12035
0.67126
0.085489
1.6865
1.5538
0.73047
1.2398
0.10303
0.19989
1.1177
0.1444
0.23357
0.11436
1.1284
0.13014
0.093083
0.25164
0.14701
0.83991
0.60111
0.44138
0.61099
1.1644
0.98062
0.068835
0.20535
0.97129
0.088689
0.093594
0.42703
0.53298
0.18615
0.18845
1.0109
0.21467
0.096612
0.11589
0.17964
0.24789
0.38182
0.089164
0.18135
0.15208
0.1289
0.89201
0.56056
0.95427
0.11169
0.10407
0.29518
0.78656
0.66625
0.1805
0.79043
0.083272
0.41473
0.22068
0.20009
0.21416
0.090177
1.0954
0.098842
0.2473
0.32669
1.0423
0.31038
0.19732
0.67208
0.55947
0.70043
0.19248
0.71564
0.17751
0.082256
0.18177
0.12524
0.34075
0.14086
0.35083
0.16712
0.56492
0.75425
1.2933
0.23394
0.61526
1.3351
0.1305
0.47453
1.1049
0.098651
0.25418
0.26685
0.28806
0.84384
0.14033
0.21906
0.28675
0.23123
0.47901
0.19494
0.12696
0.89479
0.3406
0.082197
1.0732
0.79702
0.34795
0.18256
0.15594
0.9935
0.32043
0.20618
0.11483
0.064473
0.1176
0.29846
0.32482
0.10269
0.1958
0.21697
0.36781
0.46324
0.26395
0.93827
0.22072
1.255
0.20812
0.15144
1.0454
1.1005
0.17421
0.73481
0.4563
0.12145
0.91401
0.16264
1.1683
0.20672
0.17086
0.4214
0.11129
1.2261
0.94982
0.71122
0.10735
0.19413
1.0647
0.10508
0.53866
0.12035
0.11342
0.15436
0.33737
1.1406
0.85776
0.24479
0.36101
0.3344
0.44583
0.40941
0.078835
0.33146
0.12881
0.35048
0.43849
1.3668
0.15252
0.39876
1.2027
0.086504
0.25695
1.3078
0.10452
0.24132
0.087861
0.087364
0.66768
0.20533
0.37741
1.186
0.69576
0.13029
0.41873
0.084678
0.37618
0.4302
0.19509
0.33086
0.2603
0.17031
1.2201
0.12384
0.27428
0.76028
0.60049
1.5485
1.2281
1.1333
0.21827
0.12066
0.064578
0.34671
0.27246
1.0648
0.27035
0.99241
0.18768
0.77792
0.21386
0.092611
0.90581
0.27948
0.16285
0.20341
0.81002
0.23756
1.0021
0.32996
0.09115
1.25
0.09894
1.0577
1.076
0.41556
0.12714
0.60848
0.16049
0.19834
0.17435
0.078991
0.10715
0.22529
0.2632
0.40171
0.082808
0.64395
0.43496
0.79086
0.4199
0.083643
0.65073
1.2302
0.481
0.2577
0.081439
0.53401
0.323
0.096102
1.3149
0.18066
0.23916
0.14333
0.77838
0.13308
0.25015
0.7962
0.34043
0.16528
1.0446
0.26025
0.29111
0.10174
0.28742
0.9425
0.17527
0.17972
0.82327
0.14025
0.34205
0.47326
0.3123
0.35507
0.44851
0.49611
1.0626
0.31872
0.38781
0.25205
0.12048
0.8975
0.12627
0.15361
0.175
0.62244
0.13433
1.0685
0.33232
0.15129
0.085107
0.1016
1.0825
0.87192
0.85961
0.09295
1.1176
0.98093
0.1665
0.25039
1.1899
0.5515
0.18329
0.1406
0.27087
0.19966
0.074385
0.15106
0.54487
0.084965
0.1486
0.18887
0.069679
0.59697
0.24129
0.18087
0.75291
0.30607
1.2246
0.16354
0.18249
0.1199
0.30699
0.36671
0.49955
0.66069
0.6322
0.18924
0.80262
0.068023
0.28901
0.19972
0.66135
0.67441
1.1894
0.45243
0.47156
0.51857
0.083414
0.14023
1.1402
0.12107
0.65226
0.28104
0.11756
0.45367
0.32326
0.089841
0.079618
0.33275
0.20739
1.052
0.2548
0.083725
1.1568
0.15007
0.84602
0.19189
0.28504
0.17911
0.18094
1.2583
0.15011
0.28074
1.0216
0.5856
0.93579
0.099112
1.2199
0.38397
0.47242
0.14514
0.16359
0.57015
0.07658
0.20892
0.58286
0.70609
0.2997
0.8803
0.13766
1.2784
0.59084
0.21334
0.34638
0.23591
0.29004
0.14735
0.12766
0.17707
0.14189
0.36625
0.18079
0.73091
1.3629
0.77451
0.16755
0.17226
0.63972
0.73591
0.11693
0.10776
0.20655
0.25387
0.47198
0.48633
0.16207
0.13073
0.18835
1.1975
0.08292
0.12988
0.14031
1.1758
0.07411
0.089383
0.81779
0.66876
0.36257
0.11463
0.083948
0.19491
0.62919
0.086074
0.074483
1.1177
0.27624
0.11245
0.33396
0.10544
0.11202
0.13491
0.70217
0.42338
0.13301
0.10274
0.24686
0.19918
0.34671
0.095911
0.12157
0.8064
0.23462
0.41986
0.20778
0.80636
0.58991
0.43284
0.67575
0.43974
0.30241
0.13037
0.083507
0.33258
1.0965
0.25806
0.31802
0.32958
0.08735
0.1737
0.24961
0.057683
0.6461
0.5333
0.13863
0.11067
0.57621
0.24254
0.59823
0.35359
0.69328
0.094116
0.67819
0.16151
0.67906
0.10862
0.12189
1.2314
0.91165
0.58213
1.0882
0.96588
0.071482
0.98551
0.14325
0.16738
0.54947
0.28901
0.086805
0.5922
0.43865
0.17392
0.07664
0.7245
0.3826
1.1011
0.53962
0.42532
0.13077
0.069357
0.10598
0.13231
0.10207
0.26983
0.96086
1.1427
0.093341
0.9588
0.092509
0.4161
0.41455
1.4931
0.90242
0.49227
0.1663
0.44389
0.34812
0.09896
0.24727
0.61613
0.16247
0.27857
0.71241
0.5231
0.15959
0.15522
0.91954
0.44326
0.12101
0.30275
0.27226
0.71577
0.48484
0.29954
0.15705
0.087042
0.070802
0.95043
1.5157
1.1888
0.42736
0.10789
1.0545
0.19282
0.16286
0.15287
0.42924
0.082025
0.23314
0.35693
0.29734
0.38372
0.68636
0.18394
0.68411
0.23683
1.1102
0.51763
0.26504
0.075131
1.0656
0.49478
0.085864
0.22377
0.79747
0.50695
0.09782
0.72426
0.062798
0.067307
0.36509
0.34047
0.53271
0.20881
0.42876
0.3764
0.36944
0.21597
0.61197
0.54226
0.16456
0.21599
0.22704
1.3762
0.16745
0.88301
0.18114
0.20061
0.23348
1.0902
0.15486
0.28397
0.31872
0.094506
0.43322
0.2131
0.6041
0.93276
0.44075
0.079809
0.11738
0.40932
0.9199
0.06808
0.098316
0.16945
0.16205
0.66049
0.10958
0.55941
0.8521
0.62578
0.053636
0.16869
0.24543
0.26489
1.0459
0.092398
0.74112
0.54362
1.2481
0.26491
0.18754
0.081968
1.1075
0.91014
1.0895
0.32976
0.087767
0.21319
0.74871
0.8861
0.17028
0.12635
0.24172
0.20476
0.13609
0.44647
0.17934
0.54339
0.91589
0.18918
0.13646
0.43627
0.28068
0.80803
1.3564
0.95117
0.78066
0.11471
0.3129
1.3705
0.12834
0.079605
0.94093
0.13617
0.11152
0.27414
0.42995
0.71283
0.10564
0.73836
0.12274
0.079102
1.0894
0.40771
1.0803
0.41361
0.27894
1.1311
0.28683
0.32153
0.30149
0.18761
0.77074
1.1941
0.1609
0.26946
0.26707
1.2134
0.23645
1.1725
0.50524
0.13598
1.6411
0.089604
0.69337
0.25361
0.4267
0.11501
0.46134
0.40867
1.2765
0.19107
0.20174
0.37619
0.18438
0.44903
0.29557
0.79487
0.43209
0.55691
1.2801
1.3983
1.2742
0.1188
0.22431
0.12041
0.091806
0.12534
0.12216
0.15191
1.3021
1.4341
0.13079
0.71296
0.19259
0.26907
1.2129
0.39431
0.12464
0.37742
0.20211
0.42038
1.0636
1.0635
0.11962
0.31078
1.0287
0.91763
1.0235
0.22929
0.29474
0.41064
0.80633
0.18728
0.13502
0.074056
1.1258
0.11472
0.91448
0.23721
0.99988
0.56007
0.15126
0.34333
0.091229
0.29946
1.2415
0.27968
0.38899
0.45724
0.37898
0.72941
0.35929
0.09161
1.4178
0.67984
0.2977
0.29192
0.26743
0.21226
1.2714
0.39235
0.34161
0.072091
0.12248
0.13571
0.10452
0.10962
0.19886
0.22418
0.21376
0.17687
0.15102
0.14401
1.003
0.32014
0.13449
0.46591
0.48015
0.090798
1.2273
0.31361
0.58047
0.22374
1.0003
0.083916
0.72779
0.076637
0.20338
0.46091
0.1028
0.27889
0.17552
0.1167
0.34262
0.98574
0.38909
0.16701
0.1496
0.53678
0.43304
1.0284
1.1095
0.7173
0.16825
1.1344
0.50889
0.1698
0.095451
0.41932
0.43737
1.349
0.19907
0.35682
0.1417
1.162
0.22719
0.40314
0.79313
0.84406
1.167
0.21436
0.15978
0.25086
1.736
1.2477
0.15105
0.43018
0.08498
0.28795
0.4026
0.35152
1.0396
0.32478
0.61013
0.17533
0.69247
0.39746
0.47247
0.06869
0.32441
0.34168
0.34278
0.33984
0.11076
1.2822
0.14299
0.24618
1.1059
1.2789
0.44659
1.1671
0.83551
0.63291
0.38053
0.48227
0.20074
0.33015
0.24349
0.14484
0.089538
0.3221
0.10235
0.51011
0.42365
0.12246
0.21289
0.21259
0.068782
1.1383
0.24785
0.71501
0.50633
1.0334
0.38901
0.24126
0.1214
0.48313
0.16213
0.31524
0.16058
0.3008
0.2652
0.13852
0.20518
0.22604
0.13244
0.21395
0.25031
0.10282
0.51498
0.28434
0.51338
0.24004
0.31909
0.12632
0.10953
0.44557
0.8582
0.32698
1.2939
0.19258
0.18316
0.10588
0.46555
0.17001
0.08706
0.309
0.85371
0.65634
0.79978
1.2051
0.11455
0.39016
1.0068
0.64483
0.10849
0.97284
0.076509
0.22395
0.21907
0.53889
0.17359
1.0463
0.41582
0.99422
0.33595
0.24544
0.34984
1.736
0.094857
0.16246
0.18991
0.20359
0.3799
0.13175
0.18609
0.27791
1.0663
0.079217
0.66215
0.50916
0.76332
0.31001
0.59979
0.19467
0.17424
0.30534
1.2317
0.16621
0.28162
0.29404
0.12643
0.1072
0.27575
0.48428
0.54044
1.0631
0.26836
0.80747
1.0484
1.2309
0.30279
0.082046
0.14308
0.34807
0.132
1.1413
0.11294
0.15116
1.193
0.36378
0.5324
0.18466
0.13261
0.22015
0.30181
0.24289
0.095704
0.14385
0.31166
0.096802
0.17834
0.20738
0.14292
0.84644
0.15863
0.16561
0.43222
0.91239
0.65679
1.1863
0.11057
0.069703
0.41915
1.1492
0.18438
0.33981
0.23128
0.13697
0.3241
0.16911
0.078328
0.55526
0.13309
0.15793
1.1775
0.53493
0.26481
1.4776
1.0472
0.075391
0.81907
1.0545
0.12209
0.22833
0.08465
0.33673
0.19781
0.073516
0.56557
0.16841
0.69283
0.24908
0.74339
0.24077
0.085318
0.69809
1.1492
1.2887
0.7626
0.20575
0.17347
0.68848
0.9496
0.23414
0.077541
0.84749
0.23951
0.88764
0.65988
0.13177
0.38193
0.12046
0.094103
0.26415
0.98614
0.43435
0.17547
1.0015
0.97163
0.076103
1.2537
1.0762
0.13069
0.46434
0.14044
0.9293
0.65591
0.54578
1.3984
0.74258
1.0547
0.29083
0.19689
0.87565
0.24489
1.1956
0.37243
0.86369
0.47658
1.2059
0.84581
0.21001
0.19527
0.66459
0.66425
0.80263
0.11218
0.089256
0.77931
0.087722
0.27851
0.7291
0.43528
0.18637
0.047989
0.20563
0.88718
1.0571
0.18125
0.83972
1.2195
0.12366
0.38707
0.096457
0.23972
0.087644
1.0257
1.2502
0.75151
0.44445
0.73693
0.29116
1.3161
0.4641
0.19261
0.83563
0.092737
0.2084
0.89766
0.8696
0.60757
0.52353
0.20844
1.5024
0.11798
0.10848
0.40906
0.23
0.11735
0.1323
1.3538
0.10805
0.42625
0.29218
0.83606
0.21335
0.225
0.20537
0.80252
0.45394
0.15135
1.0261
0.67672
0.15442
0.23082
0.21699
0.7813
0.35664
0.11777
0.085128
0.62642
0.15021
0.068155
0.26457
0.48912
0.67502
0.20076
0.26282
0.57488
1.2123
0.35952
0.10786
0.26524
0.278
0.068038
0.084825
0.087523
0.72405
0.68862
0.1726
0.12969
0.31581
0.45442
0.14267
0.09889
0.17528
0.083784
0.16071
0.1129
0.15314
0.18767
0.123
0.12107
1.1152
0.94165
0.53654
0.082399
0.14079
0.079218
0.84558
1.1136
0.74927
0.75267
0.94511
0.14999
0.49055
0.80038
1.0773
0.6929
0.21837
0.15274
0.10588
0.091047
0.10633
0.14317
0.075484
0.10186
1.0025
0.33243
0.14379
0.26249
0.41246
0.084687
0.41925
1.2908
0.11552
1.0681
0.0718
0.089478
0.12625
0.59514
0.15876
0.093967
0.085399
0.95018
0.13728
0.50336
0.24038
0.07811
0.12032
0.23222
0.13398
1.0153
0.17606
0.2074
0.22761
1.2335
0.6059
0.11792
0.099193
1.1001
0.3794
0.91399
0.46484
0.12819
0.25686
0.39047
0.88573
0.86175
0.5325
0.24721
1.0282
0.49735
0.48839
0.13303
0.39273
0.18491
0.39784
0.24576
0.49625
1.2011
1.2163
0.719
0.18253
0.17298
0.12914
0.8945
0.12203
0.2287
0.50227
0.068589
0.067057
0.097986
0.505
0.21126
0.25752
0.52125
0.29293
0.15397
0.60386
0.095805
0.98707
0.17724
0.422
0.71277
0.14972
0.38224
0.07103
1.3175
0.33734
0.090119
1.0726
0.55668
0.94638
0.42433
0.096689
0.59266
0.28082
0.27809
0.074373
0.17578
0.55434
0.89535
0.086845
0.078224
0.11565
0.1801
0.56747
0.21699
0.14859
0.54749
1.1801
0.20723
0.32254
0.77177
0.23138
1.0047
0.06557
1.063
0.67756
0.2739
0.35188
0.90382
0.14363
0.14245
0.18015
0.69221
0.096107
0.56903
1.1661
0.67797
0.99415
0.25766
0.538
0.60551
0.20344
0.83697
0.093904
1.266
0.15728
0.31246
0.24886
0.49489
1.218
0.24411
0.91959
0.096401
0.12737
0.57712
0.22097
0.40393
0.36708
0.10245
0.080266
0.32586
0.75559
0.31904
0.36856
1.0241
0.33775
0.59726
0.85652
0.11414
0.21771
1.144
0.33405
1.0955
0.079825
0.39041
0.62599
0.74774
0.082787
0.12844
0.10875
0.090375
1.1595
0.28818
0.55767
0.16479
0.94472
0.94381
0.18164
0.23953
0.65138
0.13587
0.35746
0.3364
0.44382
0.18085
0.13967
0.28657
0.14786
0.2266
0.069055
0.50779
0.16303
0.1329
0.41634
0.094828
0.14502
0.20311
0.10579
1.2263
0.14843
0.54786
0.84146
0.086421
0.14642
0.14678
0.94548
0.21371
0.27181
0.22649
0.48343
0.35336
0.34278
0.18137
0.08721
0.74256
0.23439
0.25403
0.30619
0.36233
0.4748
1.1024
0.25835
0.12891
0.1815
0.092509
0.93933
0.66469
1.0506
0.19602
0.38211
0.098629
1.2852
0.13437
0.84404
0.96423
0.3372
0.07463
0.21869
0.34887
0.066354
0.33352
0.15129
0.65756
1.0798
0.06364
0.1535
0.25826
0.2953
0.4402
0.67693
0.085103
0.68256
0.30431
1.0186
0.096838
0.1236
0.074823
0.57128
0.37097
0.18767
0.08222
0.1347
0.12557
0.20793
0.59906
0.11851
0.31015
0.87382
0.14997
0.9132
0.24603
0.10841
0.083773
0.20196
0.60239
0.63074
0.58686
0.64425
0.13247
0.19241
1.028
0.29312
0.096551
0.29815
0.16012
0.81829
0.70173
0.088748
1.3629
0.41216
0.18134
0.25325
1.1184
0.20121
0.092933
0.27903
0.16902
0.28929
0.32533
0.10599
0.77767
0.15673
0.46547
0.76096
0.12847
1.3063
0.47043
0.084165
0.12307
0.18291
0.36173
0.10401
0.52881
1.1545
0.083403
0.69615
0.29796
0.72529
1.1364
0.81212
0.33228
0.58201
0.80112
0.19655
0.66859
0.30581
0.34825
0.75867
0.13419
0.98284
0.21502
0.50533
0.88142
0.56391
0.55085
0.31091
0.52615
0.15288
0.69207
1.0944
0.42094
0.21362
0.36106
0.26284
0.086473
0.96088
0.36116
0.16065
0.087565
0.45073
0.061627
0.12897
0.40693
0.11489
0.22466
0.92633
0.83238
0.54825
0.058914
0.48103
0.12982
0.35975
0.29472
0.12212
0.71167
0.90642
0.28558
0.1377
0.14335
0.28795
0.14588
0.60965
0.12957
0.1789
0.50275
0.47015
0.28008
0.24739
0.16472
0.13845
1.0265
0.098197
0.99054
0.50168
0.58443
0.69014
1.2745
0.6531
0.74512
0.53929
0.11523
0.33304
0.1116
0.74614
0.17105
0.43693
0.2819
0.10097
0.44981
0.28873
1.0374
1.0382
0.87533
0.71685
0.55533
0.50915
0.084793
0.43502
0.45936
0.14491
0.7879
0.13494
0.30238
0.2228
1.1628
0.33349
0.76425
0.21916
0.23044
0.1551
0.23434
0.071824
0.23299
0.36151
1.1397
0.13053
0.14757
0.66234
1.1591
1.0312
1.4903
0.11115
0.47761
0.11801
0.16473
0.52712
0.43304
0.10851
0.10832
1.0841
0.11234
1.0737
0.14484
0.079476
0.10814
0.36606
0.62337
0.29965
0.14752
0.37407
1.0147
0.29713
0.11016
0.65189
0.15046
0.57653
0.82286
0.25428
1.0442
0.89496
0.30867
1.0213
0.22491
0.28724
0.48922
0.42707
0.93856
0.35617
1.5415
1.0776
0.17539
0.89345
0.08872
1.6409
0.72537
0.091678
0.09262
0.17409
0.45921
0.17016
0.8577
0.83194
0.10291
0.4878
0.74034
0.30944
0.088864
0.14456
0.12701
0.22904
0.15105
0.21939
0.47458
0.19019
0.15447
1.6076
0.45179
0.11985
0.18594
0.79869
0.93772
0.46586
0.31983
0.4612
1.0409
0.28047
0.82222
0.42036
0.35304
0.19932
1.0669
0.42006
1.1053
0.06848
0.13251
1.0451
0.31645
0.80208
0.85718
0.30239
0.15706
0.84293
0.98078
0.32701
0.17835
0.12208
0.2376
0.69259
0.069012
0.47409
0.40867
0.25158
0.68833
0.19891
0.70081
0.24612
0.22683
0.13257
0.23885
0.80224
0.42778
0.8973
0.088428
0.26002
0.16257
0.50471
0.35206
0.10346
0.37929
0.10131
0.080577
0.62623
0.1323
0.15219
0.098824
0.92152
0.77783
1.0935
0.81729
0.11036
1.0429
1.2458
0.10595
0.41111
0.10188
0.53019
0.87711
0.10111
0.081239
0.084514
0.71655
0.96732
0.13178
0.22912
0.39203
1.0275
0.22913
0.32649
1.0236
0.082884
0.24638
0.16808
0.66105
1.1066
0.37208
1.6943
0.09767
0.19545
0.77945
0.073799
0.11291
0.11077
0.092013
0.46296
0.22045
0.46483
0.49886
0.14431
0.15557
0.20852
1.1071
1.2291
0.20312
0.29599
0.9122
0.81987
0.33055
1.608
1.2782
0.13482
0.27919
1.2814
0.21344
0.27363
0.68353
0.89196
0.72907
0.13987
0.35684
0.1886
0.19267
0.53721
0.90901
0.73408
0.35661
0.19935
0.10225
0.12895
0.18876
0.26154
1.1327
0.27045
0.5413
0.13445
0.2475
0.14142
0.10428
0.23798
0.09739
0.52259
1.2786
1.1108
0.12086
0.085109
0.14955
0.14019
0.28249
0.3043
0.32051
0.1917
0.63619
0.32106
0.15612
0.16913
0.47517
1.046
0.93833
0.20886
0.18161
0.2417
0.5718
0.40535
0.6648
0.22773
0.78239
0.13183
0.23317
0.13511
0.54582
0.84946
0.47877
0.075638
0.17529
0.24153
0.70252
0.84361
0.21148
1.2471
0.24078
0.18962
0.083277
0.17348
0.19378
1.5106
1.0278
0.4473
0.097691
0.32363
0.12087
0.14639
0.14477
0.83311
0.23617
0.52788
0.22083
1.1987
0.53735
0.36391
0.4926
0.52274
0.11211
0.51173
0.094601
0.13521
1.2193
1.0494
0.48092
1.3535
0.12766
0.34871
0.35029
1.1113
0.96953
0.13978
0.90978
0.43014
0.18682
0.0755
0.11979
0.12394
0.82428
0.33578
0.54407
0.40493
0.36248
0.35532
0.10052
0.17496
0.90538
1.2854
0.16258
0.88255
0.24623
0.58316
0.17151
0.074209
0.2609
0.50403
0.29829
0.82874
0.3647
0.071102
0.27043
0.11184
1.6837
0.091063
0.17783
0.56812
0.63389
0.29296
0.17987
0.93858
0.31749
0.12498
0.79441
0.11011
0.17755
0.48401
0.098936
0.1313
0.10008
0.13683
0.15443
0.17415
0.53586
0.10788
0.39354
0.15399
0.32201
0.63472
0.70037
1.1582
0.11996
1.2392
0.1044
0.10041
0.76825
0.090087
1.1199
0.14804
0.64322
0.39595
0.11263
1.1985
0.33303
0.64556
0.065502
0.1089
0.34637
0.28313
0.12209
0.17989
0.40798
0.08231
0.12029
0.93182
0.11827
0.076198
0.18897
0.50216
0.3516
0.14937
0.25728
0.12305
0.10296
0.72437
0.57683
0.45184
0.21494
0.068661
0.072029
1.188
0.31101
0.49015
0.12816
0.14136
0.19528
0.069962
0.21237
0.1279
0.095176
1.1985
0.10691
0.58617
1.0264
0.98276
0.52492
0.18161
0.89816
0.09475
0.066622
0.26127
1.1638
0.11087
0.30862
0.13078
0.32182
0.50096
1.2519
0.78642
0.19478
0.40876
0.08817
1.6916
0.12408
0.3706
1.0694
0.38146
0.084394
0.15976
0.21647
0.13405
0.10821
0.33851
0.061579
0.61838
0.16617
0.082402
0.49071
0.2176
0.15152
0.51132
0.4062
0.066169
0.68356
0.16069
0.095668
0.27949
0.41822
0.13025
0.45068
0.13544
0.16414
0.071891
0.25241
0.74621
0.11647
0.15326
0.53242
0.86814
0.11615
0.50696
0.6284
0.088733
0.05073
1.2044
0.10032
0.88591
0.13621
1.1096
0.43733
1.078
0.13622
1.0917
0.11275
0.14236
1.357
0.15453
0.089154
0.40441
1.1146
0.7434
0.078202
0.10344
0.1478
0.11454
0.36297
1.2851
0.10186
0.83627
0.17545
0.087438
1.0826
0.1543
0.13673
0.10558
0.090234
0.095738
0.13381
0.09909
0.2018
0.13068
1.071
0.72358
0.25244
0.10552
0.26097
0.8975
0.14485
0.26311
0.28066
0.21196
0.19975
0.22689
0.1862
0.57325
0.28619
0.18939
0.34191
0.3253
0.16169
0.40355
0.50033
0.13595
0.1619
0.19387
0.58327
0.11976
0.26409
0.090251
0.45147
0.25881
1.0048
0.19612
0.37643
0.33839
1.0577
0.2916
0.73047
0.29176
0.18603
0.15691
0.24563
0.13492
0.78318
0.35031
0.93648
0.21549
0.31903
0.27818
0.078602
0.46981
0.13182
0.65609
0.24062
1.1644
0.27359
0.068835
0.081851
0.52622
0.85932
0.15378
0.17649
0.53298
0.22848
1.3327
0.17969
0.31578
0.096612
0.89027
0.40678
0.46844
0.38182
1.2113
0.59599
0.21302
0.5571
1.2195
0.56056
0.11123
0.10285
0.21608
0.24504
0.48837
0.59355
0.099479
0.79043
0.56865
0.76797
0.11396
1.0812
0.21416
1.2199
0.064174
0.27117
1.0235
0.078969
0.069627
0.087487
0.1513
0.26915
0.59963
1.2884
0.87957
0.056618
0.24064
1.0125
0.087362
0.15859
1.1244
0.068494
1.2811
0.14299
0.2541
0.62353
0.16725
0.094567
0.34496
1.3351
0.33882
0.48937
0.061599
0.67933
0.085144
0.51964
0.28806
0.097828
0.24836
0.89403
0.28675
0.28986
0.10522
0.30953
0.36708
0.45931
0.80921
0.19455
0.18059
1.5226
0.16036
0.141
0.86064
0.10134
0.073662
0.20618
0.10179
0.48761
0.79844
0.29846
0.91765
0.97863
0.1958
0.13435
1.2614
0.20049
0.32079
0.14347
0.24502
0.28312
1.0251
0.12348
0.33769
0.60824
1.0671
0.73481
0.78812
0.16671
0.30226
0.16264
0.1742
0.60991
0.17086
0.46089
0.54293
0.44483
0.11248
0.10756
0.36099
0.39169
1.0647
0.08152
1.0853
0.56407
0.26812
0.074252
0.33737
0.19417
0.14729
0.098704
0.36101
0.13642
1.5888
0.24887
0.77835
0.33146
0.12881
0.35048
0.31179
0.20569
0.075536
0.16729
0.18265
0.13678
0.36033
1.3078
0.14932
0.1407
0.58149
0.93876
0.61334
0.47442
0.38244
0.24356
0.29407
0.10559
0.099356
1.6552
0.37618
0.8001
0.12486
0.19941
0.2667
0.10185
0.78533
1.0811
0.17655
0.8688
0.31693
0.28979
0.76619
0.9369
0.21827
1.0144
0.064578
0.81678
0.27246
0.23934
0.72404
0.99241
0.30652
0.31983
0.14663
0.82786
0.20404
0.071848
0.27161
0.20341
0.78402
0.074908
0.2995
0.073506
0.26891
0.057992
0.58272
0.9054
0.51196
0.26752
0.30578
0.097726
0.089977
0.26285
0.11103
0.99011
0.14993
1.0279
1.3337
1.1336
0.078345
0.35209
0.14091
1.3957
0.31296
0.083643
0.49861
1.2028
1.2446
0.20013
0.081439
0.40742
0.27608
0.19503
0.28224
0.12106
0.15571
0.48021
0.42057
0.29848
0.25015
0.57415
0.33628
0.77793
0.29017
0.28369
0.29111
0.10174
0.099286
0.79279
0.19361
0.52917
1.3734
0.064593
0.34205
0.47326
0.71083
0.35507
0.094917
0.98644
0.16893
0.088679
0.83975
0.803
0.10993
0.84535
0.17647
0.28107
0.11565
0.17667
0.069357
0.11753
0.91298
0.34068
0.15474
0.13926
0.28758
0.49403
0.21334
0.29208
0.11196
0.08979
0.26714
0.27321
0.80366
0.16111
0.63719
0.24234
0.84334
0.29554
1.2627
0.27545
0.9478
0.82561
0.33427
0.2235
1.0178
0.59697
0.22501
0.35583
1.6243
0.37373
1.2175
0.1073
0.67991
0.38606
0.48507
0.15392
0.076199
0.71311
0.29854
0.12018
0.098557
0.12378
0.14323
0.20303
0.67171
0.26789
0.10992
0.10182
0.097724
0.71425
0.18471
0.27126
1.1402
0.15975
0.12804
0.39665
0.11756
0.16322
0.32326
0.36407
0.49389
1.4646
0.069689
0.17799
0.45372
0.41744
1.0225
0.15007
1.0522
0.44486
0.12916
1.0092
0.27591
1.2595
0.12022
0.75066
0.23996
0.5856
0.22517
0.22016
0.3
0.37613
0.97206
0.85406
0.78862
0.17034
0.3289
0.43048
0.078264
0.40597
1.1513
0.13348
0.52191
1.2784
0.37164
0.2179
0.90036
0.10156
0.29004
1.1019
0.12937
0.17275
1.1914
1.176
0.6225
1.0019
1.3629
0.57251
1.137
0.17226
0.12961
0.47962
0.20719
0.81739
0.47059
0.25387
0.11149
0.29412
0.29669
0.31325
0.38763
0.54764
0.22946
0.12399
0.11223
0.2344
0.097175
0.18354
0.089146
0.1975
0.12312
0.14391
0.093752
1.149
0.82823
0.89238
0.074483
0.80025
0.25158
0.9837
0.72274
0.10544
0.18122
0.13491
1.0195
0.10348
0.13301
0.366
0.22993
0.10309
0.23228
0.098692
0.12157
0.8064
0.23462
0.4439
0.20958
0.80636
1.1083
0.22469
0.40686
0.72127
0.16989
0.085441
0.19601
0.1454
0.10599
0.25806
0.068835
0.28666
1.1963
0.34007
0.093783
0.28073
0.57374
0.2835
0.36581
0.23421
0.3383
0.087659
0.62598
0.13765
0.88276
0.16127
0.2697
0.2478
0.48598
0.33651
0.23327
1.2997
0.21757
1.7198
1.0882
0.96588
0.071482
0.20367
0.15338
1.1796
0.54947
0.11097
0.086805
1.2447
0.1807
0.20951
0.38558
0.64434
0.084038
0.27165
0.48352
0.29641
0.13493
0.069357
0.33508
0.10527
0.12362
0.24174
0.17348
1.4151
0.093341
0.97821
1.2388
0.22414
0.41455
1.0508
0.14895
0.75125
0.19768
0.75456
0.34812
0.062779
0.093093
0.63702
1.3512
0.28455
0.073801
1.1646
0.080649
0.4504
0.10041
0.14244
0.31963
0.18452
0.076488
0.34128
1.322
0.12036
0.10576
0.78593
0.14637
0.12375
1.5157
1.515
0.42736
0.34546
0.3223
0.2059
0.16286
0.60551
0.12263
0.99211
0.30023
0.85593
0.53321
0.19657
1.0613
0.29131
0.23769
0.40817
0.082403
0.51763
0.50164
0.087217
0.43749
0.3579
0.28227
0.10726
0.079316
1.0004
0.12989
0.72426
0.36163
0.29963
0.10889
0.48101
0.085703
0.67098
0.17539
0.15032
0.45027
0.48323
0.13225
0.085291
0.87843
0.16989
0.3062
0.55725
0.94331
0.12411
0.48516
0.36354
0.20032
0.0915
0.20146
0.22209
0.2217
0.17081
0.12612
0.0865
0.80265
0.16251
0.14625
0.087169
0.11379
0.40932
0.9199
0.27664
0.098316
0.35732
0.21145
0.26527
0.9901
0.16554
0.99175
0.19359
0.083731
0.16862
0.32703
0.21396
0.18149
0.087518
0.65833
0.11072
0.74484
0.84262
0.21889
0.081968
0.096317
0.092147
0.068737
0.37252
0.18036
0.12024
1.0754
1.1169
0.15373
0.27014
0.16581
0.20476
1.6008
0.14487
0.45846
0.17545
0.19549
1.0111
1.2853
0.15579
0.089762
0.80803
1.3564
0.95117
0.78066
0.11471
0.3129
1.3705
0.12834
0.079605
0.94093
0.13617
0.11152
0.27414
0.42995
0.71283
0.10564
0.73836
0.12274
0.079102
1.0894
0.40771
1.0803
0.41361
0.27894
1.1311
0.28683
0.32153
0.30149
0.18761
0.77074
1.1941
0.1609
0.26946
0.26707
1.2134
0.23645
1.1725
0.50524
0.13598
1.6411
0.089604
0.69337
0.25361
0.4267
0.11501
0.46134
0.40867
1.2765
0.19107
0.20174
0.37619
0.18438
0.44903
0.29557
0.79487
0.43209
0.55691
1.2801
1.3983
1.2742
0.1188
0.22431
0.12041
0.091806
0.12534
0.12216
0.15191
1.3021
1.4341
0.13079
0.71296
0.19259
0.26907
1.2129
0.39431
0.12464
0.37742
0.20211
0.42038
1.0636
1.0635
0.11962
0.31078
1.0287
0.91763
1.0235
0.22929
0.29937
0.11319
0.36073
0.16469
0.064177
0.074056
0.89634
0.43212
0.14858
0.3566
1.1238
0.12531
0.15126
0.34333
0.098881
0.29946
0.15067
0.14267
0.79688
0.28755
0.23294
0.14351
0.17655
0.12112
0.12819
0.48619
0.37014
0.18501
0.54662
0.34322
0.11245
0.45817
0.64906
0.12415
0.35979
0.13571
0.35274
0.11372
0.15728
0.28416
0.90989
1.156
0.525
0.76936
1.0782
0.071707
0.56576
1.4028
0.8078
0.11768
0.52379
1.0633
0.94545
0.17581
0.20508
0.098046
0.72779
0.61469
0.10763
0.78859
0.346
1.2434
0.59663
1.2248
0.75603
0.073668
0.32351
0.74822
0.1496
0.55407
0.16261
0.44419
0.20065
0.7173
0.16825
0.66857
0.31069
0.28379
0.32563
0.11986
0.21252
0.41118
0.19907
0.35682
0.18969
1.162
0.12521
0.33257
0.68457
0.09189
1.167
0.081318
0.52395
0.29303
1.736
0.64959
0.15105
0.43018
0.08498
0.28795
0.58636
0.35152
0.22966
1.0081
0.19448
0.24593
1.2003
0.078658
0.59493
0.18539
0.18337
0.20396
0.38981
0.11667
0.1519
0.22438
1.2489
1.0188
1.1059
1.2789
0.093309
1.1276
1.0518
0.48919
0.60294
0.5129
0.12477
0.58903
0.26112
0.086131
0.18602
0.094435
0.080502
0.25307
0.10885
0.16922
0.38889
0.17973
1.3268
0.097585
0.088972
1.0778
0.079257
0.14594
0.38901
0.13898
1.2108
1.2908
0.1975
0.10594
0.15121
0.12866
0.1523
0.29272
1.2156
0.27113
0.78468
1.026
0.13113
0.56372
1.5249
0.43429
0.39438
0.24161
1.239
0.13549
0.91747
0.35474
0.49285
0.209
0.11128
0.19258
0.1487
0.5302
0.24389
0.11874
0.30099
1.2018
0.19046
0.43041
0.52114
0.082772
0.19814
0.39016
0.31251
0.073402
0.84866
0.29058
0.076509
0.098847
0.66886
0.18821
0.22426
0.7677
0.19944
0.085208
0.31463
0.22557
0.34984
0.082163
0.1221
0.11619
0.11554
0.10577
0.45909
0.13175
0.46586
1.0584
0.25797
0.24851
0.2543
0.11777
0.15238
0.10191
0.33338
0.27975
0.62166
1.1679
1.2317
0.28609
0.28162
0.087464
0.69047
0.1072
0.24426
0.26239
0.11261
0.23993
0.2527
0.14509
0.7317
1.1938
0.13216
0.56689
0.14308
0.081462
1.053
0.7067
0.28352
1.0219
0.95288
0.12556
0.30245
0.40578
0.093422
0.16059
1.1032
0.085124
0.15026
0.59634
0.15578
0.31125
0.45476
0.42126
0.8579
0.14727
0.15776
0.16561
0.15427
0.11299
1.2808
0.092488
0.50008
0.18622
0.84682
0.27704
0.77365
1.3156
0.84606
0.47525
0.29033
0.08705
0.16553
0.55526
0.13555
0.087779
1.1921
0.26005
0.086339
0.15693
0.51951
0.30352
0.4206
0.14269
0.78093
0.8752
0.55752
0.72693
0.18228
0.073516
1.2517
0.15425
0.14727
0.076765
0.10388
0.11032
0.16224
0.12232
0.066252
0.26172
0.7626
0.094228
1.0591
0.92946
0.9496
0.23414
0.65801
0.35411
0.69849
0.23751
0.75319
0.12322
0.17118
0.12046
0.09422
0.17114
0.68369
0.11922
0.23394
0.20655
0.10312
1.1542
0.99358
0.12263
0.13069
1.5957
1.0408
0.9293
1.3052
0.27417
0.070724
0.93355
0.59234
0.082979
0.19689
0.11774
0.40557
1.1038
0.68736
0.075157
0.21474
0.1693
0.36418
0.070713
0.71249
0.10197
0.084677
0.36918
0.08325
0.089256
0.64452
0.34235
0.43603
0.7291
0.34162
0.062059
0.20264
0.24364
0.30569
1.0571
0.6347
1.1208
0.36125
0.3282
0.83635
0.34153
0.10481
0.089661
0.49431
1.2502
0.3003
0.078793
0.73693
0.40015
0.24341
0.92485
0.99295
0.21264
0.369
0.10858
0.7277
0.17579
0.93251
0.19379
0.73167
1.2605
0.24771
0.081187
0.55853
0.12055
0.43205
0.19203
0.44748
0.10805
0.5638
1.0507
0.19813
0.58141
0.32095
0.69594
0.24241
0.54778
0.1485
0.12984
0.097442
0.55988
0.23279
0.35519
0.21706
0.29427
1.0419
0.088033
0.50983
0.25109
0.22607
0.17374
0.1901
0.18724
0.4786
0.69828
0.61868
0.4419
0.40981
0.20428
0.2352
0.278
0.50332
0.10702
1.1921
0.78187
0.66814
0.24905
0.15227
0.51575
1.1437
1.0491
1.1487
0.46272
0.42871
0.28678
0.23201
1.0798
0.33763
0.16289
0.58673
0.17741
0.13856
0.15835
0.082399
0.41765
0.74163
0.11183
0.63896
0.74927
1.4507
0.2369
0.74843
1.1879
0.15163
0.069228
0.65603
0.92554
0.25642
0.12263
0.091047
0.19095
0.63109
1.1252
0.10186
0.54203
0.56643
0.08759
1.3714
0.085534
0.12018
0.9669
0.75267
1.596
0.86376
0.77436
0.12988
0.45105
0.57611
0.98624
0.13822
0.085399
0.13995
0.13728
0.19849
0.96841
0.7933
0.23187
0.29442
0.22275
0.26738
0.15837
1.01
0.49711
0.15701
0.14716
0.15889
0.099193
0.16967
0.97761
0.91399
1.102
0.085331
0.31115
1.1436
0.063789
0.73592
0.17286
0.24721
0.31461
0.25373
0.45122
1.0952
0.44613
0.86992
0.12145
0.81792
0.12137
0.30371
0.95351
0.25271
1.1775
0.14668
0.12914
0.12235
0.075974
0.2287
1.5784
0.74264
0.82238
0.1039
0.092213
0.21126
0.11393
0.52012
0.11234
0.070372
0.60386
0.1311
0.57325
0.17529
0.3238
0.94908
0.15755
0.79312
0.20437
0.49308
0.097441
1.2138
0.25224
0.15133
0.58764
0.73872
0.13951
0.4092
0.10613
0.35052
0.24007
0.40775
0.12293
0.13183
0.14517
0.77429
0.5674
0.089129
1.014
0.28697
0.16838
0.41424
0.56139
0.11982
0.096096
0.20754
0.23138
0.14793
0.25622
0.21515
0.26466
0.84468
0.40443
0.058763
0.14544
0.29387
0.98795
0.39919
0.71594
1.4659
0.19947
0.66112
0.07929
0.25766
0.538
0.31255
0.077727
0.095037
0.2109
0.4704
0.071135
0.39735
0.24886
0.74529
1.218
0.091576
0.35097
0.097071
0.26305
1.1281
0.16238
0.13813
0.22628
0.34931
0.080266
1.4623
0.75665
0.50528
0.36856
0.51742
0.33775
0.47858
0.95966
0.081534
0.12863
0.81027
0.17942
0.13819
0.079825
0.087315
0.57422
0.10601
0.23735
0.85996
0.16666
0.10756
0.95748
0.1398
0.2183
1.0384
0.26531
0.11758
0.2018
0.12102
0.28577
0.38017
0.19484
0.49475
0.13953
0.18085
0.13634
0.46684
0.47317
0.31774
1.2072
0.20184
1.0746
0.23024
0.41634
1.1036
0.62605
0.73027
0.39149
0.8335
1.108
0.54786
0.71803
0.1294
0.11555
0.82861
1.025
0.21371
0.28439
0.29386
0.25383
0.35336
0.34278
0.18137
0.46601
0.14555
0.55402
0.13057
0.14479
1.358
0.84388
0.61253
0.52622
0.22212
0.58691
1.1244
0.1877
0.097837
1.556
0.55072
0.17458
0.40285
0.25275
0.23786
0.37343
0.14238
1.2302
0.33654
0.21869
0.26127
0.18672
0.33352
0.22333
0.069074
0.090593
0.086046
0.15982
0.14691
0.24923
0.26172
0.26773
0.085103
1.072
0.17253
0.1386
0.30315
0.16343
0.82434
0.29743
0.56663
0.37471
0.081812
0.91013
0.75515
0.12569
0.21508
0.11851
0.33636
1.579
0.17395
1.1832
0.084804
0.81969
0.37383
0.092366
0.18981
0.14043
0.38765
0.091206
0.21993
0.19241
0.94963
1.2635
1.0982
0.17808
0.089682
0.089658
0.15519
0.36729
0.49343
0.11136
0.19505
0.11425
0.19498
0.2236
0.86799
0.45302
0.16902
0.30992
0.060203
1.198
0.77767
0.13479
1.1606
0.86696
0.38491
0.37884
0.72957
0.23803
0.12307
0.54044
0.55493
0.97486
0.52881
0.085328
0.36676
0.21304
0.077346
0.54843
1.0748
0.88209
0.61053
0.18598
0.31814
0.19655
0.979
0.30581
0.16722
0.10978
0.14885
1.1008
0.11375
0.09112
1.2734
0.16212
0.1641
1.1986
0.56885
0.22382
0.088244
0.36355
0.52471
0.45999
0.21259
0.16127
0.16252
0.9041
0.33934
0.14132
0.52433
1.031
0.86205
0.12897
0.33091
0.81622
0.096183
0.20322
0.31995
0.17103
0.76086
0.48103
0.34011
0.18455
0.29472
0.44643
0.71167
1.2
0.28058
0.37185
1.0698
0.15269
0.092426
0.22392
0.084506
0.50835
0.31777
0.47015
0.33116
0.69482
1.157
0.13845
1.2171
0.3438
0.99054
0.54228
0.50283
0.071198
0.17657
0.42848
0.74512
1.4789
0.11523
0.3521
1.149
0.80064
0.095273
0.43693
0.18253
0.93394
0.44981
0.46233
0.42908
1.0382
0.78607
0.28439
1.0952
0.48895
0.13993
0.076451
0.21791
0.15326
0.10178
0.10053
0.1863
0.34989
1.1628
0.7352
0.12136
0.43944
0.077429
0.62592
0.31571
1.2989
0.23299
0.12061
0.13929
0.11044
0.23963
0.11491
1.1591
0.42433
1.1971
0.90568
0.081933
0.11995
0.24308
0.093414
0.10843
1.1483
0.13751
0.23538
0.14407
1.0737
1.0105
0.29239
0.11358
0.19839
0.34258
0.099603
0.18596
0.60764
0.15907
0.10175
0.11016
0.39564
0.08586
0.46045
0.68636
0.40656
0.57671
0.81106
0.30867
0.42819
0.22491
0.22504
0.34261
0.26031
0.30891
0.52554
0.56957
0.56735
0.19354
0.16699
0.095724
1.4325
0.93216
0.095191
0.56219
0.17409
0.10155
0.17016
0.28157
1.2916
0.68931
0.42587
0.74034
0.22323
0.16384
1.5209
1.1473
0.78277
0.78314
1.1134
0.59535
0.11892
0.12365
1.2707
1.1192
0.33499
1.5343
1.7016
0.23336
0.57752
0.14588
1.2457
0.4531
0.28047
0.13229
0.15821
0.35304
0.25284
0.66267
0.26251
0.090342
0.089172
0.10822
0.14606
0.12358
1.0211
0.85718
0.15716
1.0263
0.3436
0.98078
0.19015
0.22318
0.21761
0.18952
0.3934
0.35683
0.27238
1.0566
0.36081
0.073279
0.41102
0.33836
0.74853
0.51839
0.2161
0.23885
0.31018
0.11308
0.29598
0.94977
0.45942
0.086385
0.74563
0.18179
0.094968
0.37929
0.097992
0.22046
0.17514
0.31505
0.11277
0.84027
0.09843
0.32697
1.0802
0.0964
0.44274
0.36085
0.50623
0.52966
0.14028
0.11582
0.53019
0.069525
0.10111
0.081239
0.32357
0.20456
0.96732
0.13178
0.185
0.15179
0.11359
0.83107
0.36023
0.12442
0.64323
0.63834
0.50529
0.10684
0.73117
0.31219
0.56612
0.10158
0.19545
0.57344
0.10767
0.37455
1.3285
0.083229
0.099102
0.097039
0.2961
0.49886
0.14431
0.45077
0.12451
0.99491
1.2291
0.14396
0.12738
0.9122
0.13693
0.33055
0.26007
1.2782
0.9019
0.49041
0.36033
0.075143
0.27363
0.095473
0.094545
0.10917
0.13987
0.35684
0.1216
0.19267
0.14986
0.27466
0.87466
0.10594
0.19935
0.58384
1.2258
0.36865
0.65898
0.74782
0.94841
0.13
0.21223
0.24951
0.17915
0.10428
0.24244
0.091843
1.1125
0.27429
0.67067
0.82614
0.085109
0.11641
0.11847
1.0872
0.3119
0.13047
0.66978
1.399
0.1395
0.37475
0.36001
0.47517
0.20568
0.93833
0.14216
0.085588
0.2417
0.47339
0.33972
0.099935
0.25329
0.48646
0.17268
0.6778
0.17119
0.71427
0.84946
0.21959
0.20068
0.31609
0.50628
0.11346
0.13994
0.21148
0.8784
1.2972
1.0488
0.15268
0.29126
0.32443
0.14262
0.30331
0.11835
1.2461
0.23731
0.18154
1.1875
0.086216
0.32535
0.078283
0.52788
0.25907
1.187
0.46663
0.59614
0.61854
0.71867
0.11211
0.51173
0.50829
0.35462
0.097493
1.0494
0.079512
1.3535
0.16152
0.66893
0.35029
0.41621
0.14405
0.12358
0.74426
0.082458
0.10038
0.69502
1.4683
0.77714
0.23528
0.35122
0.71646
0.40493
0.098018
0.35532
0.096302
0.54151
0.13364
0.099189
0.096036
0.55269
0.20975
0.069186
0.12846
0.29441
0.76378
0.083332
0.6155
0.1277
1.0303
0.069449
0.41356
0.32599
0.63377
0.13618
0.26011
0.35468
0.12132
0.11223
1.003
0.070962
0.57088
1.1711
0.83236
0.41556
0.194
0.42439
0.082982
0.13277
0.10008
0.10249
0.10603
0.13511
0.40742
0.20585
1.3611
0.66126
0.44917
0.66021
0.38211
0.5316
0.18198
1.2392
0.10933
0.10041
1.1944
1.0972
0.54593
1.0323
1.4521
0.26357
0.072119
0.18887
0.11786
0.23351
0.065502
0.10607
0.071691
1.3929
0.81279
0.17776
0.26921
0.096498
0.12029
0.22766
0.62806
0.11927
0.38218
1.1521
0.11144
0.36292
0.57559
1.0777
1.5796
0.96521
0.57683
0.23049
0.21494
0.068661
0.26995
0.36182
0.23681
0.27646
0.48825
0.1299
0.19528
0.14439
0.085817
0.27541
0.16954
0.13864
0.10691
0.83484
0.72906
0.98276
0.17793
0.87353
0.64512
0.19643
0.057034
0.26127
0.91796
0.41524
0.1115
0.20019
0.39972
0.14212
0.46737
0.2148
0.5808
0.24029
0.71151
0.64706
0.58787
0.95029
1.0715
0.41959
0.10991
0.58658
0.21647
0.85481
0.79291
0.198
0.57392
1.1154
0.78549
1.2348
0.49071
0.33291
0.10257
0.41873
0.08844
0.060915
1.0299
0.85559
1.2108
0.1623
0.36984
0.16768
0.2807
0.051494
0.10863
0.32013
0.30334
0.52084
1.1021
0.13759
0.13395
0.24204
0.30067
0.81026
0.17213
0.17716
0.05073
0.12992
0.79651
0.13512
0.173
0.37976
0.93298
0.3765
0.11709
0.69337
0.11275
0.66012
0.24281
0.35776
0.13511
0.36794
0.23446
0.96142
0.078202
0.47924
0.1478
0.09588
0.24475
1.2851
0.11668
0.37086
0.17545
1.1174
0.18638
0.097232
0.08921
0.32418
0.22891
0.35183
0.47692
0.19105
0.2018
1.1627
1.082
0.55054
1.5492
0.082358
1.4311
0.34823
0.33901
0.1342
0.28066
0.4334
0.31519
0.23236
0.065378
0.13862
0.27153
0.94218
0.23579
0.30122
0.16169
0.37385
0.50259
0.44158
0.20321
0.37666
0.3835
0.47606
0.9653
0.085905
1.2955
0.15564
0.13877
0.11506
0.10386
0.33839
0.3709
1.0793
0.086646
0.12695
0.86359
0.58321
0.66446
0.39525
0.17352
0.94328
0.93648
0.081154
0.31903
0.13893
0.59293
0.5045
0.2173
0.65609
0.32725
0.19063
1.2736
0.10363
0.282
0.515
0.172
0.072705
0.97639
0.12243
0.39479
0.88066
0.11293
0.59758
0.14368
1.1203
0.19752
0.12225
0.1356
0.37007
0.17493
0.11276
0.5571
1.1646
0.70367
0.17264
0.40645
0.092287
0.30731
0.48837
0.14481
0.20838
0.17526
0.14091
0.13014
0.29992
1.0812
0.40927
0.11234
0.79715
0.15069
0.34579
0.68717
0.095489
0.14035
0.31748
0.16197
0.19281
0.1134
0.44433
0.056618
0.076983
0.70598
0.41682
0.19306
0.5176
0.3018
0.69953
0.3267
0.12726
0.36269
0.10389
0.081667
0.15004
0.20132
0.46735
0.67528
0.55806
0.36939
0.085144
0.14901
1.1492
0.51749
0.24836
0.13855
0.14942
0.58311
0.10522
0.1887
0.14593
0.62963
0.29018
0.49662
0.089281
0.35956
0.31799
0.1905
1.08
0.73934
1.1686
1.2896
0.416
0.48761
0.15
0.14842
0.066473
0.22862
0.4683
0.13435
0.26962
0.25211
0.089709
0.14303
0.24502
0.084918
0.23302
1.2472
1.1356
0.97619
0.11498
0.56821
0.78812
0.10469
0.59765
0.16933
0.48553
0.27748
1.2812
0.76052
0.24073
0.18194
0.11248
0.10756
0.27228
1.0053
0.34385
0.41057
1.0853
0.17975
0.26185
0.28977
0.43927
0.26265
1.3826
0.12803
0.22177
0.13642
0.82403
0.2717
0.693
0.080337
0.7922
0.20591
0.064192
0.88483
0.13174
0.26558
1.1988
0.59744
0.26133
0.30007
0.52308
0.40715
0.58149
1.3229
0.12635
0.53047
0.33748
1.1318
0.12156
0.10559
0.31471
0.92984
0.33181
0.50074
0.18151
0.70586
0.66868
0.10185
0.095601
0.072383
0.17655
1.0403
0.090215
0.35894
0.10982
1.5592
0.17035
1.094
0.95164
0.095476
1.5399
0.16938
0.34994
1.1573
0.30652
0.074974
0.24272
0.82786
0.20624
0.30764
0.69072
0.14243
0.15451
0.4491
0.99333
0.6329
0.26962
1.1943
0.31952
0.24124
0.099492
0.066607
0.10312
0.13684
0.14933
0.13668
0.2494
0.99011
0.26565
0.093018
0.55208
0.097322
0.1126
1.074
0.11063
1.3977
0.99683
0.083643
1.1571
1.2028
0.15753
0.54366
0.62184
0.50312
0.78366
0.61737
0.60162
0.38367
0.3203
0.08428
0.42057
0.085538
0.24717
1.1977
0.15302
0.69744
0.29017
0.40232
0.96233
0.10174
0.6009
0.71386
0.70421
0.46045
0.085955
0.097876
0.77644
0.1836
0.90115
0.097598
0.10584
0.85352
0.21482
0.16769
0.15691
0.803
0.33712
0.34005
0.16357
0.1161
0.11565
0.2982
0.97897
0.18334
0.92439
0.73532
0.43373
0.13454
0.24049
0.61693
0.10714
0.78618
0.05516
0.75992
0.35535
0.27448
0.13283
1.1439
0.99588
0.085533
0.84334
0.89621
0.15643
0.27545
0.81584
0.60157
0.37329
0.077711
0.31203
0.2396
0.12141
0.12128
0.071073
0.73935
0.41644
0.1073
0.33647
0.38606
0.24972
1.0727
0.38017
0.78427
0.078637
0.21384
0.066207
0.054898
0.073099
0.39646
0.65073
0.17789
0.12641
0.15816
0.70877
0.21556
0.16653
0.12201
0.079036
0.079384
0.12804
0.14338
0.094341
0.16322
0.36976
1.1351
0.18614
0.15931
0.746
0.17057
0.12503
0.19469
0.11325
0.36215
0.19513
0.11309
0.12227
0.60944
0.16658
1.2739
0.11301
0.13821
0.06703
0.6996
0.10503
1.1417
0.25592
0.77555
0.97206
0.31113
0.20141
0.19887
0.39131
0.72054
0.34224
0.40597
0.10206
0.50572
0.09511
0.16507
0.16068
1.16
0.1042
0.12583
0.29004
1.1019
0.12937
0.15462
0.19253
0.84348
0.14306
0.91635
0.11402
0.060675
0.53961
0.17226
0.18634
0.50654
0.14074
1.1257
0.21818
0.47634
0.55912
0.51865
1.0969
0.31325
0.44912
0.65868
0.89807
0.20494
0.19847
0.2344
1.027
0.18354
0.69328
0.1975
1.0326
0.25302
0.75933
1.149
0.10495
0.53599
0.20389
0.39693
1.1307
0.42984
0.062548
0.21888
1.0653
0.82192
1.0195
0.93067
1.023
1.1709
0.22993
0.20838
0.14368
0.64231
0.29555
0.8064
0.087777
0.22214
1.2612
0.12664
0.11881
0.74402
0.52307
0.90175
1.1408
0.096449
0.52708
0.07168
0.47612
1.0738
0.10496
0.092538
1.1963
0.13263
0.16078
0.54859
0.26314
0.2835
1.1257
0.31701
0.15367
0.12494
0.66236
0.36307
0.11121
0.19669
1.111
0.60041
0.10394
0.37556
0.23327
1.2022
0.28974
1.7198
1.2084
0.58482
0.63344
0.20367
0.076347
1.0092
0.54947
0.11097
0.11461
0.091475
1.1987
0.23995
0.95744
0.12077
0.33624
1.2051
0.32557
0.61663
0.10832
0.41274
0.10545
0.24865
0.42454
0.24174
0.15332
0.15618
0.50988
0.68097
0.37782
0.25326
0.41455
0.60956
0.14895
0.13707
0.19101
0.20997
0.14197
0.65032
0.20336
1.119
0.37877
0.14684
1.2365
0.18268
1.0547
0.90705
0.79174
0.14244
0.86392
0.12192
0.99681
0.13216
0.67414
0.12036
0.57905
0.14784
1.1446
0.12375
0.12648
1.515
0.096137
1.2654
0.23498
0.70516
0.58225
0.30136
1.7113
0.26822
0.79224
0.26169
0.44348
1.6305
1.0613
0.60228
1.2339
0.11922
0.10949
1.1072
0.34901
0.1294
0.43749
0.3579
0.20997
0.13977
0.24601
1.0004
0.48579
0.079711
0.56626
0.14804
0.10889
0.092601
1.1886
0.10276
0.27099
0.52295
0.60979
0.48323
0.13225
0.085291
0.87843
0.16989
0.3062
0.55725
0.94331
0.12411
0.48516
0.36354
0.20032
0.0915
0.20146
0.22209
0.2217
0.17081
0.12612
0.0865
0.80265
0.16251
0.14625
0.087169
0.11379
0.40932
0.9199
0.27664
0.098316
0.35732
0.21145
0.26527
0.9901
0.16554
0.99175
0.19359
0.083731
0.16862
0.32703
0.21396
0.18149
0.087518
0.65833
0.11072
0.74484
0.84262
0.21889
0.081968
0.096317
0.092147
0.068737
0.37252
0.18036
0.12024
1.0754
1.1169
0.15373
0.27014
0.16581
0.20476
1.6008
0.14487
0.45846
0.17545
0.19549
1.0111
1.2853
0.15579
0.089762
0.80803
1.3564
0.95117
0.78066
0.11471
0.3129
1.3705
0.12834
0.079605
0.94093
0.13617
0.11152
0.27414
0.42995
0.71283
0.10564
0.73836
0.12274
0.079102
1.0894
0.40771
1.0803
0.41361
0.27894
1.1311
0.28683
0.32153
0.30149
0.18761
0.77074
1.1941
0.1609
0.26946
0.26707
1.2134
0.23645
1.1725
0.50524
0.13598
1.6411
0.089604
0.69337
0.25361
0.4267
0.11501
0.46134
0.40867
1.2765
0.19107
0.20174
0.37619
0.18438
0.44903
0.29557
0.79487
0.43209
0.55691
1.2801
1.3983
1.2742
0.1188
0.22431
0.12041
0.091806
0.12534
0.12216
0.15191
1.3021
1.4341
0.13079
0.71296
0.19259
0.26907
1.2129
0.39431
0.12464
0.37742
0.20211
0.42038
1.0636
1.0635
0.11962
0.31078
1.0287
0.91763
1.0235
0.22929
0.16587
0.25278
0.22059
0.37079
0.17206
0.23384
0.46599
0.43212
0.095766
0.1515
0.069312
0.14891
1.1222
0.77203
0.099256
0.12723
0.081098
0.67926
0.21011
1.0025
0.094033
0.53243
0.64348
0.12112
1.1958
0.81676
0.33189
0.59198
0.54662
0.34322
0.084481
0.15696
0.12395
0.58111
0.8694
0.70186
1.085
0.88893
0.15728
0.10126
0.7718
0.12819
0.17449
0.76936
0.62495
0.20809
0.10661
0.12124
0.24552
0.24385
0.12711
1.092
0.32191
1.1149
0.48382
0.10892
0.83933
0.13677
0.37325
0.12458
0.71686
1.2434
0.59663
0.2853
0.11818
0.52564
0.17073
0.24262
0.8826
1.0899
0.22538
0.23628
0.57698
0.99658
0.72141
0.23922
0.31069
0.6772
0.080628
0.14307
0.12256
0.11158
0.17675
0.19217
0.67345
0.25725
0.16735
0.25367
0.48451
0.13147
0.2676
0.13451
0.12899
0.20993
1.736
0.078967
0.47268
0.14323
0.99866
0.08998
1.7057
0.8396
0.5065
0.34329
0.85758
0.063529
0.23092
0.19722
0.59493
0.63032
0.13906
0.14824
0.74934
0.23788
0.15666
0.17881
0.21268
1.1939
0.59607
1.1831
0.11213
0.33215
1.2034
0.1053
1.0059
0.10821
0.2773
0.25341
1.5083
1.2181
0.13842
0.17818
0.5616
0.34641
0.46478
0.16184
0.070611
0.87823
1.3268
0.11183
0.1417
0.23011
0.25612
1.1015
0.081692
0.19637
0.83279
0.35254
0.094398
0.58554
0.15864
0.20592
0.16927
0.29272
0.47737
1.0125
0.12707
0.087463
0.7532
0.56372
0.20593
1.2843
0.24941
0.85929
0.13785
0.13549
1.1413
0.097235
0.42361
0.30024
0.2242
0.54791
0.1487
0.094277
0.23536
0.070005
0.59325
1.145
0.217
0.059226
1.3178
0.38663
0.32877
0.094618
0.55875
0.31951
0.15729
0.29058
0.66448
0.098988
0.24148
0.31131
0.22426
0.72663
0.11095
0.77347
0.38485
0.22966
0.097873
0.20269
0.70755
0.07461
1.1358
0.20658
0.45909
0.38392
0.20965
0.50977
0.89914
0.4736
0.97922
0.79975
0.18303
0.24187
0.12589
0.37451
0.14276
1.2553
0.2069
0.52785
0.37097
0.18704
0.32489
0.21152
0.35718
0.19119
0.2297
0.78662
0.2527
0.15209
1.1221
1.1497
0.13216
0.16591
0.077952
0.71132
0.33817
0.088717
0.1665
0.21227
0.17536
0.10741
0.22618
0.211
0.49796
0.16059
0.093478
0.12643
1.174
0.24468
0.11042
0.25508
0.25134
0.35921
0.8579
0.22252
0.087753
0.1719
0.13212
0.11299
0.1512
0.89469
0.50008
0.19432
0.15271
0.63272
0.57318
0.40783
0.56147
1.1049
0.56906
0.08705
0.85818
0.81294
0.3556
0.1627
0.27193
0.28084
0.1187
1.0591
0.51951
0.08717
0.095641
0.78748
0.78093
0.13395
1.0418
0.62922
0.30904
0.073516
0.9607
1.09
0.082169
0.91707
0.10388
0.11032
1.2544
0.12015
0.1969
0.44305
0.15345
0.50965
1.0591
0.32111
0.092698
0.22413
0.16103
0.7281
0.10985
0.21762
0.24744
0.13864
0.12849
0.72781
0.57332
1.1705
0.95004
0.11013
1.3439
0.20655
0.55057
1.1542
1.2618
0.1516
0.55946
0.2675
0.19714
0.080746
0.41859
0.28681
1.2462
0.93355
0.75353
0.12065
0.18566
0.14445
0.40557
0.10793
0.064273
0.73331
0.21474
0.21702
0.27154
0.070713
0.48768
0.10197
1.0052
0.082536
0.2728
0.47482
1.3287
0.34235
1.2785
0.36466
0.48652
1.2151
0.20264
0.12358
0.12963
1.0571
0.14284
0.23801
0.36125
1.179
0.37786
0.27511
0.11344
0.19654
0.77174
0.20418
0.11131
0.078793
0.080088
0.10312
0.19912
0.94476
0.092881
0.12793
0.25498
0.090651
0.081294
0.59008
0.16251
0.19379
0.10998
0.30567
0.28631
0.9818
0.080713
0.25247
0.35279
0.13786
0.39746
0.10064
0.25098
1.0507
0.89659
1.0388
0.60015
0.63815
0.13403
0.32832
0.23498
0.39264
0.24472
0.73074
0.23279
0.48357
0.2076
0.1957
0.10835
0.60723
0.09814
0.25109
0.36033
0.17374
0.14342
0.41388
0.88486
0.38245
0.19497
1.1716
0.31351
0.38692
0.049316
1.0092
0.23337
0.45381
0.50845
1.3075
1.0321
0.91327
1.073
0.74703
0.77413
0.095058
0.15027
0.12203
0.42871
0.28678
0.094879
0.14994
0.52395
0.16289
1.3872
0.10536
0.60142
0.15835
0.34749
0.15064
0.091348
1.1721
0.17895
0.10712
0.069509
0.38173
0.74843
0.30115
0.060241
0.069228
0.13896
0.92554
0.71258
0.10401
0.078681
1.1905
0.76813
0.27455
0.094281
0.43682
0.78259
0.3566
0.61347
0.27733
0.17394
0.42316
0.081974
0.13942
0.86376
0.21684
0.12988
0.25982
0.11913
1.2147
1.2243
0.2886
0.29419
0.36523
0.12876
0.11122
0.91158
0.11336
0.13362
0.22275
0.12317
0.096048
0.079428
1.1001
0.11674
0.34328
0.098523
0.23696
0.33509
0.43056
0.11036
0.27865
0.085331
0.48709
0.10172
0.32665
0.64337
0.73651
0.1773
0.86644
1.194
0.15656
1.2019
0.12585
0.080158
0.12145
0.17322
0.08822
0.16822
0.95351
0.25271
0.40295
0.043859
0.38787
0.8762
0.71071
0.65083
0.78163
0.080042
1.1262
0.5321
0.2914
1.003
0.29828
0.14337
0.11234
0.63936
0.29388
0.1311
0.57614
0.10109
0.18661
0.92096
0.20333
0.21644
0.47099
0.73996
0.14717
1.2138
0.093257
0.26546
0.77688
0.44374
0.13951
0.1198
0.20858
0.35052
0.31301
0.64182
0.12293
0.26273
0.72468
0.32062
0.27313
0.26862
1.014
0.23379
0.10832
0.29518
0.10512
0.11982
0.086013
0.20754
0.077956
0.22469
0.13625
0.067945
0.14404
0.57333
0.073883
0.18585
0.15617
0.60717
0.11587
1.0674
0.18438
0.77515
0.093277
0.32631
0.24424
0.1608
0.096602
0.31255
0.11438
0.10715
0.59588
0.25035
0.098651
1.0318
1.0389
0.13796
1.218
0.27125
0.48853
0.097071
0.94027
1.2318
0.18635
0.74397
0.95782
0.11244
0.080266
0.092644
0.11329
0.50528
0.30762
1.1451
0.24108
0.51166
0.2404
0.081534
0.068447
0.26343
0.24784
0.42777
0.72199
0.26977
0.18892
0.098551
0.89216
0.85996
0.16666
0.14298
0.090712
0.06988
0.39041
0.55562
0.47955
0.11758
0.094803
0.15275
0.11384
1.0405
0.22583
0.099529
0.97399
0.22583
0.1072
0.18003
0.37186
0.1305
0.28032
0.097735
0.33943
0.45882
0.17484
0.12392
0.49815
0.093342
0.39149
0.074131
0.18485
1.2221
1.0404
0.52859
0.77998
0.43046
0.41188
0.21371
0.1466
0.83473
0.10739
0.089513
0.88189
0.79472
0.3257
0.13504
1.0979
0.49573
0.58664
1.358
0.92008
0.45756
0.52622
0.11647
0.95711
0.071013
0.11167
0.45343
1.0026
1.1008
0.6769
1.2241
0.21905
0.71496
0.82646
0.26818
1.2302
0.17335
0.21869
0.30622
0.11115
0.17979
1.1871
0.11205
1.2167
0.29944
0.13643
0.40728
0.64162
0.79658
0.40598
0.17509
0.9505
0.090202
0.097014
0.10534
0.25848
0.053603
0.25531
1.0101
0.29597
0.081812
0.33493
0.23608
0.89554
0.57123
0.22621
0.37559
0.096773
0.75291
0.50676
0.59348
0.16814
0.35853
0.57472
0.13552
0.95937
0.76642
0.13906
0.21993
0.18829
0.94963
0.074368
0.15495
0.86074
0.11288
0.089658
1.3359
0.17272
0.18777
0.32924
0.34935
0.19298
0.30355
0.16094
0.86799
0.13505
1.134
0.097058
0.28257
1.198
0.34968
0.15131
0.35586
0.099211
0.12185
1.1907
1.0741
0.11679
0.77557
0.82162
0.54603
0.12105
0.27094
0.085328
0.18933
1.0738
0.96442
0.38069
0.49919
0.097123
1.505
0.26267
0.37113
0.34122
0.19092
0.30581
0.41436
0.12045
0.10244
1.0676
0.46378
0.14185
0.090909
0.060411
0.071422
0.19645
0.082992
0.11215
1.0039
0.11362
0.088749
0.18111
0.33433
0.082202
0.16252
0.23248
0.088859
0.10781
0.52433
0.15783
0.87196
0.063067
0.89795
0.11865
0.096183
1.0824
0.16079
0.097871
1.0802
0.42206
0.13886
1.2696
0.14153
0.23814
0.72138
0.11642
0.4129
0.11796
0.17437
0.15269
0.17427
0.4334
0.22683
0.10016
0.1073
0.20542
0.87223
0.19838
0.21887
0.33007
0.2307
0.3438
0.21963
0.23564
0.17407
0.075336
0.1136
0.74492
0.26947
0.34696
0.17109
0.5417
0.16948
0.80064
0.487
0.085497
0.18253
0.93394
0.34742
0.596
0.42908
0.21736
0.32905
0.28439
1.1245
0.35371
0.6095
0.076451
0.24383
0.080168
0.45292
0.10053
0.1863
0.34989
1.0926
0.12328
0.069737
0.15587
0.077429
1.0476
0.31571
1.2989
0.21927
1.0937
0.13929
0.24771
0.23204
0.28641
0.12211
0.90295
0.30461
0.14598
0.081933
0.20457
0.4419
0.25685
0.088922
0.65757
1.106
0.75013
0.086806
0.3613
0.097536
0.29239
0.982
0.084663
0.48275
0.55596
1.0446
0.60764
0.12396
0.23768
0.92697
0.39564
0.12529
0.61732
0.40313
0.12427
0.16314
0.3896
0.16
0.71145
0.43629
0.63227
0.3866
0.50267
0.17023
1.0946
0.53254
0.2271
0.087132
0.21545
0.82126
0.27116
1.1112
0.095191
0.56211
0.38123
0.2223
0.21419
1.1088
0.39662
0.21163
0.37797
0.82795
1.1554
0.11412
1.1728
0.66785
0.78277
0.15884
0.1966
0.1406
0.48246
0.46795
0.24679
0.41851
0.080231
0.38787
1.7016
0.7929
0.38101
1.1307
0.57724
0.42209
0.13505
0.21185
0.17817
0.078708
0.25825
0.43349
0.61737
0.090342
0.23707
0.41333
0.14606
0.54659
0.56635
0.06965
0.15716
1.0263
0.099377
0.61312
0.83962
0.2794
0.14223
0.18952
1.0737
0.30111
0.27238
0.13943
0.077372
0.10121
0.41102
0.40183
0.43821
0.32099
0.59332
0.21728
1.2033
0.21885
0.16649
0.86772
0.2883
0.65405
0.74563
0.12839
0.094968
0.097518
0.11297
0.20628
0.50142
0.077395
0.80089
0.84027
0.26261
0.31461
1.1868
0.10984
0.20081
0.27835
1.1112
0.1075
0.44837
0.15
0.127
0.069525
1.0034
0.094535
0.32357
0.20456
0.25203
0.2512
0.38338
0.10629
0.19511
0.58693
1.2158
0.16715
1.2033
0.63834
0.11242
0.71162
0.39404
0.10222
0.50038
0.086051
0.37705
0.83668
0.078912
0.20391
0.19948
0.50039
0.96517
0.13596
1.1936
1.118
0.48356
0.57355
1.1918
0.99491
0.66023
0.090503
0.10527
0.19703
0.19878
0.24718
0.26007
0.30249
0.8042
0.49041
1.4981
0.63375
1.1214
0.11065
0.10952
1.2452
0.071098
0.82857
0.093102
1.0598
0.61536
0.20205
0.25957
1.0115
1.0486
1.1666
0.34879
0.10394
0.64958
0.15807
0.94841
0.15871
0.36744
0.12234
0.090715
0.10428
1.325
0.41825
0.21026
0.099187
0.67067
0.12861
0.22586
0.11675
0.086029
0.31117
0.82793
0.21725
0.77456
1.0954
0.31227
0.21771
0.36001
0.52986
0.17835
0.93833
0.13837
0.2725
0.10744
0.30436
0.31549
0.17336
0.51177
0.48646
1.0209
0.062007
0.89751
0.25647
0.54264
0.50208
0.6626
0.31609
0.50628
0.11346
1.0207
0.94594
0.18935
0.0766
0.19274
0.099717
0.29126
1.2567
0.12481
0.16508
0.86836
0.16159
0.50377
0.079286
0.25131
0.52032
0.75745
0.71434
0.4079
0.44
0.31677
0.44398
0.59614
0.61854
0.17745
0.11211
1.1892
0.67769
0.4115
0.097493
0.24602
0.08172
0.094549
0.089339
0.66893
1.102
1.1562
0.57555
0.37216
1.2112
1.2505
0.12622
0.27461
0.1347
1.0423
0.99184
0.35122
0.1296
0.82361
0.33434
0.14122
0.26343
0.30275
0.31941
0.31304
0.11086
0.24122
0.48133
0.66884
0.22484
0.38222
0.76378
0.91468
1.2046
0.32338
0.65683
0.38696
0.41356
0.21369
0.035145
0.30142
0.32244
0.17511
0.10684
0.17685
0.86757
0.54321
0.36929
0.27395
0.1727
0.41556
1.1057
0.9949
0.27118
1.6398
0.20188
0.10249
0.092006
0.406
0.92095
0.38558
0.30048
0.75105
0.1646
0.28514
0.38211
0.24153
0.68766
0.11423
1.193
0.085106
0.095021
0.40545
0.063966
0.30223
0.073776
0.60907
1.0674
0.18887
0.11786
0.088218
0.099237
0.10607
1.2378
0.10194
0.81279
0.13123
0.67977
1.1759
0.16004
0.39235
0.3953
1.058
1.136
0.59993
0.090828
0.28881
0.57559
1.0777
0.091216
0.58119
0.69306
0.21552
0.075463
0.79633
0.26995
0.18234
0.4324
0.16354
0.92331
0.1751
0.3239
0.13708
0.19968
1.1152
0.13926
1.2814
0.10691
0.12591
0.11691
0.98276
0.17793
0.092914
0.16239
1.3221
0.35882
0.64118
0.11867
0.41524
0.65733
0.099392
0.13105
0.14493
1.2928
0.70027
0.70369
1.0864
0.4949
0.090943
0.58787
0.13327
1.1644
0.12369
1.1799
0.10503
0.16331
1.0278
0.90191
0.13765
0.072596
0.21682
0.67918
0.71002
0.12416
0.33291
0.23084
0.094138
0.48326
0.085108
1.0299
0.11402
0.28687
0.59221
0.1741
0.58389
0.18653
1.1774
0.74108
0.76751
0.11509
0.4359
1.143
0.045918
0.14639
0.078555
0.30067
0.81026
0.086111
1.2364
0.08068
0.45691
0.21614
0.29446
0.52996
0.58727
0.12253
0.14752
0.68448
0.1196
0.079805
0.66012
0.20628
0.35776
0.11738
0.2782
0.25293
0.13948
0.18068
0.73363
0.084792
0.5798
0.96348
0.10278
0.11267
0.079527
1.305
0.14951
0.18457
0.127
0.12162
0.17607
1.1553
0.10605
0.17425
1.344
0.43368
0.54127
0.24494
1.3696
0.81447
0.12702
1.1116
0.70193
0.17642
0.14118
0.082833
0.68592
0.31519
0.61678
0.16129
0.34075
0.097616
0.35903
0.56624
0.30122
0.28318
0.72971
0.12703
0.44158
0.66699
0.76187
0.13958
0.099616
1.2985
1.1004
0.885
0.16101
0.084018
0.44314
0.14005
0.33839
0.88229
0.12281
0.29771
0.3116
0.86359
0.16827
0.20526
0.12661
1.1797
0.59571
0.93648
0.12319
1.0085
0.44774
0.8355
0.20533
0.27003
0.082531
0.33832
0.91446
0.11708
0.096787
1.1994
0.15949
0.70731
0.23342
0.23478
1.2819
0.097677
0.14356
0.11723
0.11363
0.20568
0.32402
0.073203
0.20969
0.82198
0.11679
0.22011
0.071531
0.23099
1.1562
0.26652
0.72656
0.15261
0.90872
0.24159
0.40283
0.39041
1.0575
0.069209
0.26551
0.4334
0.29992
0.16386
0.19532
0.42715
0.075875
0.19732
0.13481
1.5009
0.37001
0.5588
0.87197
0.36392
0.19281
0.091888
0.31765
1.2717
0.80204
0.91437
0.24262
0.37621
0.46851
0.57748
0.65031
0.37767
0.18664
0.36269
0.092609
0.15428
0.9915
0.090309
0.87753
0.68568
0.37697
0.20046
0.9126
0.14901
0.63282
0.09537
0.10077
1.0179
0.62902
0.11084
0.10522
0.12825
0.63721
0.62372
0.29018
0.3969
0.84575
0.77912
0.26042
0.094317
0.51578
1.106
0.46109
1.2896
0.068838
0.15232
0.66999
0.43297
0.066473
0.091507
0.36333
0.39949
0.15681
0.25211
0.46988
0.57178
0.33228
0.13462
0.072217
0.29597
0.089864
0.30997
0.072462
0.56821
0.5048
1.3567
0.59765
0.13327
0.13892
0.14545
1.2812
0.1653
0.10332
0.18194
0.17489
0.27483
0.68535
0.40331
0.38458
0.15738
0.70311
0.2868
0.25217
0.12606
0.97934
0.078329
0.1426
0.38326
1.0365
1.3024
0.17061
0.089578
0.34134
0.23407
0.7922
0.20591
0.18395
0.31991
0.079996
1.1339
0.48379
0.59744
0.12283
1.0691
0.09048
1.1768
0.53115
0.74474
0.4522
0.14639
0.13489
0.13226
0.30364
0.10559
0.22359
0.11753
0.199
0.67182
0.27586
0.54262
0.28142
0.11691
1.1621
0.42151
1.2157
0.61571
0.14925
0.9828
0.18145
0.18244
0.17035
0.21243
0.32662
0.4009
0.33044
0.2025
1.0708
1.1573
0.12177
0.19655
0.31701
0.82786
0.14615
0.18883
0.079373
0.15444
0.34704
0.21026
0.99333
0.12667
0.17412
0.17261
0.38257
0.87954
0.28621
0.092918
0.10312
1.1482
0.37356
0.26837
0.32703
0.37173
0.22487
0.4426
0.48413
0.52486
0.24475
1.074
0.90033
0.068737
0.99683
0.25431
1.1571
0.60761
0.084528
0.65874
0.22277
0.11242
0.13852
0.34731
0.39887
0.083037
0.11282
0.29208
0.47439
0.085538
0.088043
0.72382
1.1477
0.32787
0.47074
0.16397
0.14331
0.17855
0.23754
1.0602
0.61453
0.27457
0.25421
0.43013
0.71194
0.18797
0.35549
0.50647
0.090184
0.16318
0.087057
0.59283
0.56438
0.090674
0.33712
0.34005
0.16357
0.9373
0.066604
0.13283
0.14086
0.11478
0.19716
0.73532
0.077555
0.53204
0.15434
0.50489
1.5355
0.23991
0.11343
0.19221
0.15319
0.10842
0.54077
0.098083
0.11224
0.30502
0.73539
0.26691
0.84448
0.46348
0.58571
0.85619
0.25117
0.46188
0.22467
0.17021
0.12646
0.38943
0.071073
0.11681
0.24931
0.18579
0.092562
0.14225
0.24569
0.12626
0.51159
0.092354
1.2056
0.38084
0.19291
0.2764
0.16382
0.15479
0.6625
0.64833
0.39286
0.16597
0.52866
0.13987
0.46597
0.63985
1.2591
0.36335
0.12804
0.14338
0.35218
0.083352
0.59697
1.1351
0.17015
0.087947
0.67806
0.058209
0.16783
0.22257
0.11325
0.36215
0.43877
0.52522
0.35518
0.4116
0.14323
0.24462
0.11301
0.40176
0.15193
0.064279
0.91492
0.20087
1.0023
0.14546
0.97206
0.11426
0.20141
0.30066
0.1628
0.72054
0.84622
0.40597
0.11907
0.38086
0.17514
0.44443
0.2318
0.07631
0.28189
0.16703
0.13233
0.25475
0.56114
0.28656
0.33294
0.72827
0.093063
0.84956
0.15662
0.060675
1.1261
0.63066
0.35008
0.18531
0.28318
0.38741
0.12087
0.075885
0.55912
0.51865
0.74161
0.24619
0.59359
0.65868
1.2793
0.17316
0.20281
1.1493
0.20525
0.64388
0.16779
0.098005
0.084151
0.16546
0.30422
0.16816
0.1378
0.67448
1.0859
0.59931
0.15623
1.1673
0.2025
0.15886
1.0241
0.82192
0.98387
0.13874
0.083158
0.31976
0.78915
0.089042
0.47238
0.32268
0.40041
0.27231
0.38815
0.25596
0.28006
0.67685
0.6574
0.74402
1.0397
0.21968
0.1198
0.61547
0.25281
0.84084
0.31008
0.59351
0.1906
0.21697
0.11056
0.36979
0.58568
0.098268
0.26314
0.20294
0.91293
0.29563
0.56624
0.19953
0.7319
1.252
0.70979
0.16643
0.98838
0.094897
0.31309
0.12718
0.39034
0.2069
0.30751
1.7198
0.17563
0.91597
0.35796
1.1955
0.076347
0.4922
0.54947
0.11097
0.39995
0.13526
0.36908
0.36709
0.95744
0.11954
0.33624
0.19566
0.09545
0.12732
0.49788
0.52579
0.088455
0.49433
0.82696
0.068433
0.29762
0.15618
0.50988
0.68097
0.19863
0.31913
1.4147
0.44369
0.088663
0.078133
0.19101
0.97513
0.14197
0.33561
0.20336
0.14869
0.37041
0.63767
1.2365
0.18377
1.111
0.41705
0.79174
0.092858
1.2086
0.13065
0.99681
0.49674
0.13881
0.28403
0.38523
0.26688
0.4638
0.082954
0.76628
0.1262
0.13163
1.2654
0.083298
0.21376
0.58225
1.0356
0.87651
0.71926
0.23202
0.31996
0.44348
1.2132
0.3425
0.20977
1.1778
0.17614
0.45602
1.2325
0.2595
0.82529
0.074311
0.52209
0.16044
0.18853
1.1312
1.2021
0.26405
0.44052
0.084555
1.114
0.10889
0.34464
1.1886
0.4949
0.23346
1.164
1.0312
0.10299
1.1647
0.1698
0.2106
0.16989
0.87511
0.34469
0.64931
0.19254
0.079868
0.36354
0.32543
1.2782
0.63133
0.22209
0.083317
1.1772
0.89719
0.18788
0.33466
0.15995
0.081738
0.11894
0.11048
0.40932
0.86942
0.27664
0.092713
0.063889
0.076284
0.26527
0.094188
0.5791
0.28221
1.0568
0.10958
0.25128
0.31114
0.096141
0.48138
0.46196
0.65833
0.15433
0.63095
0.095892
0.30211
1.4001
0.38254
0.33562
0.13863
0.13173
1.0891
0.70559
1.2229
0.12425
0.9118
0.27014
0.38179
0.3063
0.15014
0.6503
0.075019
0.3211
0.11876
0.27724
1.2853
0.099658
0.089762
0.67288
0.18945
0.26119
0.12112
0.098459
0.28287
0.11201
0.7665
0.13915
0.89586
0.12446
1.3107
0.27414
0.42995
0.71283
0.10564
0.13578
0.24751
0.082701
0.22061
0.084292
0.077103
0.94018
0.40483
0.12423
0.093629
0.57486
0.30149
0.61008
1.2862
0.48056
0.73296
0.10728
0.88421
0.25891
0.41922
0.1173
1.198
1.2908
0.18482
0.17515
0.69337
0.1071
1.1411
0.13952
0.25905
0.273
0.93519
0.092159
0.17528
0.39166
0.70428
0.20601
0.32519
0.085039
1.0333
0.55691
0.44223
0.469
0.19402
0.3706
0.32084
0.65219
0.25282
0.12534
0.11014
0.072955
0.77265
0.56224
0.15713
0.19326
0.1324
0.6688
1.0384
0.090436
0.94725
0.073516
0.20211
0.16389
0.085539
0.2763
0.33329
0.30578
0.28979
0.2159
1.1977
0.19868
0.59828
0.12464
0.34157
0.1377
1.0073
0.12193
0.52514
0.23479
0.088162
0.64347
0.081973
0.6352
0.37162
0.13158
0.35283
0.12171
0.1484
0.25622
0.32062
0.10884
0.55619
1.134
0.07784
0.079482
0.076481
0.60956
0.34086
0.81866
0.41436
0.1989
1.6346
1.0688
0.99103
1.158
0.17722
0.19212
0.29646
0.10673
0.87688
0.1629
0.77203
0.16337
0.66598
0.14239
0.52078
0.21011
0.41551
0.46731
0.53243
0.37588
0.090154
0.66608
0.22711
0.82741
0.17296
1.2959
0.077047
0.53165
0.19161
0.35752
0.67953
1.0792
0.17771
0.10035
0.33771
0.072746
0.16309
1.5159
0.12819
0.097826
0.12282
0.089557
0.6854
0.56385
0.10473
1.091
0.7736
0.20023
0.17628
0.32191
0.379
0.23733
0.097048
1.633
0.34477
0.26763
0.1109
1.1573
0.28905
0.59663
0.95289
0.44957
0.097083
0.13753
1.0068
0.9989
0.82494
0.068083
0.72998
0.57698
0.35421
0.47603
0.80813
0.28093
1.1397
0.49398
0.98282
0.52714
0.38267
0.59659
0.62251
0.76196
0.25725
0.18779
0.66216
0.40938
0.42126
0.43952
0.11631
0.89163
0.20993
0.21533
0.38373
0.19331
0.19864
0.059567
1.2941
1.7057
0.14619
0.11053
0.11018
1.1367
0.15841
0.60899
0.19722
0.17576
0.086869
0.14202
0.17072
1.0514
0.39214
0.21736
0.61234
0.18296
0.10764
0.8359
0.49053
0.1033
0.32173
1.2513
0.15112
0.17364
0.09768
0.10619
0.54046
1.5083
0.3608
0.37261
0.1674
0.5359
0.84637
0.28648
0.1104
0.10162
0.10758
0.52698
0.31045
1.0081
0.21367
0.087375
0.32132
0.31061
0.43378
0.29148
0.10192
0.71621
0.24912
0.094405
0.1158
0.91586
1.1603
0.85998
1.0125
0.24736
0.80682
0.7532
0.11158
0.097407
0.44634
0.35106
0.084963
0.95936
0.30046
0.53743
0.42482
0.5224
0.65984
0.20896
0.50716
0.076954
1.1461
0.62585
0.23097
0.42933
0.28881
0.97648
0.19383
0.085125
1.4593
0.72531
0.65279
0.078193
0.093919
0.57503
0.099096
0.16343
0.11415
1.0857
0.10362
0.2052
0.49137
0.13709
0.77347
0.18075
1.0583
0.097873
0.75177
1.6527
1.0182
0.49825
0.1486
0.14305
0.09095
0.31527
0.092274
0.89914
0.75019
0.54295
0.78884
0.26321
0.24187
0.068303
0.37675
0.10391
1.2553
0.2069
0.18645
0.37097
0.18704
0.082273
1.226
0.35718
0.063903
0.2835
0.78662
0.20641
0.54363
0.12886
0.22111
0.11114
1.2377
0.30581
0.12275
0.14238
0.093514
0.084457
0.21227
0.23023
1.0323
1.0081
0.1383
0.22725
0.28769
0.12866
0.48872
1.1476
0.17875
0.58398
0.25939
0.99614
0.081772
0.41684
1.278
0.50115
0.38432
0.1548
0.11299
0.60809
0.11807
0.50039
0.18607
0.86885
0.19421
0.50534
1.1978
0.56147
0.084963
0.30523
0.26406
0.22152
0.23545
0.16225
0.96907
0.14377
0.10786
0.1187
1.0591
0.080657
0.099403
0.081903
0.33701
0.3509
0.089636
1.0418
0.081329
0.65598
0.27447
0.9607
0.49012
1.3784
0.91707
0.32259
0.67576
0.18271
0.12974
0.10473
0.1683
0.15345
1.1707
0.43443
0.86967
0.45007
0.23766
0.11372
0.46655
0.12303
1.1886
0.083606
0.13864
0.52375
0.22003
0.27476
0.19508
1.0963
0.067356
1.3439
0.78752
0.49061
0.059818
0.073731
0.28274
0.85193
0.22167
0.14879
0.17163
0.41859
1.0973
0.12279
0.41944
0.14903
0.20776
0.50188
0.47292
0.13168
0.17708
0.13628
0.73331
0.55957
0.24589
0.61875
0.6341
0.154
1.3719
0.67297
0.11832
0.63282
0.16008
0.88241
0.093659
1.2785
0.78986
0.71629
0.26304
0.28599
0.10323
1.4523
1.144
0.076853
0.093932
0.1591
1.179
1.2487
0.28276
0.14864
0.19415
0.21357
0.34738
1.4043
0.11587
0.12608
1.172
0.14456
0.12998
0.54756
0.1475
0.42391
0.4265
0.27363
0.27374
0.16251
0.19895
0.098416
0.54224
0.10874
0.11909
0.59067
0.18197
0.41487
0.4958
0.20515
0.37398
0.42041
1.0507
0.1499
0.15774
0.33057
0.63815
0.23473
0.3801
0.92492
0.16036
0.11545
0.80865
0.40611
0.72486
0.26336
0.13198
0.52408
0.13766
0.20997
0.18852
0.090176
0.42377
0.23042
0.21451
0.27739
0.7694
0.9289
0.22919
0.15616
0.8512
0.049316
1.0092
0.27612
0.2904
0.16539
0.57301
1.6486
0.20336
1.073
0.32174
0.14643
1.1292
0.9942
0.2664
0.25132
0.48292
1.2239
0.25294
0.91869
0.29109
0.076449
0.10536
0.36376
0.10384
0.25662
0.15064
0.20465
0.15955
0.72033
0.10494
0.06517
0.63758
0.4084
1.0187
0.060241
0.81936
0.36142
0.75675
0.065946
0.10189
0.078681
0.77496
0.13486
0.27455
0.52595
0.44806
0.22912
1.0247
0.05886
0.28947
1.0353
0.63336
0.081974
0.091318
0.19631
0.064033
0.31424
0.22524
0.11913
0.38197
0.1692
1.1184
0.92866
1.1958
0.12876
0.20929
1.1394
0.86491
0.33308
0.22275
0.30728
0.24491
0.12707
0.25039
1.0924
0.077162
0.084894
0.61899
0.37941
0.21332
0.11036
0.08439
0.085331
0.15584
0.093022
0.32665
0.059753
0.14216
0.28961
0.86644
0.62922
0.15656
0.78498
0.14327
0.94568
0.33447
0.076502
0.76547
0.18472
0.2709
0.25271
0.40295
1.0598
0.27562
0.8762
0.087541
0.83641
0.51569
0.14695
0.088292
0.81573
0.10339
0.13489
0.18002
0.11469
0.1106
0.70301
0.66169
0.089777
0.28696
0.36137
0.2281
0.12033
0.28187
1.0572
0.20992
0.73271
0.14897
0.19869
0.093257
0.59711
0.099216
0.44374
0.1165
0.11281
1.6945
0.38802
0.31301
0.38076
0.096009
0.26273
0.10693
0.078191
0.15348
0.26862
0.33872
0.24268
0.11193
0.33
1.5534
0.1834
1.0318
0.091483
0.083488
0.70942
0.17357
0.10256
0.14404
0.43214
0.14226
0.52654
0.73938
0.11372
0.31723
1.0127
0.21742
0.1611
0.096505
1.0921
0.24424
0.5473
0.80878
0.091255
0.20327
0.068958
0.17413
0.65933
0.056016
0.16509
0.20252
0.13796
0.11141
0.44308
0.088944
0.25221
0.94027
0.33069
0.16923
0.32088
0.18612
0.42305
0.18065
1.0627
0.098021
0.55399
0.73169
0.11279
0.48916
0.10811
0.87214
0.89558
0.29838
0.15522
0.3515
0.57148
0.083256
0.11678
0.090123
0.32607
0.89216
0.22077
0.98986
0.15656
0.7699
0.81002
0.21175
0.32275
0.47955
0.95709
0.17094
0.19597
0.33669
1.0405
1.2929
0.099529
0.1648
0.079966
0.18589
0.074064
0.42047
0.20838
0.15377
0.69897
0.17771
0.45882
0.16445
0.14685
0.098326
0.90046
0.39149
0.074131
0.20233
0.76529
1.0404
0.19399
0.089671
0.34509
0.3087
0.21371
0.15193
0.098347
0.19947
0.089513
0.42286
0.34425
0.22721
0.13684
0.085416
0.49573
0.54503
1.358
1.0522
0.14895
0.20874
0.36932
0.30922
0.75733
1.2186
0.14876
0.49013
0.79386
0.28194
0.28548
0.21905
0.21457
0.19373
0.71641
1.1824
0.32293
0.49881
0.11864
0.65381
0.1823
0.10172
0.7742
0.76788
0.063064
0.1752
0.40728
0.63081
0.79658
0.7461
0.17509
0.52188
1.1933
0.39313
1.2404
0.15198
0.18145
0.24396
0.53772
0.57307
0.76544
0.59621
0.23608
0.35619
0.31071
0.82028
0.37559
0.46884
0.082495
0.52554
0.56939
0.07665
0.26938
0.57472
0.92424
0.21766
0.085012
0.63189
0.10255
0.69893
0.94963
0.22602
0.23778
1.0308
0.11288
0.95108
0.1945
0.17272
0.089452
0.17364
0.45881
0.11771
0.098457
0.23636
0.40037
0.17716
0.75097
0.097058
0.39032
0.31128
1.1759
0.15131
0.35586
0.58507
0.31164
0.091696
0.34149
0.14326
0.7909
1.13
0.68049
0.27644
0.4585
0.085328
0.48039
0.89644
0.95905
0.1507
1.1074
0.4402
0.18764
0.13693
0.37113
0.33113
0.16064
0.10441
0.39605
0.12045
0.99243
0.12818
0.46378
0.41711
0.20434
0.15453
1.0792
0.60694
1.2609
0.99783
1.1484
0.42602
0.088749
0.29324
0.17601
0.082202
0.81992
0.70161
0.58106
0.069225
0.19625
1.1554
0.14633
0.078875
0.16467
0.69112
0.11859
0.49389
1.148
0.097871
0.36285
0.22479
0.10661
1.2696
0.12311
0.23814
1.0116
0.15843
0.90346
0.39884
1.0574
1.3782
0.47695
0.30894
0.20682
0.83579
0.39855
0.20542
0.34578
0.10628
0.1154
0.10476
0.70423
0.21448
0.082402
0.23564
1.0853
0.6485
1.1485
0.23954
0.26947
0.32531
1.2325
0.1357
0.97629
0.80064
0.077421
0.90699
1.0417
0.1768
0.43883
0.16762
0.43133
0.24393
1.0851
0.15044
0.14873
0.22245
0.23309
0.98082
0.94479
0.080168
0.22438
0.7081
0.41893
0.34989
1.1706
1.0988
0.10754
0.29718
0.38121
0.52103
0.13187
0.47202
0.50556
1.0937
0.62752
0.072038
0.31132
0.07336
0.22495
0.29378
0.30461
0.51931
0.13097
0.17301
1.0386
0.33539
0.12511
0.66194
0.9847
0.11999
0.33898
0.5472
1.1698
0.56182
1.1537
0.12449
0.48275
0.41212
0.097066
0.099402
0.58291
0.18643
0.13302
0.10506
0.86797
0.095966
0.20429
0.074347
0.094121
0.45226
1.1429
0.095275
0.13962
0.094219
0.070672
1.2558
0.17023
0.15559
0.1843
0.23381
0.087132
0.82189
0.28435
0.84027
0.071878
0.99115
0.43725
0.088995
0.35847
0.59328
0.72128
0.66563
0.21163
0.46698
0.46183
1.1554
0.35017
0.1183
0.53236
0.20175
0.26715
1.1168
0.59101
0.48246
1.7487
1.0927
0.41851
0.22972
0.09375
0.6102
0.7929
0.27841
0.41523
0.11164
0.42209
0.14499
0.11121
0.17817
0.27374
1.3959
0.61412
0.44104
0.090342
0.53727
0.41572
0.44292
0.12081
0.56635
0.22688
0.12721
1.0888
0.79523
0.11499
0.10567
1.116
0.91113
0.60774
0.35817
0.97862
0.084552
0.92161
0.27554
0.2638
0.97257
0.66703
1.2571
0.079491
0.57676
0.11431
0.22556
1.2753
0.89887
0.58218
0.46258
0.11307
0.74563
0.73928
1.1329
0.51938
0.16044
0.83395
0.42258
0.097788
0.12822
0.84027
0.30168
0.082433
0.59216
0.17297
0.42322
0.17363
0.24429
0.097569
1.0416
0.52629
0.07925
0.37259
0.40263
0.15728
0.10173
0.20456
0.14266
0.86999
0.10293
0.24723
0.59983
0.58693
0.53707
1.1942
0.097992
0.11253
0.2432
0.45465
0.20877
0.7191
0.1641
0.072704
0.18583
0.10955
0.13424
0.1069
1.15
0.3126
0.26573
1.1001
0.59426
0.74624
0.22019
0.29961
0.27869
0.57404
1.2028
0.15407
0.41826
0.074929
1.0354
1.386
0.07512
0.37996
1.4547
0.18027
0.16896
0.096721
0.071842
1.1859
0.34202
1.0104
0.071098
0.28363
0.34189
0.13343
1.0985
0.1031
0.088276
0.14637
0.15493
0.14542
0.063509
0.10394
0.66809
0.088218
0.94841
0.15572
0.092869
0.16619
0.27861
1.1518
0.92834
0.41825
0.90211
0.16312
1.0824
0.071794
0.68329
0.086608
0.38811
0.23624
0.10114
1.0602
0.77456
0.31318
0.20754
0.50783
0.27773
0.52986
0.12507
0.83981
0.59851
0.12375
1.0587
0.1579
0.099852
0.092506
0.15266
0.18202
0.08262
1.0291
0.93361
0.086463
0.19877
0.091975
0.6626
0.19355
0.8182
0.68058
0.43163
0.17229
1.0774
0.42483
0.20721
0.83698
0.17254
0.16062
0.329
0.31616
0.13097
0.16159
0.58375
0.14832
0.66475
0.10198
1.0367
0.71434
0.46719
0.10893
0.10731
0.44398
0.30605
0.27867
0.094365
1.1364
0.1469
0.16421
0.36788
0.85656
0.09572
0.31531
1.2147
1.0233
0.32073
0.54569
0.18442
0.57142
0.84405
0.89257
0.34207
0.12236
0.53306
0.3163
0.79869
0.8145
0.69869
0.23155
0.16066
0.13008
0.14277
0.26343
0.3882
0.92156
0.069515
0.13398
0.18396
0.49733
1.2273
0.9931
0.079517
0.21778
0.64105
0.66179
0.32172
0.35127
0.58517
1.3637
0.66421
0.67294
1.2645
0.13341
0.36002
0.10048
0.32295
0.27949
0.47841
0.36929
0.72622
0.10915
0.33631
0.17571
0.065712
0.10494
0.20096
0.32686
0.19989
0.18057
0.45048
0.14593
0.68339
0.088521
0.15888
0.34549
0.81122
0.45835
0.15102
0.64776
0.085897
0.35868
0.096328
0.095021
0.19519
1.1527
0.30223
0.41802
0.97094
0.36532
1.0881
0.73249
0.088218
0.34075
0.64616
0.12241
0.20749
0.32351
1.4497
1.1656
0.3247
0.55579
1.0605
1.054
0.21364
0.13597
0.14529
0.26814
0.1263
0.57297
0.76394
0.93464
0.21173
0.41311
0.21552
0.075463
0.20195
1.1778
0.59565
0.21283
0.23564
0.92331
0.13286
0.73554
0.26323
0.27955
0.077928
0.31737
0.13863
0.11889
0.79712
0.11691
0.3967
0.22447
0.59272
0.16239
1.3221
0.2493
0.10727
0.42691
0.38946
1.1508
1.5417
1.1467
0.48792
0.19477
0.82963
0.70369
0.28805
0.098469
0.29783
0.81739
0.12276
0.20568
0.067699
0.85945
0.34708
0.11658
0.0743
0.11151
0.32403
0.13678
1.2683
0.67918
0.21796
0.60303
0.23692
0.15376
0.39003
0.30066
0.56154
1.3556
1.152
0.42657
0.19858
0.32293
0.8263
0.94222
0.20353
0.16159
0.68634
1.2983
0.3325
1.143
0.3647
0.62983
0.1556
1.0267
0.83318
0.072129
0.20872
0.29251
0.35533
0.082671
0.1002
0.52996
0.22363
0.12253
0.90277
1.1572
0.076604
0.195
0.5273
0.17316
0.31694
0.68996
0.51694
0.13889
1.2493
1.5765
0.16724
0.74628
0.5798
0.14605
0.27811
0.746
0.07665
0.27117
0.26212
0.08769
1.0611
0.12393
0.4816
0.79194
0.20147
0.10392
1.011
0.16016
0.49659
0.24494
0.43833
0.16695
1.157
0.20298
0.11914
0.33685
0.071044
0.74218
1.0191
0.43459
0.50418
0.24802
0.41576
0.13809
0.35903
0.81675
0.46935
1.133
0.15095
0.12703
0.31391
0.10577
1.1484
0.30575
0.24552
0.79916
0.4689
0.10968
1.1773
0.093791
0.15977
0.16131
0.42402
0.098824
0.12281
0.44434
0.27391
0.2112
1.2109
0.21968
0.72229
0.13545
0.65407
1.1202
0.22187
0.96626
0.27673
0.098613
0.23859
0.29454
0.082531
0.079282
0.2603
0.19041
0.096787
0.95407
0.24718
0.91952
0.090009
0.85411
0.23296
0.13543
0.98489
0.4865
0.24103
0.89864
0.18371
0.22835
1.018
0.38538
0.10355
0.35644
0.071531
0.23099
0.72606
0.26652
0.72656
0.53046
0.58881
0.54903
0.68434
0.62053
0.23526
0.074425
0.17261
0.4334
0.10946
0.16386
0.47059
0.5519
0.075875
0.087523
0.35093
1.5009
0.50911
0.0819
0.19203
0.1047
1.1969
0.32991
1.1245
0.27488
0.14763
0.16981
0.28547
0.43119
0.57993
0.10517
0.081437
0.37767
0.18664
0.79842
0.13291
1.0675
0.38306
0.2609
1.076
0.20464
0.37697
0.72113
0.9126
0.47086
0.25896
0.56714
0.20145
1.1816
0.3675
0.23251
0.13257
0.53141
0.10692
0.62372
0.26801
0.3969
1.1407
0.077546
0.63764
1.5421
0.51578
0.44603
0.12109
0.46839
0.068838
1.1557
0.29397
0.20668
0.066473
0.13432
0.69199
0.1128
0.90285
0.36726
0.69306
0.074572
0.13461
1.0104
0.31643
0.29597
0.19414
1.3508
0.17783
0.10673
0.43564
0.15902
1.1095
0.22136
0.10365
0.58731
0.26468
0.83513
0.456
0.073838
0.35363
0.62519
0.8828
0.15459
0.78142
0.964
0.40112
0.75936
0.25217
0.12606
0.97256
0.29477
0.37445
0.84577
0.082874
1.3024
0.18284
0.51708
0.14965
0.78172
0.4815
0.40934
0.075058
0.097296
0.20683
1.1339
0.18378
1.2528
0.98942
0.15984
0.59542
0.093375
0.5686
0.17394
0.30937
1.1058
0.48326
0.1384
1.3074
0.84424
0.22359
0.11753
0.13912
0.18913
0.31802
0.55739
0.16953
0.10721
0.22713
0.72497
0.32462
0.10679
0.53212
1.1844
0.085246
0.19809
0.68826
0.21243
0.88937
0.4009
0.19239
0.47385
0.30587
1.0737
0.78559
1.273
0.31701
0.60432
0.25868
0.15959
0.88589
0.34033
0.35169
0.50461
0.50685
0.11416
0.23123
0.11489
0.29686
0.10948
0.28621
0.25605
0.60256
0.31023
0.42587
0.3968
0.32703
0.7884
0.189
0.94719
0.41074
0.52486
1.7134
0.133
0.47844
1.1122
0.23442
1.2263
0.23932
0.1639
1.322
0.65874
0.37769
0.27944
1.0831
0.076599
0.23902
1.1826
1.2041
0.21619
0.34582
0.55335
0.93772
0.92208
0.71117
0.59716
0.75932
0.24003
0.40975
0.17855
1.1004
0.18758
0.11152
0.376
0.54412
0.22572
0.75141
0.29796
0.372
0.091193
0.41927
0.36151
0.13156
0.19133
0.54225
0.17483
0.33712
1.0526
0.09753
0.56748
1.134
0.8567
0.14086
0.53306
0.20409
0.85524
0.32213
1.3199
0.39736
0.28057
0.58347
0.77697
0.91872
0.60931
0.092478
0.43627
0.86606
0.72579
0.11224
0.068514
0.57921
0.1516
0.09255
0.33698
0.12337
1.0572
1.1223
0.46188
0.090914
0.3163
0.12646
0.11293
0.21251
0.9743
0.098241
0.098813
0.092562
0.69813
0.69352
0.12626
0.11287
1.0207
0.10725
0.66253
0.26204
0.27067
0.8218
0.4373
0.090479
0.058618
1.3974
0.16597
1.1474
1.3
0.14491
0.24845
0.61036
0.11188
0.21292
0.413
0.37471
1.5895
0.89712
0.14667
0.48439
0.26399
0.15847
0.94688
0.34336
0.82553
0.3877
0.25154
0.23373
0.3135
0.89583
0.40551
0.29032
0.21643
0.069592
0.085998
0.083179
0.22488
0.56844
0.42595
0.18972
0.13846
1.394
0.10304
0.10447
0.30066
0.56071
0.27044
0.10559
0.1825
0.10802
0.14382
0.39596
0.18761
0.34683
1.1116
0.32829
0.16703
1.1306
0.25475
0.17549
0.18224
0.39834
0.44808
0.4542
0.32251
0.12391
0.44622
0.6274
0.19754
0.10902
0.18531
0.9698
0.41001
0.16114
0.62073
0.38235
0.6994
0.34222
1.233
0.30819
0.4775
0.14794
0.11309
0.69978
0.51664
0.33546
0.64388
0.17637
0.1583
0.092315
0.24863
1.0873
1.1936
0.16332
0.8474
1.0859
0.49432
1.0834
0.19724
0.45248
0.24892
0.11159
0.31485
0.44433
0.086653
0.083158
0.25196
1.0311
0.15992
1.1587
0.601
0.2104
0.41152
0.13588
0.09332
1.3165
0.67685
0.13611
0.072993
1.1632
0.44615
0.074601
1.5879
0.14337
0.14534
0.38531
0.22944
1.5365
0.51804
0.080172
1.1014
0.38956
0.097599
0.26314
0.70167
0.18488
1.3109
0.16526
0.456
0.092084
0.08781
0.2579
0.80783
0.56569
0.29142
1.1577
0.90505
1.0252
0.16268
1.031
0.21798
0.065731
0.47528
0.13211
1.1955
0.12353
0.096607
0.21049
0.64482
0.39626
1.1598
0.12289
0.17916
0.72366
0.088751
0.33624
0.26177
0.45306
1.0939
0.20444
0.18528
0.10822
0.096247
0.40774
0.74578
0.15909
0.89782
0.098528
0.68097
0.88067
0.35789
1.4147
0.89423
0.54792
0.10938
0.15554
0.88992
0.29278
0.11142
1.3477
0.44989
0.37041
0.14713
0.16001
0.070909
1.1127
0.16921
1.3555
0.11705
0.20434
1.0275
1.0263
0.16336
0.13881
0.28403
0.10763
0.27338
0.30611
0.73541
0.12202
0.11024
0.22029
0.51028
0.21054
0.13503
0.2419
0.1961
0.87651
0.566
0.39709
0.31996
0.27905
1.2132
0.1957
0.1802
0.33586
0.17614
0.15108
0.47515
0.17372
0.24894
0.28552
0.42525
0.16044
0.6271
0.089068
0.87359
0.99531
0.94118
0.17315
0.58387
0.07801
0.34464
0.084169
0.15635
0.26323
0.097988
1.1969
0.59017
0.13943
1.2157
0.069601
1.2452
1.1354
0.1083
0.67461
0.10026
0.18752
0.17934
0.32839
0.20028
0.63133
0.22209
0.21417
0.24755
0.098875
0.26894
0.91645
0.15924
0.17577
0.98799
0.17509
0.17502
0.15423
1.1687
0.092713
0.063889
0.076284
0.26527
0.094188
0.5791
0.28221
1.0568
0.10958
0.25128
0.31114
0.096141
0.48138
0.46196
0.65833
0.15433
0.63095
0.095892
0.30211
1.4001
0.38254
0.33562
0.13863
0.13173
1.0891
0.70559
1.2229
0.12425
0.9118
0.27014
0.38179
0.3063
0.15014
0.6503
0.075019
0.3211
0.11876
0.27724
1.2853
0.099658
0.089762
0.67288
0.18945
0.26119
0.12112
0.098459
0.28287
0.11201
0.7665
0.13915
0.89586
0.12446
1.3107
0.27414
0.42995
0.71283
0.10564
0.13578
0.24751
0.082701
0.22061
0.084292
0.077103
0.94018
0.40483
0.12423
0.093629
0.57486
0.30149
0.61008
1.2862
0.48056
0.73296
0.10728
0.88421
0.25891
0.41922
0.1173
1.198
1.2908
0.18482
0.17515
0.69337
0.1071
1.1411
0.13952
0.25905
0.273
0.93519
0.092159
0.17528
0.39166
0.70428
0.20601
0.32519
0.085039
1.0333
0.55691
0.44223
0.469
0.19402
0.3706
0.32084
0.65219
0.25282
0.12534
0.11014
0.072955
0.77265
0.56224
0.15713
0.19326
0.1324
0.6688
1.0384
0.090436
0.94725
0.073516
0.20211
0.16389
0.085539
0.2763
0.33329
0.30578
0.28979
0.2159
1.1977
0.19868
0.59828
0.12464
0.34157
0.1377
1.0073
0.12193
0.52514
0.23479
0.088162
0.64347
0.081973
0.6352
0.37162
0.13158
0.35283
0.12171
0.1484
0.25622
0.32062
0.10884
0.55619
1.134
0.07784
0.079482
0.076481
0.60956
0.34086
0.077377
0.23933
0.17299
1.6346
0.54306
0.73412
0.80025
0.11716
0.42332
0.2249
0.10673
0.55453
0.089126
0.30956
1.2862
0.42146
0.21018
1.158
0.21011
0.082807
0.20549
0.24577
1.3098
0.2545
0.17092
1.346
0.85999
0.77257
0.88972
1.0938
1.6863
0.1524
0.35752
0.35118
0.43281
1.3266
0.48123
0.12557
1.0123
1.1475
0.13771
0.11101
0.32197
0.16349
0.34522
0.56148
0.10419
0.10473
0.085281
1.1276
0.95881
0.17722
0.32191
0.26359
0.091044
0.065601
0.067827
0.082086
0.26763
0.1524
0.20716
0.63838
0.59663
0.12378
0.57206
0.47683
0.13753
0.7508
0.17006
0.39506
0.50571
0.66843
0.74151
0.26223
0.12065
0.52291
0.18927
0.39145
0.89955
0.087072
1.3064
0.23154
0.59659
0.32963
0.76196
0.2005
0.20798
0.31138
0.15885
0.19205
0.43952
0.12688
0.16562
0.78953
1.1291
0.81008
0.65681
0.17281
0.14702
0.7026
1.7057
1.2115
0.15298
0.88579
0.10084
0.15841
0.89074
0.33631
0.11623
0.3662
0.16857
1.0884
1.1999
0.39214
0.45319
0.23465
0.33756
0.73632
0.14554
0.46282
0.28898
0.9361
1.2513
0.086894
0.35041
1.2531
0.61173
0.54046
1.0974
1.15
0.11753
0.18295
0.099832
0.10832
0.28648
0.1104
0.12254
0.30462
0.27633
0.083135
0.16418
0.21367
0.18189
0.12795
0.088295
1.2237
0.59636
0.9938
0.16037
0.34313
1.5532
0.86584
0.089635
0.28022
1.2299
0.80179
0.24736
0.085152
0.12006
0.25181
0.20109
0.2934
0.24131
0.14209
0.11424
0.30046
0.17751
1.2064
0.5224
0.64382
0.20896
0.097644
0.3462
1.1987
0.62585
0.090657
0.18599
0.21509
0.12751
0.19383
0.14888
0.51707
0.14896
0.069957
0.10945
0.093919
0.57503
0.1445
0.14921
0.13123
0.56879
0.13165
0.82618
0.14733
0.82532
0.77347
0.24702
0.13713
0.34333
0.24412
1.1218
0.58674
0.084942
0.074498
0.42645
0.28624
0.085351
0.081474
0.13673
0.99956
0.92087
0.78858
0.80447
0.37934
0.88363
0.6002
1.2201
0.44665
0.098549
0.20718
0.72507
0.20613
1.0642
1.1462
0.39371
0.78525
0.33988
0.36689
0.11495
0.24984
1.0879
0.12333
0.42569
1.2377
0.19306
1.145
0.43526
0.093514
0.42932
0.21227
0.17032
0.13932
0.1475
0.093529
0.72708
0.13076
0.67088
0.77453
0.59696
0.17875
0.49797
0.25939
0.076972
0.75216
0.10084
0.099447
0.50115
0.38432
0.091193
0.95788
0.60809
0.11807
0.15452
0.25614
0.087021
0.095753
0.1596
0.091915
1.0784
0.83859
0.22387
0.29767
0.13111
0.20976
0.15112
1.1909
0.84156
1.2209
0.1187
0.60644
0.7645
0.099403
0.081903
0.33701
0.34144
0.18055
0.11784
0.86338
0.57604
0.20054
0.46758
0.49012
0.6212
0.70498
0.083148
0.13098
1.1229
0.96765
0.48641
0.34167
0.15345
1.1707
0.21966
0.10286
0.10419
0.67149
0.45006
1.1464
0.097253
1.1269
0.35023
0.2148
1.0729
0.20254
1.2002
0.19278
0.16447
1.1888
0.28527
0.88031
0.49061
0.22798
0.073731
0.40848
0.58406
0.9202
0.13349
0.17163
0.41859
0.17555
0.23602
0.12591
0.35494
0.28151
0.081516
0.83277
0.095804
0.14231
0.21098
0.98592
0.085755
1.1055
0.35701
0.087703
0.154
0.2862
1.1433
0.43608
0.1399
1.2363
1.1228
0.87023
0.48717
0.11583
1.1724
0.64164
0.33381
0.13025
0.96603
0.53137
0.21977
0.2485
1.4731
0.41251
0.66403
0.08341
0.14864
0.64679
0.074222
0.094548
0.71511
0.15278
0.59864
0.57679
0.053965
0.09203
0.15797
0.13243
0.26399
0.4265
0.27363
0.16969
0.26887
0.11819
0.061849
0.12985
0.89848
0.28499
0.30989
0.10972
0.33323
0.3942
0.16154
0.34077
0.42041
0.092904
0.10879
0.066735
1.0236
0.099538
0.23473
0.20193
1.1236
0.43596
0.095561
0.54807
0.14965
0.19891
0.1593
0.40963
0.52408
1.1063
0.25434
1.2595
0.83845
0.24409
0.48834
0.069327
0.11988
0.097945
0.096713
0.75212
0.24664
0.59277
0.98536
0.21717
0.16107
0.20657
0.20411
0.38215
0.4333
0.5333
0.097455
0.1497
0.91575
0.87107
1.1732
0.37903
0.091528
0.78032
1.1797
1.2604
0.26521
0.56476
0.53788
0.71743
0.35586
0.10384
0.25662
0.14889
0.20707
0.28432
1.0626
0.38619
0.092885
0.45493
0.27677
0.14801
0.90347
0.92006
0.08605
0.63763
0.081659
0.18483
0.32276
0.22552
0.59912
1.0125
0.076034
1.3996
0.54738
1.144
0.28497
0.101
1.1522
0.92345
0.54834
0.091318
0.10788
0.47716
0.11502
0.22524
0.63675
0.70962
0.80649
0.85857
0.49891
0.51329
0.211
1.2839
0.27609
0.28158
0.33308
0.88186
0.15077
0.11079
0.33482
0.25039
0.41981
0.077162
0.15953
0.5375
0.13204
0.1356
0.83304
0.08439
0.085331
1.3317
0.13539
0.32665
0.66094
0.58382
0.28961
0.25612
0.62922
0.99168
0.15295
0.42041
0.13786
0.20279
1.0333
0.84653
0.10057
0.2709
1.2377
0.37955
1.0598
0.27168
0.24907
0.5004
0.17993
0.60965
1.127
0.095077
0.18206
0.23555
0.29682
0.18002
0.37187
0.26159
1.2053
0.36082
0.089777
0.85875
0.19184
1.2085
0.13377
1.07
0.57512
0.13494
0.61766
0.16587
0.19869
0.17794
0.4133
1.1503
0.074409
0.31623
0.19731
0.76441
0.74695
0.32826
0.31725
0.109
0.26273
0.16481
0.83197
0.13806
0.34272
0.07401
0.24607
0.59977
0.36795
0.14274
0.36157
0.99497
0.094514
0.11469
0.085839
0.15677
0.60978
0.16256
0.56708
0.22577
0.13634
0.2713
1.0704
0.29867
0.43946
0.11211
0.09345
1.0803
1.3698
0.12989
0.082678
0.24808
1.2164
0.20327
0.21761
0.13467
0.4905
0.081622
0.66211
0.10972
0.13796
1.1065
0.15554
0.34198
0.096563
0.73914
0.16394
0.26462
0.90677
0.41272
0.088722
0.18065
0.10862
0.6107
0.13122
0.54851
0.10873
0.48916
0.097552
0.12774
1.2421
1.0119
0.33304
0.16089
1.2579
0.10146
0.094539
0.39683
0.32607
0.52954
0.088903
0.30901
0.15656
0.18958
0.38014
0.71806
0.23926
0.19775
0.4045
0.12371
0.19597
0.11939
1.0405
0.69112
0.35356
0.16309
0.4801
0.46906
0.084547
0.16383
0.61645
0.9678
0.59231
0.14868
0.62553
0.27034
0.19888
0.098326
1.191
0.32868
0.51799
0.15262
0.20125
0.096542
0.18677
0.15214
0.080067
0.85393
0.21371
1.0732
0.84229
0.19465
0.089513
1.1457
0.22939
0.077981
0.10254
0.085416
0.0978
0.43912
0.10108
0.82043
0.1448
0.11784
0.42877
0.16196
1.1311
0.1912
1.1095
0.11105
0.16106
0.15657
0.53991
0.58274
0.21457
0.37341
1.198
1.1824
1.0429
0.15116
0.46208
0.91348
0.31094
1.1292
0.15039
0.11132
0.2198
0.094867
0.061119
0.36189
0.52294
0.53733
0.64668
0.67642
0.86925
0.063396
0.25142
0.12249
0.30669
0.21176
0.53772
0.54022
0.83945
0.11221
1.1734
1.1987
0.50114
0.2952
0.42977
1.0654
0.6458
0.13201
0.075843
0.16247
1.2814
0.15784
0.92424
0.21766
0.096157
0.12657
0.18928
1.1936
0.6764
0.69993
0.23778
0.13618
1.0159
0.95108
0.1945
0.13808
0.23304
0.17364
0.10381
0.1494
0.11252
0.23636
0.27873
0.30462
0.25571
0.097058
1.0671
0.28094
0.45542
0.73581
0.48018
0.29725
0.12621
0.12949
0.17073
0.10028
0.34923
1.13
0.21514
0.10918
0.70894
0.099711
1.1021
0.43118
0.95905
0.21887
0.63402
0.21479
0.18764
1.1195
0.37113
0.17039
0.32127
0.20751
0.72453
0.31802
0.14303
0.39408
0.5026
1.1245
0.32086
0.10083
0.34484
0.60694
0.13685
0.13206
0.36745
0.081673
1.1514
0.36835
0.33257
0.20484
0.1256
0.12957
0.64364
0.34655
1.1144
0.22962
0.15019
0.51939
0.27872
0.18397
0.4104
1.1157
0.10366
1.2441
0.11094
0.92956
1.2141
0.14131
0.12311
0.23814
1.209
0.20535
0.63002
0.39884
1.1452
0.14533
0.47695
0.6716
0.99565
0.6169
0.29159
0.19976
1.1787
0.61438
0.4822
0.13436
0.48949
1.1983
0.46007
0.078174
0.18272
0.39051
0.38327
0.23954
0.26947
0.70138
1.1365
0.24219
0.094775
0.17521
0.14508
0.27656
1.1861
0.41722
0.11247
0.27738
0.12921
0.17694
1.0843
0.32213
1.1315
0.84168
0.2771
0.095685
0.19424
0.40826
0.1115
0.13366
0.41893
0.30518
0.88202
0.5332
1.7544
1.2601
0.13024
1.1294
0.58284
0.9368
1.1265
0.64718
0.27594
0.70871
0.68668
0.07336
1.1387
0.29378
0.10276
0.51931
0.40302
0.17301
0.13182
0.10352
0.22548
0.18255
0.34855
0.15229
0.31248
0.2369
1.1834
1.1902
0.13729
0.15922
0.95405
0.41212
0.41558
1.0478
0.58291
0.3021
0.12241
0.17105
0.87273
0.10292
0.25053
0.1007
0.80025
0.40306
1.1429
0.17096
1.071
1.1855
0.16667
0.14712
0.36494
0.16821
0.079064
0.099139
0.82498
1.2659
0.51283
0.16663
0.20342
0.99115
0.95919
0.10728
0.22094
0.79302
0.51543
0.11945
0.19654
0.46698
0.36602
0.085648
0.91536
0.1183
1.2167
1.1735
1.1074
1.1168
0.44466
0.9652
0.23495
1.0927
0.1487
0.14471
0.09375
0.70222
0.30431
0.64212
0.42346
0.11164
0.89962
0.15166
0.44355
0.39289
0.1795
1.302
0.20825
0.18292
0.14082
0.49609
0.69549
0.11055
0.82715
0.83619
0.55664
0.5698
1.2045
0.97363
0.12972
0.15646
0.33462
0.16311
0.16031
0.57422
0.67245
0.20135
0.12111
0.16464
0.50419
0.32565
0.24104
0.12665
0.81244
0.20531
0.11988
0.99809
0.87393
0.186
0.26094
0.5825
0.11307
1.344
0.16272
1.1329
0.1684
0.16044
0.37745
0.42258
0.14166
0.092355
1.218
0.31961
0.23261
0.31879
0.30447
1.3249
0.27907
0.31177
0.15179
0.12795
0.13234
0.43876
0.37259
0.45953
0.15728
0.10173
0.40064
0.12726
1.2045
0.17137
0.72986
0.14314
0.27191
0.22858
1.1942
0.06376
0.073485
0.2432
0.34518
0.27925
0.69201
0.18558
0.067226
0.065289
0.10955
0.35026
0.86742
0.58047
1.0424
0.79871
0.14608
0.50962
0.74624
0.22019
0.65573
0.16071
0.70761
0.12787
0.50181
0.79658
1.0095
0.17473
0.9668
0.17594
0.15189
0.68259
0.15875
0.16315
0.39022
0.47461
0.084502
0.84282
0.57317
0.071098
0.49524
1.0592
0.13343
0.98664
0.23136
0.16478
0.12438
0.085255
0.36703
0.35215
0.097293
0.12093
0.18625
0.10524
1.0923
0.81266
0.25638
0.34304
0.32344
0.92834
0.099116
0.31559
0.26463
0.39001
0.058793
0.91981
0.12459
0.38811
0.83404
0.69846
0.36285
0.77456
0.1439
0.13148
0.50783
1.0404
0.13343
0.11345
0.10582
0.22221
0.13147
0.77875
1.0218
0.099852
0.20437
0.5679
0.17223
0.83617
1.0291
0.14339
0.085651
0.19877
0.23246
0.6626
0.21822
0.33048
0.63915
0.20192
0.32026
0.070048
0.079407
0.094981
0.83698
0.17653
0.14752
0.36494
0.24905
0.81587
0.30666
0.075407
0.09857
0.17552
0.35679
0.18319
0.48526
0.63058
0.11435
0.39773
0.18673
0.27581
0.29363
0.85686
0.10023
0.42892
1.0398
0.48053
0.85656
0.79266
0.11623
0.16292
0.10574
1.1497
0.13908
0.094133
0.073016
0.43311
0.15554
0.11603
0.30221
0.49874
0.070408
0.14071
0.11537
1.0678
0.1581
0.83286
0.12319
0.52967
0.12739
0.3882
0.56708
0.32451
0.116
0.18396
0.22875
0.084247
0.9931
0.079517
0.61882
0.11471
0.062479
0.26139
0.079659
0.19661
1.1352
0.66421
1.0472
0.17506
0.74626
0.92827
0.15613
0.66836
0.19665
0.070637
0.97264
0.32269
0.23284
0.50997
1.0096
0.065712
0.10328
0.093534
1.1653
0.19989
0.34939
0.092116
0.19772
0.096499
0.49008
0.41715
0.17273
0.51278
0.11085
0.078063
0.59124
0.095604
0.57048
0.15369
1.0487
0.065938
0.092644
0.10728
0.18368
0.97094
0.36532
1.0881
0.63874
0.35789
0.34075
0.64616
0.25867
0.16949
1.1526
0.16764
0.65661
0.18489
0.58705
0.84311
0.47694
0.21364
0.49373
0.17075
0.21138
0.13652
1.0176
0.76394
0.11531
0.761
0.15228
0.08085
0.14286
0.20195
0.14944
0.096659
0.21283
0.1797
0.11263
0.41379
0.66939
0.22544
0.29612
0.21993
0.21517
0.4056
1.1161
0.40164
0.11515
0.52975
0.58718
0.084081
0.30432
0.086159
0.094195
1.0109
0.16042
0.19015
1.2548
0.43937
0.59375
0.77891
0.25328
0.11784
0.98801
0.76541
0.3673
0.068316
0.33548
0.51312
1.4379
0.97047
0.16449
0.3018
0.97546
0.19162
0.096134
1.2869
0.17421
0.31546
0.19266
1.562
0.67674
0.3474
0.062297
0.18908
0.1113
0.56154
0.25277
0.42351
0.10947
0.36379
0.37255
0.22475
0.13328
0.14428
1.247
0.9375
1.1888
0.88963
0.11019
0.14773
0.16668
0.11518
0.080522
0.25055
0.11478
1.0562
1.0235
0.44486
1.1319
0.092122
0.085318
0.11654
0.98354
0.21327
0.59025
0.35283
0.46711
0.24636
0.29829
0.12559
0.29613
0.44083
0.13889
1.2368
1.5765
0.16724
0.087638
0.61175
0.13023
0.4927
0.093806
0.25337
0.42343
0.69907
1.3146
0.94607
0.10228
0.29434
0.53314
0.10587
0.10392
0.49284
0.16016
0.49659
0.97836
0.21214
0.42296
0.10719
0.12713
0.45115
0.33685
1.045
0.52453
0.99432
0.8975
1.2229
0.24802
1.1164
0.12485
1.087
0.93769
0.41244
0.14584
0.11721
0.31853
0.45
0.65919
0.43477
0.52058
0.12691
0.091054
0.21495
0.15744
0.83924
0.072851
0.15977
0.33381
0.73681
0.24441
0.40512
0.91482
0.12934
0.10316
1.2109
0.12596
0.34146
0.18786
0.61127
1.1202
0.25566
0.22079
0.38275
0.35075
0.23859
0.15315
1.2229
0.079282
0.12253
0.71277
0.096787
0.2449
1.0781
0.2862
0.39973
0.12744
0.08778
0.06871
0.24759
0.5026
0.19552
0.89864
0.18371
1.156
0.50312
0.37539
0.4123
0.53925
0.13512
0.88897
0.18377
0.26652
0.11024
0.13432
0.17609
0.16469
0.80264
0.27091
0.54506
0.12617
0.1375
0.17675
0.15847
0.16386
0.47059
0.13955
0.37257
0.087523
1.1937
0.49995
0.077948
0.08048
1.1417
0.2419
0.20152
0.12949
1.3362
0.50822
0.24167
1.0963
0.87979
0.20188
0.55592
0.21698
0.30418
0.88579
0.58212
0.23025
0.13291
0.58693
0.98188
0.084975
0.60131
0.13237
0.98691
0.81289
1.1224
0.79271
0.25896
1.1257
0.21878
0.41074
1.0584
0.12589
0.66227
0.064944
0.37931
0.13327
0.26801
0.13155
0.12965
0.23997
0.26901
0.098098
0.31259
1.1485
0.11254
0.57262
0.62237
0.17233
0.60244
0.2657
0.066473
0.91985
0.69199
0.20783
0.90285
0.36726
0.69306
0.19804
1.3112
1.0104
0.26562
1.0559
0.19414
0.1378
0.1629
0.12581
0.17938
0.19374
0.43186
0.23747
0.2062
1.5742
0.086344
0.20107
0.456
1.1834
0.28632
0.12246
0.27023
0.1398
0.078972
0.17018
0.33859
0.16891
0.76345
1.1604
0.075261
0.11872
0.27603
0.30249
0.13343
0.082482
0.43285
0.16428
1.2489
0.26158
1.0009
0.078031
0.083415
0.097296
0.35018
0.10207
0.80711
1.2954
0.78197
1.2241
0.43677
0.46764
0.22459
0.19487
0.157
0.27764
1.1372
0.09254
0.22152
0.22037
0.7095
0.15086
1.4153
1.0621
0.31802
0.10714
0.90393
0.7952
0.19948
0.72497
0.19211
1.2289
0.090731
0.28929
0.14875
0.48818
0.13068
0.082817
0.17413
0.14751
0.22201
1.0328
0.14775
0.43156
0.7755
0.79552
0.13952
0.9878
0.42747
0.15613
0.2929
1.0205
0.24305
0.55452
0.50685
0.12816
1.2513
0.069387
0.29686
0.58071
0.79671
0.25605
0.53413
1.1442
0.42587
1.0366
0.45408
0.23977
0.17344
0.94719
0.41074
0.52486
0.13752
0.089769
1.2385
1.1122
0.16292
0.47729
0.11693
0.36338
0.77103
1.5965
1.2572
0.13314
1.0831
1.3864
0.96308
0.58431
1.2041
1.2644
0.1582
0.40374
1.1595
1.109
0.067955
0.13536
0.41971
0.26462
0.26895
0.80827
0.74957
0.070407
0.13327
0.082781
0.54412
0.55439
0.35075
0.95174
0.080058
0.28787
0.14809
0.093427
0.12242
0.16362
0.097397
1.1587
0.38198
0.13146
0.18071
0.087754
0.99448
0.28994
0.31917
0.53306
0.13863
0.3638
0.96025
0.091882
0.14415
0.253
0.57419
0.83397
0.46007
0.74254
0.53576
0.12337
0.30325
0.25315
0.61762
0.40641
0.25197
0.51577
0.12424
0.1048
0.19497
0.12456
0.060782
0.23646
0.16256
0.3163
0.21841
0.84897
0.11897
0.48833
0.67847
0.57785
0.48173
0.096558
0.69352
0.14341
0.090473
0.73808
0.99363
0.64806
0.14731
0.11131
0.8218
0.12722
0.28989
0.19252
0.86123
0.52536
1.1898
1.2042
0.092721
0.24845
0.084487
0.1876
0.096142
0.26297
0.35779
1.2272
0.74198
0.14749
0.1739
0.26399
0.13509
0.076658
0.57097
0.07531
0.13275
0.24186
0.23373
0.88381
0.51507
0.40551
0.56961
0.21643
0.11477
0.25569
0.53771
0.099051
0.56844
0.57344
0.29282
0.81159
0.33152
0.23616
0.69947
0.5796
0.18691
0.16436
0.10559
0.45001
0.19796
0.47926
0.24014
0.18761
0.96356
0.084458
0.32829
0.089251
0.22245
0.097061
0.17662
0.10487
0.24764
0.33459
1.1204
0.19364
0.12391
0.44622
0.33673
0.19754
0.10902
0.42436
0.29526
0.77721
0.50448
0.94625
0.28831
0.66408
0.16466
0.79212
0.14115
0.47078
0.16448
0.20447
0.33822
0.46941
0.17193
0.096763
0.15102
0.78314
0.28627
0.089362
0.34869
1.136
0.27219
0.091718
0.14347
0.21717
0.337
0.17447
0.12588
0.15324
0.82657
0.74288
0.58503
0.10139
0.096278
0.83568
0.88966
0.64537
0.86354
0.47032
0.18514
0.41152
0.17983
0.17674
0.87531
0.35667
0.2065
0.29493
0.074793
0.28784
0.074601
0.096961
0.14337
0.14378
0.38531
0.11961
0.99652
0.072967
0.080172
0.29119
0.2474
0.26166
0.16055
0.54516
0.15727
0.1277
1.3788
1.0632
0.2672
0.10429
1.1556
0.97229
0.81241
0.33196
0.567
0.90505
0.36201
0.35045
0.20426
1.1708
0.065731
0.11273
0.12858
0.1898
1.2249
0.84876
1.5906
1.1577
0.89759
0.76939
0.18956
0.087974
0.30191
0.20867
0.17009
0.93154
0.45306
0.31576
0.085237
0.11726
0.34829
0.096247
0.13346
0.78681
1.096
0.23802
0.72262
0.15019
0.28473
0.26593
0.20096
0.26885
1.0077
0.10035
1.0482
0.80594
0.63134
0.10786
1.4115
0.95888
0.063208
0.40195
0.16001
0.070909
1.1127
0.23753
0.55524
0.17825
0.88241
0.13892
0.31922
0.16336
0.4814
0.63429
0.35605
0.11659
0.30611
0.51789
1.2585
0.24534
0.22029
0.4609
0.29276
0.11318
0.12913
0.1961
0.81653
0.25144
0.13049
0.17429
0.23473
0.14918
0.12349
0.79941
0.10258
0.17614
0.18175
0.40123
0.17372
0.24894
1.3739
0.98007
0.61853
0.22922
0.32221
0.55173
0.09045
0.10176
0.069177
0.090854
0.23678
1.4054
0.15276
0.14927
0.20238
0.19387
0.24337
0.19238
0.13756
0.34857
0.3444
0.6161
0.39265
0.46895
0.15446
0.20133
0.13857
0.18407
0.76192
0.45431
0.22546
0.22022
0.13989
0.079703
0.17491
0.26894
0.91645
0.15924
0.17577
0.98799
0.17509
0.17502
0.15423
1.1687
0.092713
0.063889
0.076284
0.26527
0.094188
0.5791
0.28221
1.0568
0.10958
0.25128
0.31114
0.096141
0.48138
0.46196
0.65833
0.15433
0.63095
0.095892
0.30211
1.4001
0.38254
0.33562
0.13863
0.13173
1.0891
0.70559
1.2229
0.12425
0.9118
0.27014
0.38179
0.3063
0.15014
0.6503
0.075019
0.3211
0.11876
0.27724
1.2853
0.099658
0.089762
0.67288
0.18945
0.26119
0.12112
0.098459
0.28287
0.11201
0.7665
0.13915
0.89586
0.12446
1.3107
0.27414
0.42995
0.71283
0.10564
0.13578
0.24751
0.082701
0.22061
0.084292
0.077103
0.94018
0.40483
0.12423
0.093629
0.57486
0.30149
0.61008
1.2862
0.48056
0.73296
0.10728
0.88421
0.25891
0.41922
0.1173
1.198
1.2908
0.18482
0.17515
0.69337
0.1071
1.1411
0.13952
0.25905
0.273
0.93519
0.092159
0.17528
0.39166
0.70428
0.20601
0.32519
0.085039
1.0333
0.55691
0.44223
0.469
0.19402
0.3706
0.32084
0.65219
0.25282
0.12534
0.11014
0.072955
0.77265
0.56224
0.15713
0.19326
0.1324
0.6688
1.0384
0.090436
0.94725
0.073516
0.20211
0.16389
0.085539
0.2763
0.33329
0.30578
0.28979
0.2159
1.1977
0.19868
0.59828
0.12464
0.34157
0.1377
1.0073
0.12193
0.52514
0.23479
0.088162
0.64347
0.081973
0.6352
0.37162
0.13158
0.35283
0.12171
0.1484
0.25622
0.32062
0.10884
0.55619
1.134
0.07784
0.079482
0.076481
0.60956
0.34086
0.90885
0.19137
0.1579
0.12382
0.11997
1.0987
0.99116
0.12267
0.16709
0.14847
0.11012
0.31234
1.6991
0.2391
0.18146
0.2306
0.27154
0.58137
0.15424
1.1789
0.082974
0.14472
1.3779
0.5056
0.10825
0.14601
0.557
0.77257
0.50685
0.13546
0.19069
0.27809
0.62616
0.98117
0.23576
0.6721
1.1274
0.082108
1.0123
0.21085
0.30142
0.095445
0.089538
0.10694
0.99154
0.087595
0.13595
0.11407
0.14724
0.73964
1.2125
0.34935
1.1727
0.52416
1.1775
0.67629
0.42513
0.37346
0.27607
0.1993
0.068413
0.20466
0.19889
0.21946
0.31296
0.2203
0.19868
0.63007
0.8638
0.29089
0.51369
0.60544
0.74151
0.092227
0.80048
0.13862
0.16571
1.2521
0.2995
1.0464
0.91349
0.20452
0.59659
0.16749
0.36371
0.1123
1.0067
0.10611
0.11561
0.12119
0.63545
0.41779
0.16562
0.66257
0.087655
0.55942
0.15459
0.92604
0.27839
1.1006
0.11018
0.81009
0.10185
0.44944
0.10961
0.094567
0.34691
0.11757
0.11361
0.17787
0.51959
0.11762
0.20463
0.14699
1.0476
0.16056
0.4701
0.080197
1.0134
0.14314
0.56414
0.59159
1.0035
0.19262
1.0785
0.20493
0.16708
0.077813
0.0765
1.2965
0.13291
0.13745
0.16056
0.31601
0.95797
0.1104
0.31901
0.30462
0.16211
0.12076
0.13772
0.084353
0.075467
0.20439
1.3254
0.099614
0.21712
0.20762
0.46081
0.32053
0.88133
0.74699
0.14234
0.12746
0.14419
0.081389
0.12319
0.23633
0.10952
0.17291
0.17995
0.29008
0.11108
0.12442
0.16274
0.18057
0.29397
0.59105
0.43931
0.1852
0.076593
0.085662
0.080805
0.1669
0.12814
1.1215
0.39131
0.33402
0.2381
0.2172
0.18923
0.99126
0.19295
0.86045
0.14567
0.093919
0.18915
0.1445
0.14921
0.14552
0.082817
0.19513
0.10495
1.1232
0.82532
0.2093
0.12667
0.79597
0.85775
0.33304
0.32381
0.10239
0.16201
0.074498
0.28828
0.40689
0.10442
0.23232
0.21906
0.25878
0.45299
0.39539
0.14974
0.37934
0.83241
0.18341
0.30438
0.11243
0.092751
0.96887
0.83294
0.96704
0.16552
0.54624
0.10049
0.20055
0.18217
0.15364
0.6468
0.83502
0.81717
0.5926
0.073342
0.46654
0.61535
0.66805
0.45532
0.5645
0.27447
0.07876
0.070411
0.38564
0.37837
0.073969
1.0592
0.15038
0.2206
0.33923
0.59696
0.17875
0.095769
0.38739
0.43692
0.75216
0.12643
0.12865
0.15239
0.12581
0.14706
0.95788
0.16799
0.35165
0.4756
0.16816
0.71731
0.19333
0.13516
0.16702
1.024
0.085487
0.55557
1.1411
0.10908
0.18392
0.62505
0.40686
0.6783
0.94344
0.32503
0.12041
0.7645
0.11778
0.1779
0.60373
0.11566
0.21023
0.11468
0.41266
0.32395
0.81906
0.61595
0.81748
0.22212
0.15282
0.13603
0.72442
0.10208
0.68061
0.31044
1.1022
0.1585
0.17261
0.79924
0.15533
0.10419
1.463
0.97073
0.072704
0.44613
1.175
0.15012
0.19803
0.11012
0.21489
0.21537
0.082139
0.11507
1.1888
0.10379
1.2198
0.13067
0.077575
0.091553
0.94572
0.20328
0.076518
1.101
0.45907
0.29439
0.1112
0.23602
0.10886
0.12582
0.42018
0.48635
1.0121
1.5192
0.14231
1.0604
1.2806
0.11652
0.47196
0.13036
0.14429
0.21531
0.085788
1.2318
0.43608
0.89596
0.31651
1.1228
0.34776
0.48717
0.17679
0.25507
0.17104
0.09557
0.068038
0.3145
0.53137
0.092848
0.097815
1.1946
0.32158
1.2179
0.24757
0.36017
0.78588
0.26505
0.21177
0.12992
1.3218
0.59864
1.0238
0.17179
1.0643
0.08014
0.45016
0.25475
0.17851
0.14955
0.098344
0.14417
1.2325
0.99337
0.57263
0.49542
0.10822
0.34244
0.12057
0.095458
0.10522
0.36553
0.34077
0.18326
0.092904
0.12528
1.1057
0.79824
0.83625
0.08758
0.095277
0.28471
0.10356
0.086559
0.84215
0.14965
0.15302
0.094347
0.102
0.12674
1.1063
0.26849
1.2359
0.10327
0.24409
0.5545
0.17578
0.090015
1.2171
0.61681
0.75212
0.27865
0.86951
0.98536
0.41946
0.73328
1.2512
0.80567
0.16657
0.11249
1.0844
0.25607
0.086374
0.21364
0.29472
0.26832
0.37903
0.51795
0.36217
0.66682
0.38785
1.0141
0.32028
0.095966
0.099618
0.19936
0.10384
0.34321
0.29573
0.062069
1.0493
1.0626
0.23322
0.35215
0.094445
0.35161
0.14801
0.90347
0.47326
0.78328
0.11964
0.93262
0.18483
0.09362
0.52161
0.20151
0.28581
0.13125
0.39156
0.54738
1.2002
0.39651
0.93148
0.1306
1.2637
0.33626
0.14731
0.15834
0.47716
0.11583
0.54414
0.63675
0.22159
0.098547
0.41335
0.11399
0.22849
0.2287
0.33402
1.1353
0.77998
0.31079
0.10461
0.14323
1.1191
0.87485
0.093545
0.097817
0.15417
0.25675
0.31821
0.32781
0.25839
0.83304
0.081542
1.6281
1.0145
0.26902
0.28075
0.11189
0.17232
1.0632
0.44672
0.15095
0.14003
0.095614
0.26482
0.35363
0.094396
0.08327
0.84653
0.099405
0.14373
0.20191
0.12043
0.30818
0.10844
0.090194
1.0479
0.81533
0.081058
0.27148
0.17024
0.10895
0.11098
0.29682
0.10291
0.5553
0.26159
0.24933
1.1723
0.10248
0.62586
0.81353
1.1946
0.13606
0.083825
0.23836
0.91051
0.48458
0.19865
0.32331
0.10211
0.92716
0.33734
0.13557
0.11755
0.064439
0.12487
0.35895
0.41808
0.083731
0.94537
0.26273
0.71464
0.10296
0.10621
0.72855
0.07401
0.74152
0.59977
0.091586
0.50866
0.44818
0.10505
0.19603
0.22775
0.12287
0.12525
0.20739
0.10856
0.13818
0.091672
1.1876
1.2063
0.41812
0.36175
0.24143
0.11211
0.24721
0.09705
0.86127
0.15329
0.38041
0.24808
0.74074
0.066153
0.21761
0.23646
0.4905
0.22645
0.85363
0.65851
0.45443
0.92925
0.60163
0.15803
0.11187
0.12203
0.091322
0.29505
0.86244
0.25187
0.33813
0.18065
1.1066
0.53128
1.1591
0.15275
0.68559
0.59899
0.14303
0.12774
1.2421
0.37339
0.56306
0.16089
0.15775
0.51296
0.9257
0.5526
0.10447
0.20583
0.38421
0.18332
0.15112
0.73879
0.18939
0.80414
0.65245
0.082741
1.1582
0.19879
0.85998
0.45082
0.20018
0.27036
0.21776
0.35126
0.46514
0.30128
0.36056
0.86598
1.0862
0.73282
0.097904
0.91186
0.13194
0.40491
0.2602
0.084142
0.13366
0.67603
1.2651
0.43246
0.35993
0.26199
0.18677
0.10384
0.33158
0.36329
0.38313
0.26114
0.18569
0.23771
0.094867
1.1457
0.12987
0.25616
1.0755
0.63983
0.0978
0.53549
0.10108
0.82043
0.099462
0.11784
0.30039
0.17847
0.3314
0.25405
0.30991
0.12916
0.087001
0.53273
0.70267
0.71615
0.32618
0.24009
0.1602
0.60706
0.29907
0.15116
0.34097
1.1888
0.2485
0.33275
0.53793
0.48598
0.77186
0.11099
1.0933
0.68916
0.094252
0.43468
0.84285
0.095367
0.4984
0.30439
0.2034
0.12141
0.12188
0.070284
0.83269
1.0077
0.83945
0.1705
0.11893
0.18555
0.10248
0.2952
0.085749
0.1848
0.38966
0.31006
0.15584
0.075877
1.0945
0.15784
0.92424
0.44676
1.0051
0.39257
0.85529
0.58866
0.87008
0.30059
0.20094
1.0415
0.90356
0.95108
0.18434
0.070805
0.90729
0.74137
0.56679
0.33883
0.82194
0.16694
0.13356
0.74429
0.26411
0.88135
0.46681
0.5784
0.16861
0.1202
1.1797
0.29725
0.19666
0.12949
1.0032
0.11993
0.12477
1.3374
0.58292
0.082427
0.70894
0.32817
0.27396
0.43118
0.081603
0.21887
0.1225
0.10473
0.18764
0.54944
0.47508
0.70385
0.29796
1.038
0.074044
0.64916
0.24619
0.66807
0.89256
0.2609
0.065415
0.10083
0.25366
0.58103
1.15
0.13206
0.067252
0.081673
0.43246
0.99167
0.47203
0.15008
0.13828
0.34199
0.099311
0.48425
1.0071
0.40648
0.15019
0.18277
0.1553
0.4952
0.13517
0.35518
0.29378
0.27924
0.36371
0.92956
0.77921
0.12493
0.63312
0.46355
0.68302
0.20535
0.82671
0.078062
0.5697
0.14533
0.69859
0.32506
0.22592
0.32812
0.31216
0.19976
0.15355
0.32176
0.90958
0.17028
0.25551
0.10333
0.30744
0.68471
0.90741
0.88863
0.12879
0.23954
0.31441
0.26136
0.13025
0.3657
0.32432
0.6852
0.76873
0.11312
1.1861
0.1792
0.52897
0.27738
0.12921
0.69698
0.57107
0.54761
1.0614
0.18736
0.079769
0.12542
0.32919
0.074637
0.15556
0.10432
0.227
0.30518
0.15459
0.75349
0.095965
0.17996
0.9368
0.14178
0.30371
0.26272
0.18661
0.10289
0.077357
0.19717
0.13078
0.1396
0.19563
0.81773
0.13316
0.57115
0.26106
0.859
0.092891
0.81948
0.26292
0.77112
0.19762
0.15229
0.064698
0.18376
0.17869
0.081834
0.20855
0.078949
1.0168
0.11256
0.23995
0.43893
0.12304
0.56667
0.31622
0.21283
1.0485
0.35184
0.28773
0.20624
0.095017
0.56099
0.33623
0.17096
0.10324
0.24426
0.16667
0.16874
0.095676
0.12823
0.18426
1.0923
0.31011
0.13113
0.51283
0.32561
0.54966
0.37613
0.54317
0.33465
0.16385
0.74101
0.89142
0.59531
0.24031
0.086932
0.17579
0.72993
0.91536
0.20512
0.16269
0.63775
0.072931
0.62471
0.15737
0.23435
0.47212
0.075513
0.20121
0.83666
0.49161
0.70222
0.095862
0.85289
0.2276
0.32935
0.89962
0.97978
0.25222
0.39289
0.48415
0.1624
0.26624
0.40944
0.11707
0.12366
0.69549
0.31853
0.44722
0.89203
0.16547
0.71881
1.0428
0.20665
0.12972
0.97399
0.12752
0.69861
0.16031
0.1998
0.67245
0.33377
1.1243
0.16464
0.28307
0.2632
0.75373
0.56636
0.35515
1.1787
0.07938
0.99809
0.38866
0.17741
1.0042
0.10312
1.0767
0.26623
0.23709
0.67451
0.11705
0.30438
1.6629
0.42258
0.47483
1.2166
0.27445
1.2529
0.25671
0.30537
0.39158
0.10693
0.27907
0.21199
1.175
0.68456
0.12136
1.1814
0.094129
0.078571
0.080998
1.3276
0.18958
0.29627
0.2177
0.089146
0.52826
0.1168
0.84453
0.22858
1.1942
0.54833
1.1272
0.091253
0.25287
0.65724
0.25553
0.081941
0.091365
0.15707
0.37465
0.94095
0.13472
0.22656
1.1381
0.06796
0.38359
0.15557
0.70075
0.22019
0.96863
1.2001
0.6519
0.15329
0.085117
0.3994
0.10472
0.36755
0.18227
0.4019
0.088424
1.1539
0.19213
0.18648
0.10985
0.17226
0.071966
0.32298
0.24966
0.30566
0.49524
0.32197
0.62696
0.27953
0.2498
0.058811
0.092874
0.14519
0.44294
0.35215
1.0615
0.46779
0.18625
1.0754
0.19393
0.38593
0.78889
0.28778
0.36636
0.097459
0.10524
0.39461
1.0997
0.10828
0.070225
0.11393
1.5496
0.38811
0.20998
0.44662
0.57403
0.2302
0.2138
0.5393
0.16284
1.0404
0.2101
0.95106
0.80327
0.077139
0.37356
0.77875
0.36982
0.21429
0.27641
0.20044
0.30881
0.18678
0.16901
0.14339
0.085651
1.076
0.41914
0.6626
0.15718
0.52342
1.1669
0.14917
1.0814
0.16077
0.091634
0.96904
0.11872
0.24566
0.8871
0.11169
0.67738
1.2599
0.15698
0.27399
1.5179
1.3027
0.25502
0.39092
0.32177
0.12803
1.1175
1.1668
0.10577
0.16567
0.28785
0.27373
0.15644
0.16901
0.33905
0.48053
0.58957
0.79266
1.2264
0.16292
0.46374
0.31909
0.11252
0.16934
0.073016
0.61414
1.3607
0.22449
0.30221
0.11145
0.80756
1.1755
0.21802
1.0678
0.43799
0.074826
0.9279
0.12589
1.3172
0.15633
0.39844
0.81682
0.15586
1.0351
0.22875
1.4628
0.18136
0.3288
0.61882
0.11471
0.078326
0.26139
0.075456
0.71496
0.40754
0.38615
0.76434
0.11034
0.22267
0.92827
0.9712
0.53926
1.0591
0.63524
0.085427
0.075854
0.21129
0.8176
1.0096
0.21586
0.31231
0.10358
0.34069
0.25543
0.16427
1.2641
0.13587
1.0662
0.14497
0.17486
0.74557
0.30782
0.1722
0.10681
0.68719
0.65731
0.11503
0.23846
0.48044
0.11474
0.092644
0.10728
0.45787
0.43477
1.2385
0.073118
0.94755
1.1398
0.12853
0.23259
0.25867
1.0388
0.09613
1.032
0.62324
1.0971
0.39567
0.214
0.24456
0.18705
0.5405
1.242
0.67565
0.087231
0.45606
0.76394
0.52903
0.761
0.24253
1.0835
0.092313
0.65711
0.14355
1.0883
0.36264
0.23472
0.087328
1.5304
0.15581
0.32058
0.20422
0.26361
0.63398
0.51843
0.67189
1.0217
0.11515
0.94068
0.2856
0.58662
0.30432
0.086159
0.088574
0.58005
0.66483
0.19015
0.1306
0.43937
0.41229
1.1597
0.15319
0.20118
0.98801
0.76541
0.28133
0.9411
0.915
0.27902
0.67836
0.53568
0.20527
0.12277
0.68431
0.089069
0.25172
1.221
0.30883
1.1296
0.89525
0.53181
0.079672
0.27739
0.14373
0.24321
1.1595
0.50002
0.29923
0.1389
0.36836
0.084473
1.0293
0.16592
0.81738
0.3299
0.12169
0.9375
0.18517
0.21354
0.24568
0.21542
0.11431
0.33937
0.43362
1.6967
0.382
0.09722
1.0235
0.19549
0.64213
0.40175
0.14531
0.12885
0.22708
0.33403
0.93354
0.35283
0.081374
0.165
0.60413
0.12559
0.94576
0.073123
0.51857
1.2368
0.071702
0.25427
0.57879
0.24424
0.91874
0.11291
0.12222
0.11307
0.15061
0.079556
1.3146
1.1383
0.10228
0.099346
0.062259
0.13557
0.10392
0.49284
0.14388
0.75974
0.29367
0.35493
0.10923
0.28611
0.18927
0.88782
1.1903
1.045
0.17148
0.55295
0.78534
0.62226
0.49728
1.1164
0.53596
0.10245
0.43099
0.66009
1.2275
0.24228
0.14329
0.10387
0.14175
0.35802
0.36955
0.40293
0.16241
0.11636
1.07
0.77877
0.50301
0.15977
0.083854
0.73681
0.15019
0.16259
0.30522
0.53429
0.10316
1.2109
0.14902
0.89182
0.70307
0.22393
0.12678
0.51177
0.22079
0.10087
0.32248
0.083458
0.21967
0.67332
0.27256
0.080359
0.088827
1.053
0.67676
0.58867
0.24236
0.25708
1.0234
0.082591
0.065538
1.2185
0.46282
0.081726
0.51653
0.29246
1.2414
0.2797
0.12785
0.11127
0.39625
0.13359
0.10961
0.24729
0.28777
0.11024
0.54393
0.25931
0.16469
0.14623
0.10062
0.62028
0.89591
0.07925
0.20557
0.11129
0.58127
0.18442
0.20262
0.074827
0.30261
1.2283
0.23244
0.2873
0.31095
0.23946
0.62332
0.22164
0.07554
0.16954
0.50822
1.2015
1.0963
0.10326
0.96737
0.91392
0.19465
0.61652
0.1255
0.31926
0.66101
0.2013
0.1958
0.98188
0.26518
0.074297
0.50261
0.80168
0.46341
0.52793
0.54734
0.55438
0.26977
0.21878
0.41074
1.0948
0.58161
0.13049
0.93006
0.10429
0.13327
0.34855
0.77449
0.11937
0.37084
0.45271
0.33568
0.31259
1.0424
0.69739
0.49172
0.2702
1.071
1.0714
0.4906
0.15716
0.34946
0.10312
0.42515
0.53688
0.36726
0.077094
0.19804
0.66252
0.17422
0.52324
0.21383
0.27282
0.12961
0.50326
0.75062
0.12385
0.19374
0.14311
0.11647
0.092509
0.42319
0.086344
1.0552
0.11054
0.89165
0.14495
0.31342
0.15202
0.30146
0.092095
0.28734
0.30475
0.14678
0.5067
0.15309
0.11117
0.11872
0.12709
0.096992
0.11487
0.68235
1.0106
0.72171
0.99087
0.2785
0.17567
0.11153
0.4731
0.95978
0.1472
0.70225
0.32772
1.1137
0.21002
0.32969
0.34815
0.14222
0.34819
0.82697
0.25185
0.76183
0.81553
0.24353
0.65779
0.45605
0.062602
0.12375
0.099498
0.58294
1.2111
0.17832
0.10663
0.077583
0.17926
0.54544
0.57077
0.1063
0.090731
0.087392
0.14875
0.44279
0.71871
0.11145
1.1205
0.14751
0.094314
0.11771
0.88794
0.55418
0.7755
0.8769
0.54076
0.18043
0.10159
0.22555
0.2929
1.0205
0.24305
0.17241
0.10214
0.13127
0.7473
0.56937
0.31143
0.60753
0.79671
0.25605
0.59456
1.2159
1.171
0.80921
0.18371
0.088297
0.74358
0.29702
0.15516
0.089651
0.16484
0.34341
0.14866
0.14656
1.2954
0.34269
1.1775
0.07271
0.075799
0.089339
0.14281
0.22707
0.12292
0.22261
0.16778
0.34426
1.2041
0.1143
0.28771
0.15939
0.11567
0.20192
0.08103
0.76199
0.13769
0.087089
0.26895
0.4151
0.74957
0.10057
0.069867
0.51414
0.2105
0.20191
0.071865
0.95174
0.60488
0.38103
0.16071
0.0969
0.1547
0.52612
0.99188
1.1357
1.0727
0.11065
0.3021
0.31981
0.12568
0.13838
1.4379
1.1521
1.3739
0.51772
1.1499
1.0423
0.14415
0.41245
0.19298
0.069223
0.27231
0.36086
0.22724
0.092133
0.14594
0.44296
0.74326
0.4749
0.25197
0.51577
0.92083
0.39046
0.42572
0.72462
1.1516
0.14073
0.16256
0.77162
0.39366
0.84897
0.095086
0.10684
0.067967
0.13709
0.48261
0.92441
0.17765
0.24083
0.35169
0.44651
0.99363
0.15271
0.081967
0.46998
0.13985
0.5485
0.14287
0.74137
0.86123
0.29612
1.1898
0.22767
0.092721
0.56795
1.2581
0.094699
0.85199
0.09493
0.64919
1.3067
0.10643
0.34133
0.19064
0.64571
0.52685
0.22023
0.22252
0.22517
0.12062
0.12934
0.93603
0.14416
0.172
0.092394
0.17535
0.24194
0.15162
0.082184
0.69562
0.2546
0.47296
0.22311
0.29282
0.56676
0.24696
0.086042
0.69947
1.2475
0.59467
0.95763
0.15722
0.070984
0.29428
0.20369
0.2001
0.082254
0.29343
0.6481
0.20031
0.57212
0.22632
0.18148
0.11744
0.11525
0.085243
0.56013
0.080866
0.12703
0.19543
0.40706
0.19542
0.074608
1.1442
1.3842
0.13354
0.29337
0.12072
0.22173
0.24919
0.94374
0.68856
0.79212
0.066965
0.94044
0.078739
0.31368
0.077579
0.13865
0.26906
1.1522
0.21482
0.78314
0.43337
1.4368
0.34869
0.27429
0.086839
0.21672
0.24179
0.077591
0.11107
0.17447
0.15349
0.11945
0.2572
0.21814
1.0405
0.49666
0.16289
0.83568
0.13492
0.19058
0.77602
0.62677
0.38998
0.28727
0.2278
0.97692
0.093326
0.49936
0.26121
0.29493
0.25735
0.25645
0.49476
1.1517
0.90837
1.0405
0.14395
0.11961
0.99652
0.18946
0.77219
0.29119
0.59423
0.42301
0.16055
0.84765
1.2781
0.14495
1.3788
1.0632
1.3912
0.13815
1.1556
0.087332
0.81241
0.12244
0.12709
1.2211
0.35938
0.24722
0.42855
0.15504
0.63746
0.14131
0.97661
0.3055
0.095416
0.11119
0.10075
0.53266
1.1966
0.19609
0.18956
0.1054
0.45246
0.97372
0.16954
0.22356
0.21136
0.25713
0.085237
0.12268
0.94342
0.37196
0.25087
0.082308
0.5058
0.069622
0.11558
0.2542
0.26977
0.14853
0.1742
1.1303
0.49112
0.25169
0.081317
0.14157
0.63134
0.50163
1.4115
1.3332
0.14487
0.067659
0.10972
0.070909
1.1127
0.92927
0.079618
0.20355
0.27945
0.10045
0.1058
1.2779
0.37944
0.26654
0.27821
0.16165
0.30611
0.51687
0.77093
0.24534
1.0858
1.2385
0.29276
0.10321
1.1666
0.22514
0.11895
0.50964
1.5541
1.5272
0.15875
0.27334
0.12349
0.17411
0.10258
0.33548
0.18779
0.50736
0.61991
0.24894
0.26794
0.32671
0.61853
0.14249
0.21397
0.11755
0.09045
0.20639
0.1671
0.94685
0.23678
0.40505
0.17368
0.14927
0.16699
0.22327
0.33163
0.19238
0.13756
0.34857
0.3444
0.6161
0.39265
0.46895
0.15446
0.20133
0.13857
0.18407
0.76192
0.45431
0.22546
0.22022
0.13989
0.079703
0.17491
0.26894
0.91645
0.15924
0.17577
0.98799
0.17509
0.17502
0.15423
1.1687
0.092713
0.063889
0.076284
0.26527
0.094188
0.5791
0.28221
1.0568
0.10958
0.25128
0.31114
0.096141
0.48138
0.46196
0.65833
0.15433
0.63095
0.095892
0.30211
1.4001
0.38254
0.33562
0.13863
0.13173
1.0891
0.70559
1.2229
0.12425
0.9118
0.27014
0.38179
0.3063
0.15014
0.6503
0.075019
0.3211
0.11876
0.27724
1.2853
0.099658
0.089762
0.67288
0.18945
0.26119
0.12112
0.098459
0.28287
0.11201
0.7665
0.13915
0.89586
0.12446
1.3107
0.27414
0.42995
0.71283
0.10564
0.13578
0.24751
0.082701
0.22061
0.084292
0.077103
0.94018
0.40483
0.12423
0.093629
0.57486
0.30149
0.61008
1.2862
0.48056
0.73296
0.10728
0.88421
0.25891
0.41922
0.1173
1.198
1.2908
0.18482
0.17515
0.69337
0.1071
1.1411
0.13952
0.25905
0.273
0.93519
0.092159
0.17528
0.39166
0.70428
0.20601
0.32519
0.085039
1.0333
0.55691
0.44223
0.469
0.19402
0.3706
0.32084
0.65219
0.25282
0.12534
0.11014
0.072955
0.77265
0.56224
0.15713
0.19326
0.1324
0.6688
1.0384
0.090436
0.94725
0.073516
0.20211
0.16389
0.085539
0.2763
0.33329
0.30578
0.28979
0.2159
1.1977
0.19868
0.59828
0.12464
0.34157
0.1377
1.0073
0.12193
0.52514
0.23479
0.088162
0.64347
0.081973
0.6352
0.37162
0.13158
0.35283
0.12171
0.1484
0.25622
0.32062
0.10884
0.55619
1.134
0.07784
0.079482
0.076481
0.60956
0.34086
0.39673
0.72682
0.93214
0.15394
0.27821
0.62319
1.4102
0.74488
0.15112
0.20845
1.2264
0.43856
1.2261
0.2391
0.18146
0.24518
0.13885
0.45973
0.15424
0.077158
0.082974
0.19895
0.83946
0.16614
0.40562
0.14601
0.12061
0.83299
0.82294
0.40902
0.19069
0.55175
0.33321
0.98117
0.21929
1.1851
0.19924
0.20289
0.18526
0.16723
0.19493
0.3548
0.087581
1.3285
0.09652
0.086995
0.10831
0.085025
0.31758
0.51813
1.23
0.77552
0.095628
0.51211
0.39937
0.16358
0.46917
0.46502
0.23098
0.21733
0.26779
0.30315
0.12169
0.11113
0.31296
0.10404
0.33984
0.76117
0.07457
1.5242
0.17358
0.33516
0.74151
0.21835
0.25586
0.46877
0.45723
0.96816
0.43082
0.72468
0.14901
0.41374
0.12283
0.058402
0.13013
0.14768
0.36909
0.18632
0.11561
0.13001
0.63545
1.2779
0.11195
0.16829
1.1645
0.21061
1.0478
0.32337
0.2083
0.76829
0.11018
0.089048
0.7065
0.09489
0.31805
0.1252
0.15382
0.42434
0.10969
0.11875
0.087454
0.28138
0.32747
0.76035
0.70279
0.14513
0.4701
0.22232
0.21281
0.78974
0.56611
0.089126
0.27623
0.69791
0.9852
0.079843
0.4103
0.35296
0.15558
0.14954
0.13114
0.6146
0.10479
0.32028
0.59538
0.78987
0.33461
0.12598
1.1321
0.45707
0.21028
0.075253
0.30557
0.50259
0.096883
0.10005
0.23796
0.47182
0.46081
0.2524
0.37122
0.125
0.21536
0.21037
0.35396
0.20188
0.33429
0.23633
0.12303
0.29758
0.17995
0.30976
0.14132
0.29104
0.14809
0.15137
0.90164
0.67028
0.74944
1.0441
1.3371
0.99753
0.41417
0.27076
0.12219
0.086593
0.078869
0.099926
0.66631
0.2172
0.18814
0.52568
0.32436
0.86045
0.23045
1.0461
0.14696
0.72889
0.46121
1.0324
0.20592
0.20962
0.18803
0.12664
0.40508
0.62534
0.11281
0.42483
0.065574
0.38801
0.42282
0.096228
0.68568
0.26064
0.25435
0.092422
0.20783
0.13207
0.64743
0.46835
0.14699
0.39539
0.14974
0.43994
0.10534
0.23985
0.14117
0.87445
0.18161
0.96887
0.83294
0.37217
0.065817
0.2847
0.51385
0.15155
0.18217
1.1519
0.32063
0.40464
0.81717
0.5926
1.0306
0.67256
0.147
0.66805
0.54363
1.0236
1.0881
0.07876
0.16219
0.72235
0.78454
0.50024
0.35561
0.23054
1.0786
1.1989
0.30414
0.18478
0.095769
0.4223
1.1244
0.75216
0.070598
0.14018
1.2021
0.22512
0.19247
0.16416
0.20827
0.075925
0.27439
0.16816
0.89203
0.14924
0.1285
0.203
0.45457
0.23646
0.48647
0.15861
0.40023
0.90433
0.1115
1.1364
0.6783
0.32063
0.070869
0.15646
0.17739
0.14589
0.065242
0.32475
0.17382
0.28469
0.35032
0.26893
0.11584
0.15078
0.43795
0.98126
1.2131
0.19212
0.099237
0.2694
0.14918
1.0927
0.16207
1.0996
0.18261
1.0712
0.60429
0.074738
0.18366
0.073261
1.3275
0.98643
0.11137
0.12319
0.98165
1.2654
0.16932
0.4339
0.13227
0.51478
0.11783
0.64667
0.10379
1.2198
0.13067
0.09661
0.091553
0.097041
0.21937
0.14689
0.4692
0.47193
0.11912
0.10312
1.1509
0.10886
0.40824
0.54664
0.48635
0.4557
0.6641
0.10243
0.52422
1.0793
1.0905
0.61662
0.13036
0.19846
0.17863
0.26765
1.2318
0.6649
0.92571
0.10719
0.1091
0.13302
0.18261
0.17679
0.13666
0.29829
0.09557
0.076495
0.96546
0.10357
0.50795
0.097377
1.0847
0.095876
1.2179
0.24757
0.2654
0.59859
0.55291
0.21177
0.15623
1.3218
0.59864
1.2431
0.082301
0.91906
0.27935
0.31008
0.15403
0.3312
0.27569
0.098344
1.1158
0.55042
0.67695
0.35246
1.1107
0.11441
0.352
0.20776
0.095458
0.11871
0.95887
0.25239
0.2812
0.097588
0.077383
0.64437
0.40927
1.1139
0.75656
0.19766
0.20309
0.38217
0.086559
0.45079
0.50604
0.071358
0.23741
0.102
0.12674
1.1063
1.1573
0.098448
0.60334
0.28364
0.59232
0.17578
0.11726
1.2171
0.24253
0.094045
0.65455
0.37528
0.18463
0.47263
0.47076
0.19385
0.07152
0.10714
0.070227
0.19695
0.10622
0.35293
0.4358
0.38561
0.24206
0.37903
0.53063
0.43065
0.22171
0.171
0.14053
0.17307
0.065857
0.51669
0.81839
0.35443
0.1277
0.29573
0.84538
0.20968
1.0499
0.3695
0.16431
0.6088
0.57591
0.33992
0.13594
0.90972
0.61263
0.72833
0.93262
0.18483
0.090062
0.52161
0.20151
0.19856
0.13125
0.11083
0.098756
0.28725
0.14717
0.27179
0.1306
0.81437
0.35663
0.14731
0.13142
0.20308
0.10506
0.54414
0.10581
1.0493
0.41475
0.13635
1.1813
0.41242
0.78474
0.20479
1.1353
0.54902
0.084398
0.91031
0.18034
0.1832
0.48715
1.0952
0.34457
0.092804
0.083701
0.31821
0.1762
0.4289
0.72583
0.68377
0.14773
0.64219
0.6286
0.55607
0.11183
0.13121
0.26357
0.47454
1.0176
1.1188
0.28173
0.44962
0.75685
0.87185
0.31668
0.16502
0.40929
0.48605
0.1558
0.083542
0.30818
0.10844
0.098597
0.24681
0.33528
0.80242
0.25237
0.10667
0.068426
0.57931
0.40781
0.10178
0.26442
0.26159
0.12634
0.17717
0.9102
0.34096
0.93587
0.32321
0.15704
0.31863
0.25391
0.42734
0.48458
0.38869
0.26204
0.70673
0.39592
0.22602
0.13557
0.58577
0.064439
0.12487
0.96716
0.64275
0.19546
0.22618
0.48108
0.68371
0.10296
0.16225
0.21991
0.12839
0.078997
0.1337
1.0145
0.16943
0.88266
0.16175
0.19603
0.74079
0.40178
0.8852
0.3568
0.88808
0.16936
1.1351
0.1084
0.82367
0.73236
0.068057
0.22596
0.06463
0.82668
0.11092
0.86127
0.24574
0.10101
0.37145
0.57406
0.45421
0.059777
0.23646
0.15805
0.083962
1.2211
1.4374
0.55315
0.20553
0.11916
0.19572
0.11187
0.12199
0.086071
0.5577
0.19059
0.12188
0.065464
0.091579
0.23173
0.12062
0.24883
0.48522
0.06782
0.078536
1.1254
1.1339
1.1793
0.14124
0.56306
0.16089
1.0698
0.094184
0.45337
1.1765
0.34679
0.45992
0.44738
0.448
0.57782
0.51857
0.18939
0.80414
0.23562
1.0644
0.14477
0.080901
0.14756
0.81992
0.15882
0.15804
0.11913
0.093918
0.3598
0.10608
0.97776
0.50067
1.1589
0.12582
0.11328
0.91186
0.67357
0.67775
0.77607
0.23648
0.13366
1.0169
1.5256
0.43246
0.4272
0.1797
0.2061
0.77773
0.33158
0.24762
0.055768
0.38274
0.82784
0.23114
0.38649
0.099317
0.11187
0.17683
0.93381
1.0622
0.12268
0.53549
1.5165
0.063545
0.69934
0.16939
0.18844
0.47296
0.89949
0.78389
0.37443
0.93604
0.31999
0.67536
0.3008
0.096595
0.72835
0.24745
0.8405
0.26357
0.25741
1.1926
0.18624
0.32715
1.1328
0.33275
1.1726
0.25406
0.89798
0.074984
0.11026
0.23744
0.094252
1.0654
0.84285
0.22966
0.19692
0.10288
0.64345
0.99156
0.39314
0.73572
0.86055
0.8342
0.83413
0.57459
0.25808
0.086797
0.23428
0.39374
1.0932
0.1848
0.74357
0.34981
0.31643
0.19747
0.097901
0.088217
0.67671
0.98245
0.85144
0.13409
1.0083
0.31663
0.61242
0.30059
0.42261
0.32772
0.15474
0.55099
0.14345
0.070805
0.4748
0.7438
0.66841
0.3232
0.38867
1.2242
1.0771
0.44193
0.55415
0.27532
0.38822
0.7549
0.15749
0.55814
0.1323
0.21827
0.19666
0.38789
0.90848
1.1504
0.19913
1.3374
0.58292
0.34238
0.70894
0.23844
0.33637
0.43118
1.2646
0.21887
0.23838
0.43105
0.63293
1.0342
0.90886
0.70385
0.35315
0.090308
0.45067
0.86546
0.23703
0.31164
0.20837
0.97617
0.56443
0.12587
0.10621
0.085124
0.63706
0.65803
1.0284
1.15
0.57505
0.36531
0.11464
0.72086
0.073127
0.12299
0.084688
0.59896
0.17985
0.63626
0.19547
0.074075
0.087479
1.0609
0.16252
0.21372
0.41932
0.38971
0.45425
0.218
0.11206
1.0516
0.63312
1.0233
0.15943
1.6393
0.087581
0.16025
0.11527
1.1912
0.078004
0.47943
0.36964
0.18152
0.31216
0.63252
0.23926
0.24506
0.14328
1.0795
0.20897
1.1596
0.50308
0.16394
0.90741
0.379
0.26381
0.19458
1.2322
0.26136
0.12779
0.28467
0.47928
0.17683
1.0374
0.27211
0.51528
0.12279
0.13554
0.085545
0.23811
1.3818
0.16461
0.31466
0.14051
0.46493
0.4488
0.095252
0.25358
0.10602
0.57596
0.21413
0.11271
0.53689
0.38506
1.0623
0.21628
0.094925
0.077185
0.30585
0.30371
0.10235
1.108
0.10289
0.72941
0.089568
0.90217
1.1588
0.40113
0.12497
0.1807
0.11906
0.089901
0.57681
0.14131
0.1518
0.23681
0.71407
0.19762
0.15229
0.064698
0.19148
0.61413
0.19965
1.0309
1.0989
0.17194
0.57153
0.11285
0.21614
0.56931
0.39378
0.1011
0.21283
0.079766
0.68222
0.28773
0.94579
0.13527
0.68478
0.10445
0.29566
0.8164
0.13961
0.14402
0.50048
0.28599
0.12175
0.96568
0.11113
0.687
0.63724
0.095708
0.38732
1.0566
0.76294
0.66767
0.32324
0.58313
0.53323
0.2487
0.59531
1.0633
0.87401
0.16276
0.21335
0.67441
0.117
0.22352
0.17289
0.072931
0.50691
1.2699
0.9898
0.47212
0.13211
0.67575
0.83666
0.49161
0.47176
0.35955
0.3032
0.18296
0.22976
0.16532
1.252
0.20702
0.30526
0.43663
0.15282
0.12776
0.50202
0.23887
0.11888
0.17675
0.54592
0.3524
0.11795
0.81653
0.94765
0.33077
0.92452
0.12972
0.14518
0.12752
0.42092
0.16031
0.27934
0.35418
0.33377
0.24763
0.16464
0.84215
0.2632
0.184
0.2763
0.30793
0.29431
1.5279
0.32043
0.074362
0.40291
0.20703
0.21365
0.87936
0.19241
0.13978
1.1057
0.11705
0.46715
1.0449
0.97259
0.098174
0.61297
0.45813
0.32586
0.074559
0.082399
1.2208
0.76291
0.38328
0.16339
0.10423
0.12511
0.19673
0.24148
0.094129
0.42328
0.4728
0.28158
0.18994
0.74521
0.089975
0.074091
0.056949
0.22121
0.84453
0.09505
1.2806
0.19688
0.25206
0.62401
0.35105
0.13706
0.60821
1.4862
0.18692
0.22665
0.28433
0.81583
0.3514
0.33637
0.56596
0.06796
0.14616
0.15557
1.113
0.7731
0.12477
1.1752
0.42974
0.46473
0.4826
0.096567
0.19301
0.1328
1.1345
0.56824
0.39542
1.0726
1.2291
0.080671
0.74825
0.080969
0.39791
0.44585
0.24463
0.087115
0.37685
0.24916
0.4919
0.22306
0.30149
0.91281
0.18005
0.58465
0.44294
0.9747
0.21348
0.64495
0.71791
1.0754
0.20659
0.23802
0.14526
0.071316
0.22329
1.1676
0.089014
0.5053
0.80844
0.093165
0.093451
0.21466
0.079328
0.38811
0.20998
0.77133
0.85052
0.60932
1.5318
0.15347
0.19477
1.0921
0.13526
0.24775
0.18793
0.25836
0.36538
0.13482
0.23726
0.54972
0.73804
0.07293
1.2364
0.15919
0.34368
0.16605
0.53292
0.27386
0.13626
0.39168
0.64329
0.11092
0.28814
0.46203
0.21076
0.3872
0.091634
0.4593
0.47815
0.70561
0.8871
0.064475
0.080135
0.10995
1.1658
0.7677
0.066666
1.3027
0.97413
0.21695
0.50548
0.12803
0.38349
1.0781
0.8704
0.16567
1.106
0.089733
0.48479
0.96753
1.1965
0.48053
0.58957
0.18131
0.12253
0.44787
0.14433
0.24983
1.1127
0.59419
0.17954
0.61414
1.5166
0.18927
0.8982
0.9669
0.97322
0.24649
0.98027
0.14773
0.43799
0.074826
0.1442
0.52722
0.090316
0.10941
0.14957
0.67172
0.10998
0.27207
0.47723
0.15086
0.10596
0.3288
0.56599
0.68697
0.15665
0.15472
0.089665
0.71496
0.20493
1.0061
0.55619
0.43481
0.1928
0.13374
0.10775
0.53926
0.31361
0.63524
0.092488
0.23153
0.5073
0.10217
1.0034
1.3874
0.15601
0.52048
0.0703
0.17913
0.20295
0.16344
0.38165
0.33305
0.12459
0.35544
0.10648
0.26961
0.82853
0.11055
0.17922
0.65731
0.35416
0.37613
0.60519
0.24378
0.17195
0.67833
0.2274
1.0853
0.52453
0.35169
0.13734
0.12362
0.12853
0.21888
0.28924
0.055487
0.17404
1.032
1.2805
0.191
0.093683
0.35396
0.24456
0.70457
0.15992
0.68738
0.67565
0.085615
0.49114
0.35529
0.95086
0.90212
0.51795
0.15416
0.092313
0.81904
0.27361
0.95132
0.27398
0.26919
1.1224
0.5924
1.158
0.85029
0.2489
1.6351
0.28752
0.22971
0.084434
0.16317
0.36451
0.94068
0.1713
0.11856
0.07396
0.14609
0.1118
0.16409
0.99833
1.1542
0.10387
0.15779
0.17914
1.1276
0.15319
0.15548
0.58987
0.15381
0.30244
0.38175
0.087435
0.27902
0.12659
1.1643
0.095172
0.18526
0.68431
0.51244
0.25172
0.41441
1.1156
0.78333
0.89525
0.11884
0.079672
0.6584
1.1852
0.18603
0.26503
0.29734
0.48314
0.085754
0.39198
0.070863
0.34758
0.16592
1.1552
0.25206
0.462
0.17021
0.18517
0.21354
0.16246
0.20069
0.81852
0.12696
0.17102
0.13277
0.43529
0.43096
0.32037
0.88582
0.41625
1.2336
0.72192
1.1443
0.10184
1.1666
0.29156
0.13823
0.46924
0.31685
0.43783
0.12034
0.087606
1.0502
0.51857
1.2368
0.097733
0.89372
0.09538
0.24424
0.33307
0.19186
0.12222
0.93438
0.10503
0.32898
0.34307
0.23076
0.40185
0.099346
0.22166
0.10653
0.10392
0.09926
0.39902
0.27098
0.12748
0.34199
0.19621
0.90132
0.22958
0.24998
0.1892
0.081205
0.29041
0.21146
0.15011
0.71189
0.52357
0.23557
0.53825
0.07573
0.43099
0.080335
0.33882
0.53883
1.2029
0.058944
0.40396
0.54826
0.083271
0.40466
0.16241
0.11636
0.59662
0.96514
0.08401
0.28252
0.15854
0.97125
0.097869
0.81322
1.0733
1.1977
0.14318
0.31604
1.076
1.105
0.15604
0.22393
1.1452
0.15843
1.0429
0.071204
0.84523
0.11061
0.21967
0.6436
0.1472
0.17988
0.17891
0.17788
0.22096
0.085684
1.3646
0.098441
0.57378
0.20566
0.12869
0.36567
0.066071
1.183
0.49505
0.90534
0.55846
0.5934
0.65569
0.10142
0.3749
1.0261
0.12815
1.0503
0.15947
0.15189
1.1751
0.58449
0.34808
0.64391
0.1702
0.19277
0.24773
0.12283
0.11017
0.75673
0.54365
0.18998
0.42906
0.092847
1.2498
1.1199
0.33101
0.33881
0.34194
0.14556
0.24639
0.51719
0.11836
0.099458
1.2779
0.98276
0.31663
0.14636
0.93722
0.6687
0.082882
0.33112
0.2153
0.11608
0.66101
0.05629
0.1958
0.35576
0.26518
0.16709
0.47376
0.14174
0.46341
0.20783
0.093329
1.1543
0.23444
0.56527
0.53872
0.35082
0.071112
0.49451
0.093892
0.2257
0.36463
0.2093
0.1083
0.79563
0.34786
0.22127
0.093409
0.28869
0.11235
0.69739
0.49172
0.10068
0.088596
0.16552
0.45039
0.15627
0.49356
0.87366
0.30232
0.48954
0.88924
0.098803
0.84411
0.62248
0.10211
0.51783
0.21383
0.081193
0.1219
0.18852
0.20063
0.25503
1.0796
0.68386
0.11647
1.4812
0.57132
1.3035
1.0552
0.17188
0.62299
1.1311
1.2081
0.97426
0.24623
1.2843
0.27764
0.33517
0.14678
0.088384
0.50521
0.11117
0.34525
0.44073
0.096992
0.38894
0.21485
0.21863
0.27452
0.99087
0.2785
0.21432
0.97439
0.25528
0.072631
0.078021
0.70225
0.15442
1.1137
1.1418
0.32969
0.23166
0.65151
0.32651
0.36128
0.17081
0.30952
1.2148
0.10139
0.6037
0.79419
0.1896
0.1384
1.0899
0.66688
0.11276
1.1707
0.5751
0.077583
0.080891
0.54544
1.1129
0.72315
1.0943
0.10842
1.0113
1.0995
0.26434
0.11145
0.11848
0.19107
1.0805
0.30603
0.36113
0.19315
0.3737
1.0744
0.54076
0.13937
0.72474
0.14187
0.16176
0.11098
0.22966
0.17241
0.48967
0.085689
1.1162
1.1487
0.18712
0.10016
0.95932
0.59791
0.33922
1.2159
0.43427
0.80921
0.81412
0.088297
0.10871
0.91014
0.24133
0.42015
0.14654
0.20265
0.37984
0.66535
0.78282
1.0952
1.1775
0.39193
0.16296
0.52747
0.15773
0.1614
0.14401
0.22261
0.078007
0.27076
0.81036
0.10834
0.1069
0.13967
0.35351
1.1368
0.50366
0.21062
0.21536
0.16573
0.25454
0.095273
0.30533
0.72516
0.16551
0.30084
0.20732
0.5932
0.2596
0.13789
0.91786
0.67053
0.48699
0.23205
0.15241
0.13758
0.18966
1.1357
0.19403
0.73375
0.15236
0.42899
0.12568
0.55762
0.2484
0.86828
0.095876
0.1422
0.14055
1.0423
0.18698
0.11421
1.1294
0.082361
0.14142
1.0495
0.43199
0.30618
0.70026
0.52819
0.21876
0.1173
1.2748
0.68681
0.69971
0.13466
1.021
0.70639
0.51785
0.12549
0.16256
1.378
0.39366
0.30611
0.08899
0.13579
0.29125
0.63812
0.48261
1.6001
0.145
0.46416
0.070723
0.082238
0.090141
0.15271
0.081967
0.16465
0.55675
0.096668
0.4074
0.15334
0.65931
1.2914
1.2881
0.28994
0.41544
0.18062
0.22901
0.35765
0.84829
0.43564
0.59314
0.079455
0.076214
0.14087
0.19099
0.19531
0.071891
0.093582
0.091159
0.16563
0.12062
0.12934
0.69463
0.14416
0.5585
0.092394
0.21609
1.3119
0.30586
0.082184
0.69562
0.92058
0.38634
0.24883
0.070938
0.53999
0.49227
0.98318
0.61921
0.17272
0.59467
0.30479
0.090322
1.1815
0.29428
0.56396
0.11635
0.10546
0.22569
0.27395
0.56853
0.31226
0.15946
0.085064
0.35211
0.36149
0.12714
0.34338
0.25366
0.14474
0.28182
1.0357
0.084251
1.1329
0.20883
0.52074
0.1014
0.14439
1.3267
0.2012
1.2669
1.4856
0.37274
0.14153
0.091462
0.68207
0.078739
0.091891
0.077579
0.16014
0.12846
1.1522
0.21482
0.15424
0.20172
0.12722
1.0547
0.27429
0.1188
0.5607
0.16264
0.13314
0.13134
0.64922
1.0768
0.11945
0.18528
0.47643
0.090529
0.46602
0.10023
0.1004
0.13492
0.1033
0.57272
0.115
0.35016
0.12857
0.32817
0.97692
0.83212
0.49936
0.26121
0.17867
0.54702
0.53982
0.082349
1.1517
0.45745
0.29741
0.52193
0.11031
0.2668
0.42419
0.56683
1.0414
0.16029
0.75461
0.40312
0.69242
0.098208
0.14495
0.24206
0.2483
0.15096
1.2271
0.18369
0.47977
0.16172
0.10967
0.1988
0.2092
0.47067
0.56216
0.42855
0.42497
1.0855
0.47769
0.49789
0.58711
0.12437
0.66404
0.27692
0.10271
0.1068
0.17191
0.084845
0.1054
0.26628
1.4924
0.80195
0.10475
0.4333
0.32327
0.14314
0.28449
0.22823
0.15731
0.34473
0.12409
0.27399
1.0146
0.52035
0.13843
1.0871
0.10895
0.10015
0.15213
0.08983
0.36863
0.21779
0.10275
0.11764
0.18219
0.89385
0.48873
0.85921
0.89398
0.63727
0.59474
0.079614
0.14428
0.37773
0.64431
1.2336
0.24268
0.52496
1.2779
0.94977
0.15803
0.59458
0.16165
0.30611
0.51687
0.77093
0.24534
1.0858
1.2385
0.29276
0.10321
1.1666
0.22514
0.11895
0.50964
1.5541
1.5272
0.15875
0.27334
0.12349
0.17411
0.10258
0.33548
0.18779
0.50736
0.61991
0.24894
0.26794
0.32671
0.61853
0.14249
0.21397
0.11755
0.09045
0.20639
0.1671
0.94685
0.23678
0.40505
0.17368
0.14927
0.16699
0.22327
0.33163
0.19238
0.13756
0.34857
0.3444
0.6161
0.39265
0.46895
0.15446
0.20133
0.13857
0.18407
0.76192
0.45431
0.22546
0.22022
0.13989
0.079703
0.17491
0.26894
0.91645
0.15924
0.17577
0.98799
0.17509
0.17502
0.15423
1.1687
0.092713
0.063889
0.076284
0.26527
0.094188
0.5791
0.28221
1.0568
0.10958
0.25128
0.31114
0.096141
0.48138
0.46196
0.65833
0.15433
0.63095
0.095892
0.30211
1.4001
0.38254
0.33562
0.13863
0.13173
1.0891
0.70559
1.2229
0.12425
0.9118
0.27014
0.38179
0.3063
0.15014
0.6503
0.075019
0.3211
0.11876
0.27724
1.2853
0.099658
0.089762
0.67288
0.18945
0.26119
0.12112
0.098459
0.28287
0.11201
0.7665
0.13915
0.89586
0.12446
1.3107
0.27414
0.42995
0.71283
0.10564
0.13578
0.24751
0.082701
0.22061
0.084292
0.077103
0.94018
0.40483
0.12423
0.093629
0.57486
0.30149
0.61008
1.2862
0.48056
0.73296
0.10728
0.88421
0.25891
0.41922
0.1173
1.198
1.2908
0.18482
0.17515
0.69337
0.1071
1.1411
0.13952
0.25905
0.273
0.93519
0.092159
0.17528
0.39166
0.70428
0.20601
0.32519
0.085039
1.0333
0.55691
0.44223
0.469
0.19402
0.3706
0.32084
0.65219
0.25282
0.12534
0.11014
0.072955
0.77265
0.56224
0.15713
0.19326
0.1324
0.6688
1.0384
0.090436
0.94725
0.073516
0.20211
0.16389
0.085539
0.2763
0.33329
0.30578
0.28979
0.2159
1.1977
0.19868
0.59828
0.12464
0.34157
0.1377
1.0073
0.12193
0.52514
0.23479
0.088162
0.64347
0.081973
0.6352
0.37162
0.13158
0.35283
0.12171
0.1484
0.25622
0.32062
0.10884
0.55619
1.134
0.07784
0.079482
0.076481
0.60956
0.34086
1.0539
0.077956
0.14211
1.2319
0.11334
0.80813
0.37688
0.13918
0.78647
0.76071
0.29286
0.10513
0.48638
0.14331
0.34042
0.24596
0.20737
0.10034
0.58832
0.077158
0.088301
0.19895
0.44717
0.20451
0.3309
1.1486
0.82032
0.49567
0.47949
0.40902
0.12368
1.1373
0.33321
0.16783
0.21929
0.19036
1.268
1.0967
0.18526
0.35648
0.69228
0.17036
0.31787
0.143
0.3242
0.090847
0.14894
0.078528
0.52673
0.16057
0.33139
0.12885
0.97126
0.19034
0.49838
0.099379
1.0958
0.16933
0.12729
0.10362
0.94893
0.84338
0.43074
0.83763
0.17593
0.070934
0.65162
0.078844
0.97887
0.23889
0.87221
1.1345
1.0329
0.4397
0.77474
0.088321
0.17234
0.64254
1.166
0.16779
0.13131
0.68759
0.23367
0.14921
0.6747
0.64364
0.14319
1.2111
0.12146
0.84496
0.15402
0.45555
0.96061
0.69274
1.1645
0.21061
0.41274
0.42103
0.068445
0.55331
0.20551
0.35089
0.9297
0.10563
0.46914
0.14947
1.1875
0.77874
0.26702
0.69066
0.085346
0.21192
0.18624
0.40757
0.99802
0.71724
0.36465
0.064724
0.18164
0.1328
0.15565
0.10029
0.11408
0.69791
0.31236
1.1036
0.12839
0.094345
1.2017
0.75627
0.091674
0.19855
0.1228
0.072197
0.15078
0.22114
0.17772
0.12598
0.47247
0.1265
0.94006
0.28766
0.7641
0.20008
0.65431
0.36497
0.40361
0.16833
0.46081
0.2524
0.38424
0.25183
0.5082
0.084031
0.059498
0.17845
0.89937
0.52239
1.2399
0.24578
0.11612
0.30976
0.24724
0.19799
0.23002
0.17617
0.14693
0.27468
1.1508
0.94086
1.179
0.64362
0.53258
0.19984
0.36104
0.21507
1.2254
0.20747
0.66631
0.2172
0.12139
0.22458
0.48745
0.13274
1.0115
1.4607
0.07128
0.12142
1.2486
0.13658
0.81509
0.077519
0.16223
0.077874
0.71015
0.15622
0.086606
0.18771
0.065574
0.15713
0.59195
0.09994
0.11711
0.26064
0.13733
0.7883
0.059999
0.156
1.0357
0.49095
0.13587
0.17869
1.1293
0.56068
0.3136
0.10251
0.58438
1.0349
0.18161
0.39158
0.21634
0.19407
0.76517
0.23497
0.51385
0.15155
0.16757
0.16557
0.089908
0.18016
0.42761
0.2806
0.093384
0.67256
0.098915
0.18158
0.87828
0.79872
0.084935
0.78166
0.25711
0.47268
0.13
0.56683
0.084237
0.9461
1.0786
0.079713
0.12952
0.21229
0.53475
0.4223
0.35272
1.1112
0.7801
0.35219
0.22976
0.1007
0.2655
0.97487
0.76647
1.4161
0.11715
1.372
0.75559
0.22298
0.4806
0.203
0.22253
0.37276
0.099994
0.080995
0.098461
0.90433
0.10759
0.10216
0.19787
0.23732
0.13091
0.22302
0.11421
0.14589
0.17993
0.32475
0.064592
0.15339
0.13541
0.26893
0.7927
1.4281
0.24105
0.21291
1.2131
0.8764
1.0197
1.0193
0.58767
0.11681
0.27058
1.0996
0.11214
0.1709
0.60429
0.38106
0.087366
0.19486
0.26888
0.39648
0.15685
1.0418
0.19385
1.2654
0.48192
0.28029
0.30545
0.64634
0.56888
0.48515
0.26337
1.2198
0.13051
0.10615
0.077741
0.17859
1.5094
0.26469
0.4692
0.17492
0.31883
0.35019
0.12719
0.31799
0.60543
0.16193
0.80119
0.22683
1.1618
0.083467
0.22112
0.30593
0.11581
0.2306
0.13322
0.36184
0.17863
0.16209
0.45859
0.6649
0.07748
0.10719
0.9473
0.56607
1.1936
0.11958
0.45562
0.07659
0.37629
0.44948
1.1841
0.12004
0.1635
1.1013
1.4933
0.34117
0.19294
0.50337
0.166
0.24819
0.23824
0.25138
0.13795
0.62811
0.18113
0.88466
1.2295
0.68228
0.35598
0.57486
0.094968
0.12962
1.1194
1.4244
0.25003
0.30012
0.67695
0.47307
0.1617
0.74976
0.10051
1.0321
0.64816
0.2433
0.44858
0.25239
0.30948
0.078727
0.10048
0.46712
0.2124
0.3899
1.2243
0.47509
0.36
0.86262
0.81839
0.78862
0.22723
0.42555
0.23741
0.72647
0.32027
0.12572
0.25297
0.14907
0.10247
0.28364
0.13597
0.11739
0.81217
0.28311
0.74236
0.13196
0.2344
0.17373
0.78344
0.4362
0.38396
0.24201
0.24239
0.36578
0.23261
0.18773
0.13537
0.24247
0.09995
0.1171
0.84539
0.24138
0.59799
1.2668
0.22171
0.15803
0.086268
0.099105
0.16159
0.51669
0.24413
0.078043
0.61766
0.28936
0.9146
0.20968
0.11866
0.94637
0.40048
0.16815
0.33108
0.12554
0.29337
0.096967
0.18713
0.14704
0.17636
0.80972
0.072143
0.13888
0.20151
0.46269
0.44538
0.090549
0.17493
0.10878
0.084103
0.40289
0.33519
0.11655
1.1095
0.10582
0.39391
0.070429
0.41855
0.42125
0.58937
1.0493
0.27456
1.1737
0.65209
0.41442
0.11193
0.86384
0.13284
0.92199
0.58908
0.22533
0.10682
0.14475
0.48276
1.0952
0.10885
0.7152
0.83389
0.44239
0.088927
1.133
0.72583
0.68377
0.10639
0.5845
0.6286
0.13149
1.0854
0.37877
0.15865
0.12181
0.15455
1.1302
0.45954
0.42352
0.086542
0.72779
0.5817
0.18096
0.40929
0.13548
0.13242
0.12349
0.90942
0.23664
0.54667
0.086761
0.19385
0.253
0.31496
0.15246
1.2519
0.094996
0.41569
0.12971
0.72125
0.37584
1.088
0.24585
0.9102
0.93934
0.71835
0.98108
0.23759
0.11457
0.58601
1.1047
0.75812
0.25589
1.2269
1.5529
0.49641
0.065957
0.13557
1.1299
0.14079
1.0874
0.21502
0.64275
0.11723
0.42279
0.48108
0.21471
0.2597
1.414
0.21991
0.090416
0.076945
0.50282
0.53053
0.13186
0.11915
0.74463
0.17909
0.16007
0.15339
1.3681
0.43845
1.2783
0.35422
0.27098
0.29396
0.11128
0.80419
0.26731
0.34979
0.3779
0.35597
1.3664
0.18783
1.0851
0.10101
0.60143
0.10202
0.31206
0.1637
0.28967
1.1473
0.083962
0.47142
0.17328
0.23925
0.26624
1.2648
0.20711
0.15176
0.17193
0.66237
0.89782
1.2165
0.09125
0.29822
0.082991
0.82723
1.2375
0.093214
0.18748
0.11452
0.16134
0.22662
1.1299
0.14181
0.35523
0.19702
0.16089
0.23252
0.094184
0.45337
0.16133
0.34679
1.3637
1.1483
0.57612
0.15583
0.11967
0.46727
0.14206
0.099648
1.0559
0.9819
0.080901
0.28945
0.81992
0.10031
1.5049
0.69887
0.081416
0.32841
0.1608
0.40652
0.25388
1.1589
0.38125
0.10632
0.22575
0.67357
0.67775
0.2318
0.75826
0.45982
0.31757
1.5256
0.30013
0.50563
1.0425
0.37259
0.63747
0.72294
0.24762
0.28897
0.99195
0.065274
1.1696
1.1217
0.12896
0.96051
0.13565
0.16257
0.95179
0.33398
0.53549
0.21779
0.09353
0.28423
0.53399
1.5539
0.55802
0.079053
0.25606
0.64893
0.28137
0.2857
1.0693
0.47574
0.73762
1.2952
0.073294
0.22023
0.59434
0.31236
0.12938
0.5167
0.81979
0.15929
0.15764
1.1726
0.9399
0.12081
1.0152
0.14673
1.1579
0.37534
0.24812
0.31963
0.11937
0.19692
0.0934
0.87525
0.93273
0.076443
0.23314
0.38801
0.8342
0.12858
0.098818
0.50988
0.91539
0.47923
1.0308
0.35332
0.34572
0.13452
0.34981
0.78178
0.19887
0.67933
0.094015
0.096441
0.98245
0.17517
1.1224
0.095117
0.091835
0.61242
0.30059
0.57386
0.079883
0.085286
0.22616
0.14345
1.0465
0.33533
0.10817
0.49733
0.12847
0.22796
0.085578
0.66173
0.98521
0.21119
0.83373
0.38822
0.31352
0.2052
0.55814
0.22517
0.071957
0.34959
0.37421
0.23296
0.21444
0.11595
1.3374
1.2638
0.34137
0.23601
0.29904
0.71907
0.096334
0.11325
0.12649
0.19307
0.23366
0.25286
0.10959
0.32969
0.22549
0.35315
0.49044
0.18321
0.12307
0.48694
1.0905
0.10955
0.75304
0.18028
0.62836
0.22651
0.08373
1.0311
0.16831
1.0284
0.082753
0.091696
0.24689
0.085789
0.36074
0.34689
0.42455
0.084688
0.30065
0.15349
0.24208
0.91373
0.34087
1.1253
1.1245
0.15446
0.21372
0.24329
0.092444
0.24446
0.25148
1.1223
1.0362
0.17417
0.2324
0.098807
0.76862
0.25788
0.16025
0.20472
0.67676
0.078004
0.93472
0.079942
0.78142
0.67449
0.76572
0.16906
0.13067
0.78154
0.20712
0.16571
0.31552
1.4691
0.51897
0.14777
0.18586
0.13489
0.60319
0.31212
0.26136
0.42379
0.69524
0.17073
1.3613
0.38478
0.065856
0.36532
0.32654
0.49196
1.1884
0.11728
0.12278
0.1042
0.30386
0.14051
1.0593
0.09656
0.095252
0.21786
0.10602
0.43796
1.2001
0.26137
0.54965
0.32596
0.1762
0.28607
0.3111
1.6227
0.52858
0.30371
0.14578
0.13759
0.33029
0.095343
0.088398
0.86579
0.19711
0.19626
0.068781
0.098791
0.93582
0.67549
0.4951
0.16618
0.069904
0.33945
1.2898
0.47953
0.66295
0.37003
0.35067
0.17664
0.59223
1.0309
1.2131
0.4796
0.59404
0.38742
0.57863
0.33142
0.14562
0.35162
0.29989
0.091593
0.25857
0.33191
0.11203
0.26054
0.32231
0.10445
0.64861
0.091985
1.1057
0.31259
0.91503
0.46576
0.14487
0.108
0.11946
0.20687
0.39869
0.095708
0.38732
0.1212
0.26311
0.23726
0.30829
0.10114
0.080506
1.2379
1.0617
0.45362
0.69006
0.1769
0.069504
0.37455
1.7876
0.95919
0.090532
0.19405
0.26345
0.1847
0.82668
0.33857
1.0694
0.67575
0.075148
1.1839
0.91943
1.1928
0.05939
0.38213
0.086392
0.16532
0.46246
0.92258
0.2891
0.15012
1.2152
0.27576
1.2208
1.0886
0.27923
0.12215
0.49269
0.11395
0.12401
0.44945
1.2126
0.12332
0.8437
0.25283
0.21321
0.12752
1.1506
0.11088
0.3017
0.62576
0.13554
0.24763
0.096999
0.15224
0.35388
0.32701
0.36979
1.0454
1.0231
0.12963
1.1434
0.16834
1.0672
0.15975
0.79072
0.8273
0.065335
0.34206
0.32863
0.22593
0.18113
0.28444
0.48226
0.098174
0.10333
0.45813
0.35136
0.12247
0.42609
1.2208
0.15005
0.97519
0.34586
1.3143
0.52618
0.18283
0.24148
0.18215
0.15856
1.2214
0.12585
0.19998
0.74521
0.089975
0.074091
0.27811
0.18509
0.37163
0.64772
1.2361
0.10461
0.3754
0.052397
0.3017
0.28802
0.20414
1.4862
0.32214
0.15675
0.32834
0.23363
0.27404
0.33637
0.56596
0.083489
0.35802
0.54197
0.60468
0.74466
0.89594
0.22294
0.88333
0.20403
0.4826
0.42704
0.60662
1.1797
0.060649
1.0557
0.21986
0.48628
0.10435
0.32252
0.071158
0.39398
0.36062
0.25801
0.10226
0.087115
0.4132
0.086984
0.42805
1.3377
1.1346
0.14491
0.18005
1.3315
0.25199
0.10484
0.14758
0.64495
0.34719
0.18969
0.1303
0.77607
0.23926
0.080064
0.86031
0.29225
0.11707
0.5053
0.12195
0.45674
0.5835
0.71445
0.097096
0.82999
0.27618
0.77133
0.46832
0.28345
1.5318
0.83329
0.33176
0.64302
0.27419
0.68934
0.12725
0.51236
0.12803
0.9653
0.74214
0.55143
0.73804
0.32142
0.11455
0.40909
0.12474
0.16605
0.49424
0.089636
0.81239
0.84198
0.93921
0.25354
0.16823
0.15595
0.88097
0.11834
0.083148
0.093846
0.58688
0.16033
0.43915
0.21565
0.068934
0.29508
1.0352
0.25084
0.066666
1.2622
0.31883
0.36896
0.56895
0.16774
0.26303
0.20304
0.23486
0.12334
0.068107
1.1369
0.44328
0.80893
0.10243
0.84027
0.58957
0.27953
0.4228
1.4274
0.3912
0.12154
1.1127
0.2365
0.3334
0.12951
0.12999
0.074009
0.46098
0.62577
1.0899
0.24649
0.56719
0.78474
1.1193
0.10139
0.83484
0.16205
0.91659
0.46992
0.11651
0.066439
0.23301
0.33474
0.57112
0.16405
0.91475
1.5379
0.16655
0.27824
0.56896
0.15472
0.08803
0.178
0.066568
0.17993
0.2889
1.1123
0.74005
0.27521
0.99213
0.33658
0.39417
0.25033
0.092488
0.095483
0.10119
0.17134
0.29274
0.2291
0.15601
0.17267
0.40886
0.12691
0.27333
0.13675
0.50624
0.15223
0.11534
0.71862
0.094625
0.2769
0.19299
0.083901
0.21982
1.1765
0.31898
0.091609
0.26303
1.0397
0.083638
0.95033
0.19151
0.1411
0.10451
0.16373
0.19799
0.5333
0.12853
0.46908
0.28924
1.1021
0.13488
0.14317
1.021
0.51439
0.97556
0.71371
1.0749
0.41311
0.09808
0.094862
0.27903
0.13187
0.15978
0.10051
1.0376
0.42868
0.51795
0.35176
0.43341
0.59929
0.98016
0.72441
0.56214
0.36514
0.49373
0.52496
1.0989
0.31521
0.41254
0.73365
0.44618
0.22971
0.24455
0.1336
0.19647
1.0586
0.32
0.93048
0.15484
0.79562
0.71316
0.19011
0.7389
0.24461
1.0788
1.2061
0.084704
0.11795
0.15319
0.11372
0.66477
0.15381
0.067287
0.14227
0.081964
0.07864
0.52922
0.12641
0.31718
0.28782
0.68431
0.51244
0.89198
0.37121
0.58375
0.17803
0.27501
0.077616
0.083306
0.095827
1.1852
0.18603
1.2099
1.0929
0.3906
0.085754
0.40939
0.22755
0.8131
0.16592
0.61362
0.12739
0.10086
0.3006
0.68219
0.2261
0.20558
0.22815
0.57342
0.33193
0.068277
0.251
0.28622
0.20579
0.36051
0.1389
0.82051
0.88413
1.0272
0.078509
0.091882
0.15506
0.81641
1.1493
0.2314
0.098542
0.91179
0.12238
0.087606
0.55631
1.2439
0.39131
0.097733
0.89372
0.17782
0.41871
0.11894
0.52548
0.72383
0.27741
0.10503
0.23334
0.44125
0.68947
0.17111
1.145
0.22166
0.16538
0.18933
0.14731
0.39902
0.1807
0.29688
0.30351
0.83886
1.1553
0.27482
0.11136
0.69443
0.51105
0.79415
0.29716
0.1125
0.71189
0.22071
0.99442
0.13042
0.25787
0.37865
0.082814
0.44369
0.1335
0.80799
0.9194
0.11162
0.19113
0.083271
0.12791
1.2699
0.44545
0.75522
0.22919
0.09721
1.2368
0.15854
0.68919
0.082974
0.15077
0.55536
1.1977
0.11726
1.0097
0.40947
0.24584
0.31832
0.78786
0.13541
0.11998
0.30702
0.1607
0.84523
0.08745
0.24055
0.6436
0.1472
0.24091
0.17891
0.19912
0.22306
0.18647
1.3646
0.54045
0.50431
0.71024
0.25437
0.11002
0.30339
0.12337
0.10013
1.0157
0.69851
0.14568
0.9914
0.18045
0.38812
0.1287
0.22336
0.14716
0.60702
0.093799
0.1918
0.20126
0.34808
0.10712
0.1702
1.1168
0.45588
0.12812
0.85958
0.12279
0.54365
0.088167
0.28039
0.18432
1.2498
0.29605
0.43174
0.16321
0.34194
0.17581
1.2772
0.12379
0.1077
0.099458
0.20897
0.17727
0.15954
1.0653
0.79739
0.081931
0.34106
0.97628
0.60064
0.084377
0.24775
0.05629
0.61894
0.35576
0.14303
0.39145
0.12413
0.26299
0.24571
0.45313
0.093329
1.2298
0.47484
0.17586
0.18612
0.049065
0.071112
0.098626
0.17313
0.12683
0.33774
0.11964
1.7311
0.1659
0.78943
0.41229
1.0706
0.85447
0.11235
1.1112
0.43949
0.89618
0.12851
0.10597
0.15051
0.19264
0.13861
0.92602
1.0141
0.33562
0.12386
1.1531
0.2494
0.42272
0.25217
0.23383
0.51717
0.49932
0.12103
1.1901
0.51904
0.10681
0.90562
0.82575
0.25781
0.18254
0.22245
0.15879
0.73708
0.39716
1.1091
1.1311
0.40455
0.64298
0.61868
0.27797
0.96783
0.37503
0.32148
0.65618
0.91784
0.22754
0.21749
1.2133
0.089598
0.44966
0.39063
0.41425
0.98033
0.99087
0.68505
0.55377
0.16872
0.57655
0.13566
0.38272
0.2327
0.081413
0.21093
0.2179
0.12256
0.31772
0.59538
0.70105
0.6328
0.13263
0.098244
0.20956
0.73332
0.86618
0.10354
0.9619
1.1505
0.35344
0.80216
0.26445
1.0053
0.089935
0.33087
0.19777
0.54544
0.27593
1.2028
0.66022
0.22565
0.27205
1.0773
0.48918
0.11145
0.12467
0.08675
0.12407
0.30603
0.12785
0.31377
0.16327
0.24649
0.12554
0.98628
0.72474
0.54006
0.16176
0.3602
0.22966
0.1524
0.19657
0.085689
0.10443
1.1487
0.12062
0.10027
0.12342
0.17194
0.16004
0.10406
0.059075
0.37155
0.12933
0.15309
0.7319
0.83062
0.091035
0.16856
1.2117
0.092264
0.51767
0.11736
0.14447
0.70756
1.1271
0.59182
0.43073
0.69673
0.078966
0.89316
0.86187
1.0228
0.69174
1.1419
0.13601
0.083803
1.0301
0.27233
0.20977
0.076103
0.66368
0.97104
0.20559
0.16573
0.076555
0.47411
0.17846
0.14238
1.0683
0.48787
0.95288
0.43254
0.2596
0.16162
0.20676
0.10783
0.48699
0.62042
0.58691
0.11841
0.11122
0.11449
0.14372
0.33774
0.56482
0.42899
0.9114
0.18864
0.080244
0.97146
0.083635
0.3481
0.44024
1.287
0.2673
0.21884
1.0952
0.082361
0.17783
0.32225
0.13177
1.1075
0.70026
0.28084
0.23752
0.07747
1.2748
0.17306
0.096166
0.13466
0.13928
0.93051
0.84798
0.90355
0.14309
0.30166
0.19261
0.27732
0.09876
0.12056
0.204
0.11583
0.56345
0.094856
0.145
0.23315
0.083123
0.082238
1.283
1.2212
0.11668
0.10324
0.092394
1.1202
0.32971
1.2779
0.11828
0.59351
0.51234
0.14538
0.12713
0.13412
0.58449
1.0764
0.47009
0.50328
0.087506
0.50224
0.24419
0.17355
0.19099
1.1271
0.16381
0.093582
0.26071
1.0148
0.20718
0.072302
0.10486
0.18578
0.1065
0.35178
1.0949
0.1588
0.20578
0.12273
0.094648
0.096669
0.4549
0.24883
0.16875
0.15141
0.55408
1.1986
0.21654
1.1697
1.0588
0.53861
0.090322
1.3012
0.29428
0.20923
0.085192
0.39388
0.089287
0.12983
1.0616
0.44993
0.81088
0.8707
0.86284
0.466
0.52308
0.093692
0.13777
1.1369
0.19194
1.0357
0.057864
0.078409
0.27506
0.5561
0.3566
0.16065
0.33779
0.20318
0.38015
0.31827
0.97275
1.372
0.33521
0.089901
0.09779
0.44333
0.28784
0.12544
0.40417
0.095487
0.83068
0.089473
0.084535
0.36567
0.18364
0.4592
0.37255
0.94274
0.43297
0.17603
0.36861
0.065002
1.1322
0.11945
0.5918
0.10518
0.094337
0.14518
0.10023
0.87946
1.155
0.1033
0.28249
0.115
0.13764
0.12857
0.32817
1.0507
1.1293
0.11269
0.21902
0.91501
0.66854
0.33716
0.26712
1.1517
0.45745
0.20369
0.12252
1.0043
0.2668
0.21522
0.14577
0.38453
0.16562
0.75461
0.81222
0.095707
1.3302
0.074418
0.18843
1.2944
0.16159
0.27627
0.22392
0.21129
0.30769
0.1265
0.1988
1.1337
0.47067
0.073872
0.26902
0.15218
0.50434
1.1758
0.3868
0.85092
0.82118
0.082084
0.14556
0.28701
0.39247
0.41771
0.084845
0.1054
0.9711
0.1118
0.37024
0.25106
0.4333
0.12178
0.39877
0.48332
0.22823
0.15731
0.34473
0.12409
0.27399
1.0146
0.52035
0.13843
1.0871
0.10895
0.10015
0.15213
0.08983
0.36863
0.21779
0.10275
0.11764
0.18219
0.89385
0.48873
0.85921
0.89398
0.63727
0.59474
0.079614
0.14428
0.37773
0.64431
1.2336
0.24268
0.52496
1.2779
0.94977
0.15803
0.59458
0.16165
0.30611
0.51687
0.77093
0.24534
1.0858
1.2385
0.29276
0.10321
1.1666
0.22514
0.11895
0.50964
1.5541
1.5272
0.15875
0.27334
0.12349
0.17411
0.10258
0.33548
0.18779
0.50736
0.61991
0.24894
0.26794
0.32671
0.61853
0.14249
0.21397
0.11755
0.09045
0.20639
0.1671
0.94685
0.23678
0.40505
0.17368
0.14927
0.16699
0.22327
0.33163
0.19238
0.13756
0.34857
0.3444
0.6161
0.39265
0.46895
0.15446
0.20133
0.13857
0.18407
0.76192
0.45431
0.22546
0.22022
0.13989
0.079703
0.17491
0.26894
0.91645
0.15924
0.17577
0.98799
0.17509
0.17502
0.15423
1.1687
0.092713
0.063889
0.076284
0.26527
0.094188
0.5791
0.28221
1.0568
0.10958
0.25128
0.31114
0.096141
0.48138
0.46196
0.65833
0.15433
0.63095
0.095892
0.30211
1.4001
0.38254
0.33562
0.13863
0.13173
1.0891
0.70559
1.2229
0.12425
0.9118
0.27014
0.38179
0.3063
0.15014
0.6503
0.075019
0.3211
0.11876
0.27724
1.2853
0.099658
0.089762
0.67288
0.18945
0.26119
0.12112
0.098459
0.28287
0.11201
0.7665
0.13915
0.89586
0.12446
1.3107
0.27414
0.42995
0.71283
0.10564
0.13578
0.24751
0.082701
0.22061
0.084292
0.077103
0.94018
0.40483
0.12423
0.093629
0.57486
0.30149
0.61008
1.2862
0.48056
0.73296
0.10728
0.88421
0.25891
0.41922
0.1173
1.198
1.2908
0.18482
0.17515
0.69337
0.1071
1.1411
0.13952
0.25905
0.273
0.93519
0.092159
0.17528
0.39166
0.70428
0.20601
0.32519
0.085039
1.0333
0.55691
0.44223
0.469
0.19402
0.3706
0.32084
0.65219
0.25282
0.12534
0.11014
0.072955
0.77265
0.56224
0.15713
0.19326
0.1324
0.6688
1.0384
0.090436
0.94725
0.073516
0.20211
0.16389
0.085539
0.2763
0.33329
0.30578
0.28979
0.2159
1.1977
0.19868
0.59828
0.12464
0.34157
0.1377
1.0073
0.12193
0.52514
0.23479
0.088162
0.64347
0.081973
0.6352
0.37162
0.13158
0.35283
0.12171
0.1484
0.25622
0.32062
0.10884
0.55619
1.134
0.07784
0.079482
0.076481
0.60956
0.34086
0.16957
1.2751
0.12527
0.87255
0.32829
0.15284
0.44033
0.37561
0.34546
1.2035
0.12469
0.25152
0.21037
0.23695
0.23448
0.19339
0.20737
0.16057
0.40018
0.10415
0.39469
0.20546
0.44717
1.0793
0.097538
0.43698
0.55582
0.07665
0.065561
0.066983
1.1337
0.38181
0.14134
1.1148
0.20314
0.43896
0.21109
0.10225
0.12073
1.4369
0.16798
0.10182
1.4713
0.57722
0.16019
1.2122
0.16196
0.79418
0.77328
0.1449
0.55985
0.12601
0.60393
0.22201
0.49838
0.084363
0.34085
0.12219
0.40636
0.48585
1.0421
0.14985
1.543
1.0811
0.254
0.23491
0.33598
0.96379
0.77085
0.39771
0.33251
0.37685
0.11207
0.13018
0.34163
0.32342
0.26252
0.094459
0.15305
1.1692
1.132
0.26687
0.2885
0.15112
0.30669
0.11534
0.34414
0.27353
0.32888
0.69738
0.41692
0.081515
0.16979
0.43617
0.805
0.53441
0.11028
0.22549
0.55683
0.099259
0.1451
0.50713
0.18123
0.22078
0.2158
0.20116
1.1772
0.13331
1.1281
0.22989
0.4751
0.21056
0.58702
0.090757
0.59408
0.26427
0.82275
0.064724
0.4904
0.1328
0.10631
0.13441
0.14742
0.69791
0.38196
0.32339
1.5972
0.22648
1.2635
0.95002
0.64567
1.1719
0.41701
0.5216
0.50403
0.10805
0.14681
0.28552
0.13067
0.13375
0.43349
0.39623
0.49549
0.57323
1.13
0.26489
0.40361
0.19204
0.6828
0.14217
0.12489
0.080641
0.61675
0.25677
0.62958
1.0812
0.69036
0.52239
0.2368
0.53688
0.11612
0.18326
0.14007
0.13291
0.11706
0.17617
1.1091
0.27831
0.59964
0.18684
0.088908
0.3892
0.10199
0.88576
0.083619
0.21507
0.16292
1.4053
1.0735
0.2172
0.16332
1.0496
0.24883
0.10804
0.12908
1.2059
0.12677
0.12142
0.071353
1.0335
0.099404
0.10297
0.16064
0.26541
0.32943
0.083944
0.23759
0.14536
0.065574
0.15713
0.59195
0.73267
1.071
0.26064
0.11319
0.7883
0.10308
0.46259
0.27905
1.7374
0.79527
0.17869
0.37031
0.066681
0.47153
0.28462
0.12944
0.141
0.12069
0.39494
0.39249
0.17935
0.481
0.23497
0.28468
0.61208
0.1634
0.15961
0.10328
0.069593
0.78105
0.46603
0.093384
0.23316
0.098915
0.40668
0.14337
0.086264
0.084935
0.37456
0.179
0.068044
0.55625
0.083584
1.0222
1.0369
0.34053
0.079713
0.42626
0.13202
0.11667
0.68387
0.82359
0.20676
0.40543
0.1845
0.26685
1.2389
1.0548
0.54144
0.18948
1.4161
0.26392
0.78998
1.0348
0.19476
1.0307
0.203
0.44592
0.47591
0.13794
0.080995
0.29722
0.83527
1.1323
0.30022
0.090815
0.13692
0.13091
0.22776
0.11421
0.091203
0.14775
1.3294
0.37333
0.46114
0.35549
0.12919
1.1956
0.18659
0.40474
0.077301
0.10912
0.8764
0.19605
0.6646
1.0501
0.36985
0.57535
1.0996
1.1647
0.73004
0.60429
0.709
1.2132
0.066051
0.31961
0.88501
0.15685
0.12467
0.29477
1.2654
0.48192
0.4693
0.6415
0.1468
0.81954
0.35515
0.49927
0.072997
0.25715
0.42994
1.1444
0.56739
0.36838
0.26469
0.90851
0.11177
0.19754
0.65501
0.12719
0.31799
0.60543
0.16193
0.30923
0.22683
0.29171
0.10527
0.12429
0.99902
0.58071
0.14067
0.56447
0.14123
1.1438
0.087247
0.20602
0.24009
0.07748
0.10719
0.9473
0.41907
0.77653
0.40516
0.084727
0.15878
0.37629
0.13523
1.0028
0.10155
0.11153
0.29179
0.14977
0.31698
0.19017
0.098794
0.20029
0.24819
0.18654
0.26072
1.1719
0.086388
0.96826
0.88466
0.24768
0.58221
0.35148
0.57486
0.093916
0.18624
1.1194
1.4244
0.96567
0.17754
1.2968
0.4111
0.86406
0.1278
1.2047
1.1338
0.1223
0.09973
0.17838
0.65867
0.55303
0.097188
0.21086
0.94649
1.3241
0.25253
1.2683
0.35717
1.064
0.098871
0.09404
0.14209
0.077424
0.42555
1.212
0.64101
0.32027
0.57229
0.83067
1.0969
0.092674
0.081286
0.21517
0.44755
1.0841
0.23544
0.74236
0.15413
1.1376
0.16993
0.18546
0.47933
0.57744
1.15
0.28736
0.49373
0.39254
0.1303
0.43932
1.0682
0.51069
1.0707
0.092061
0.9657
0.38896
1.2668
0.73994
0.17057
1.2882
0.21157
0.16159
0.18518
0.63163
0.30665
0.074477
0.25039
0.9146
0.10017
0.72155
0.46004
0.53634
0.23994
0.83331
0.69561
0.79704
0.096967
0.93617
1.3351
0.11059
0.80972
0.67117
0.13888
1.1745
0.75951
0.44538
0.090549
0.14062
0.67487
0.17247
1.1098
0.8549
0.82482
0.61792
0.10582
0.10068
0.2481
0.24049
0.39071
1.2428
1.2065
0.192
0.39197
0.54698
0.081552
0.14495
0.93361
0.070896
0.74686
0.19093
0.14745
0.38734
1.1393
0.30786
1.0952
0.59825
0.086704
1.4489
0.82427
0.13554
0.17122
1.255
0.17636
0.14257
0.67865
0.6119
0.13221
0.064063
0.083607
0.12533
0.31701
0.11296
0.095696
0.45954
1.0855
0.1288
1.0962
0.33008
0.074441
0.40929
0.13548
0.54904
0.21105
0.66578
0.492
0.24035
0.58523
0.19473
0.48388
0.39529
1.106
0.096464
0.63047
0.31474
0.2993
0.27416
0.1382
0.52863
0.24585
0.14742
0.20449
0.22968
0.18947
0.092829
0.21872
0.16131
1.1047
0.48214
0.25589
0.53842
0.71519
0.93123
0.28763
0.36297
1.1299
0.40345
0.092657
0.11027
0.17207
0.68154
0.12011
0.97481
0.54394
0.093367
0.12521
0.36491
0.090416
1.0845
0.50282
0.9187
0.25757
1.4019
0.2986
1.1463
0.16007
0.15339
1.3681
1.0052
1.1704
1.1051
0.22319
0.31669
0.11933
1.0512
0.11054
0.34979
0.20616
0.086673
0.087606
0.073621
0.26047
0.57961
0.37341
0.10202
0.31206
0.1637
0.13256
1.4394
0.12036
0.47142
0.56173
0.23925
0.77433
0.15443
0.67897
0.30294
0.3814
0.66237
0.10594
0.08246
0.83963
0.19124
0.17287
0.082426
0.31941
0.39101
0.75682
0.11452
0.20727
1.2297
0.55338
0.11816
1.3173
0.10407
0.42788
0.1052
0.3556
0.23467
0.57025
0.24382
0.58903
0.31114
0.12655
0.1036
0.95501
0.46727
0.17938
0.099648
0.1443
0.9819
0.31265
0.81638
0.30091
1.033
1.0294
0.13913
1.2376
0.21774
0.1608
1.2434
0.26592
0.71471
0.34536
1.064
0.12549
0.090837
0.23068
1.1684
0.3039
0.28854
0.12603
1.5256
0.39887
0.19034
0.1807
1.0873
0.93742
0.19575
0.10408
0.23371
0.75331
0.101
0.087881
0.092946
0.12896
0.27621
0.16813
0.16257
0.15172
0.14498
0.22371
0.62099
0.09353
0.1766
1.4098
0.33119
0.18271
0.079053
0.20126
0.64893
0.28137
0.45308
0.12683
0.12881
0.19978
0.48245
0.32285
0.53706
0.35056
0.29891
0.28651
0.15443
0.77001
0.26002
0.67294
0.36522
0.46303
0.50046
1.442
1.5188
1.1579
0.16685
0.14271
0.31963
0.73451
0.10916
0.74518
0.87525
0.53296
0.092846
1.0148
0.82362
0.091715
0.11503
0.098818
0.14703
0.12048
1.4414
0.17546
0.40848
0.34572
1.1896
0.10174
1.1
0.08963
0.34412
0.094015
0.20492
0.18302
0.61444
1.1224
0.88638
0.35532
0.61242
1.0686
0.57386
0.25498
0.47586
0.41733
0.44744
1.0465
0.30549
0.13232
1.0828
0.32799
0.19341
0.085578
1.0325
0.34324
0.18528
0.83373
0.1242
1.2698
0.086747
1.3894
0.17327
0.36282
0.71088
1.5834
1.0974
0.21444
0.42353
0.18673
1.2638
0.34137
0.88991
0.87561
0.98117
0.073448
1.0125
0.16819
0.14548
0.14752
0.89707
0.2956
0.77029
1.102
0.65326
0.18075
0.18321
0.38366
0.48694
0.0973
1.1636
0.15931
0.20592
0.35998
0.19253
1.1337
0.295
1.1535
0.29788
0.36984
0.42523
0.63454
0.62369
0.90503
0.42157
0.50621
0.41388
0.14735
0.1838
0.07539
0.3195
0.64562
0.10474
0.24658
0.15446
0.59481
0.60412
0.14998
0.32806
0.29582
0.65861
0.13934
0.14913
0.42247
0.15249
0.084465
0.084192
0.15485
0.58909
1.2017
0.069391
0.073582
0.13716
0.4498
0.67449
0.707
0.13058
1.0929
0.075966
0.1473
0.89914
0.27979
0.1752
0.064524
0.13619
0.18586
0.50624
0.2103
0.3408
0.26136
0.12654
0.60987
0.074426
0.14062
0.82985
0.096423
0.18691
0.89717
0.75146
1.4798
0.12791
0.46833
0.17612
0.12223
0.14051
0.18821
0.097175
0.095252
1.4907
0.10602
0.12316
0.19223
0.13992
0.22257
0.31888
0.3438
0.56285
0.16188
0.14541
0.46266
1.7602
0.082618
0.069242
0.17534
0.30642
0.090912
0.16038
0.19711
0.79136
0.98373
0.098791
0.10959
0.18542
1.2279
0.16659
0.27544
0.16312
0.64609
1.1989
0.20228
0.11547
0.65575
0.24026
0.088272
0.094276
0.80195
0.20987
0.21035
0.17065
0.22345
0.20758
0.57252
1.0272
0.29989
1.1716
0.25857
0.11203
0.11559
0.35914
0.39039
0.08615
0.44159
0.67246
0.73397
1.2396
0.25454
0.46334
0.14487
0.108
0.19388
0.14166
0.39869
0.62452
0.48643
0.078616
0.12359
0.40997
0.30829
0.24256
0.080506
0.41066
0.20025
0.088568
0.10739
0.76757
0.17317
0.14638
0.14003
0.32569
0.2081
0.084363
0.26345
0.1847
0.20696
0.37242
0.19853
0.16646
0.14519
0.19283
0.092028
1.1928
0.8181
0.088459
0.163
0.063752
0.36237
0.55007
1.4306
0.58339
1.0398
0.27576
0.53433
0.23801
0.74003
0.88449
0.14151
0.51917
0.11058
0.094218
0.24407
0.12332
0.30386
0.11401
0.1879
0.096363
1.235
0.16607
0.24385
0.30866
0.71494
0.08111
0.256
0.36926
0.39453
0.23357
0.9433
0.75992
0.17427
0.15477
0.1541
0.26672
1.086
0.15975
0.27682
0.15223
0.32455
0.34206
0.32863
0.083912
0.37511
0.73579
0.71485
0.30589
1.137
1.3763
0.38687
0.23531
0.44791
0.17049
0.23939
1.1584
0.34586
0.14695
0.095416
0.18283
0.09148
0.31415
0.13765
0.15922
0.71069
0.19998
0.54472
0.42363
0.074091
0.277
1.1131
0.12381
0.64772
0.54698
0.068237
0.3754
0.1352
0.59663
0.10846
0.17268
0.11863
0.97108
0.24095
0.28655
0.12126
0.28752
0.33637
0.076111
0.086317
0.71211
0.80142
0.14636
0.082785
1.3242
0.52482
0.19502
0.42013
0.4826
0.071965
0.60662
0.093366
1.0874
0.23709
0.071964
1.166
0.48725
0.47149
0.48894
0.39398
0.36062
0.14441
1.2421
0.27988
0.8127
0.11001
0.14059
0.36215
1.1346
0.14491
1.4722
0.27403
0.15609
0.10484
0.31933
0.25476
0.64985
0.83916
0.14042
0.14263
0.18418
0.080064
0.20278
0.48401
1.0637
0.072477
0.087074
0.31447
0.27824
0.12768
0.12384
0.17212
1.5024
0.42151
0.18241
0.075142
1.5318
0.97669
0.13697
0.069966
0.6805
0.13241
0.087433
0.12347
0.14932
0.14837
0.32336
0.10473
0.2262
0.22581
0.63301
0.18525
0.084753
0.195
0.63039
0.56022
0.76907
0.85113
0.54981
0.74573
0.57192
0.26317
0.85825
0.14532
0.15604
0.28535
0.084227
0.47831
0.16407
0.21565
0.70098
0.26336
0.21571
0.19619
0.67803
0.36254
0.12897
0.19252
0.56895
0.37798
0.65819
0.10089
1.144
0.19352
0.21612
0.91298
0.31969
0.57248
0.70226
0.84027
0.58957
0.27953
0.98497
0.62619
0.3912
0.1278
0.28993
0.39666
0.43395
0.081568
0.18821
0.074009
1.0749
1.2288
0.23505
0.44981
0.91707
0.576
0.13958
0.34283
0.13653
0.25936
0.21629
0.085341
0.20522
0.066439
0.15218
0.11445
0.10799
0.18418
0.91475
0.3494
0.16655
0.22389
0.086532
0.30381
0.46964
0.16176
0.066568
0.09646
0.080859
0.10816
0.26559
1.2306
0.37032
0.24354
0.22695
0.42791
0.32442
0.11635
0.29025
0.12404
0.30589
0.23367
0.10308
0.17267
1.191
1.2148
0.10999
0.2186
0.13937
0.42195
1.288
0.3123
1.0648
0.2769
0.078343
0.29849
0.69814
0.20253
0.1477
0.2256
0.19109
0.17228
0.11967
0.95033
0.31073
1.1674
1.1197
0.23084
0.1519
0.27595
0.74848
0.30382
1.1175
0.14408
0.11728
0.50932
0.13079
0.35575
0.68307
1.1233
0.19163
0.57252
0.59604
1.0483
0.13207
0.13187
0.5988
0.10051
0.11165
0.42868
0.14406
0.35176
0.43341
0.91657
0.36847
0.5133
0.56214
1.1877
0.61652
0.81862
0.90287
0.95449
1.2302
0.19747
0.84998
0.38344
0.095703
0.073693
0.35127
1.0848
0.18861
0.77253
0.44093
0.16364
0.95617
0.10389
0.36881
0.14712
0.96255
0.19285
0.24712
0.3449
0.17178
0.65344
0.37591
0.86256
0.067287
0.39805
0.081964
0.6232
0.71607
0.95273
0.92322
0.32902
1.284
0.83799
0.6792
0.17955
0.45738
0.16665
0.25676
0.094938
0.083306
0.43547
0.09203
0.46986
0.65694
0.07601
0.32393
0.12453
0.40939
0.70289
0.71551
0.09592
0.29153
0.38937
0.34905
0.56375
0.1608
0.67412
0.13282
0.5301
0.10574
0.11845
0.73886
0.71348
0.49556
0.33211
0.28122
1.0497
0.11187
0.24382
1.0272
0.18779
1.0256
0.13992
0.26031
1.1493
0.94033
0.47279
0.45313
0.43485
0.33842
1.0851
0.10089
1.0262
0.1433
0.13627
0.24575
0.12476
0.082803
0.10061
0.19592
0.7694
0.1568
0.14359
0.14154
0.17141
0.070871
1.145
0.77431
0.068253
0.46281
0.14731
0.39902
0.26383
0.2688
0.31348
0.057318
1.1516
0.7662
1.0676
0.19823
0.46638
0.14459
0.19067
0.23418
0.11549
0.22071
0.99442
0.13042
0.092936
0.73938
0.14044
0.3135
0.32811
0.24063
1.1299
0.12158
0.14105
0.51872
0.099449
0.079801
0.14107
0.9028
0.15857
1.0379
0.21165
0.12392
0.15872
0.73031
0.27672
0.23864
0.34799
0.17211
0.14225
0.10991
0.11995
0.20956
0.96942
0.15031
0.19522
0.15896
0.85923
0.36507
0.55977
1.1576
1.0717
0.074683
0.25931
0.87939
0.48145
0.12175
1.1323
0.10486
1.1447
0.27558
0.40824
0.22968
0.45261
0.1375
0.79053
0.30611
0.55036
0.075607
0.16009
0.69458
0.26321
0.09798
0.75751
1.4392
0.14716
1.2953
0.15851
0.22356
0.24829
0.21542
0.43197
0.072182
0.55971
0.63286
0.4097
1.0455
0.13277
0.36587
0.67649
0.17122
0.17031
0.19764
0.29605
0.24764
0.36405
0.45693
0.23563
0.29775
0.17514
0.30997
0.10792
0.16183
0.17727
0.12158
0.069339
1.0452
0.15426
0.27794
0.75165
0.067052
0.98798
0.16022
0.12773
0.14635
0.067154
0.14303
0.17117
0.38237
0.26299
0.11742
0.080705
1.1556
0.32683
0.51989
0.093725
0.08177
0.17109
0.13227
0.59837
0.17313
0.72574
0.17704
0.080537
0.15865
0.1659
0.13132
0.19761
1.0706
0.075707
1.2527
0.28628
0.098503
0.11483
0.77746
0.101
1.2143
0.94464
0.17046
0.87112
1.0141
0.2618
0.7068
1.0648
0.2494
0.58174
0.21292
0.21348
0.26112
0.49932
0.40351
0.29327
0.52626
0.11835
0.15476
0.46962
0.081011
0.19964
0.21088
0.21347
0.16533
0.53214
0.1897
0.16402
0.40455
1.038
1.1767
0.34696
0.96783
0.11756
0.57931
1.1137
0.41894
1.1593
0.12496
0.089115
0.079757
1.1028
0.27357
1.0284
0.98033
0.45233
0.27843
0.086909
0.16872
0.57655
0.090973
0.076416
0.2912
0.081413
0.097097
0.29327
0.43933
0.31772
0.12073
0.77748
0.17262
0.99769
0.098244
0.87907
0.87121
0.49769
0.13042
0.092219
0.38392
1.1135
0.45961
0.15147
0.13674
0.13377
0.3039
0.44692
0.42687
0.087035
0.1271
0.11134
0.39001
1.3284
1.0773
0.10398
0.099269
0.11131
0.34775
0.12407
0.43227
0.12785
0.12601
0.58521
0.91184
0.26778
0.98628
0.72474
0.18989
0.92214
0.080498
0.085739
1.0328
0.13914
0.14638
0.10898
1.1787
0.26482
0.47974
0.20527
0.13585
0.65833
1.0904
0.17128
0.065575
1.0787
1.5999
0.1128
0.088592
0.54625
1.0881
0.43403
0.41559
0.16374
0.10491
0.19
0.21241
0.17465
0.45718
0.43073
0.12275
0.10922
1.0962
0.46474
0.33774
1.0927
0.82101
1.143
0.11487
1.2496
0.44404
0.14337
0.16194
1.2652
0.13701
1.4351
0.83962
0.30043
0.086534
0.35531
0.73711
0.23992
0.16284
0.19491
0.1113
0.097592
0.70189
0.29167
0.48572
1.014
0.31191
0.083964
0.45952
0.7381
0.070699
1.0568
0.094245
0.56482
1.5689
1.215
0.60545
0.19256
0.40983
1.1611
0.095776
0.48904
0.20902
1.2208
0.19908
0.44064
0.10956
0.1801
1.2956
0.30819
0.64802
0.11371
0.27367
0.071566
0.05704
0.45435
0.53476
0.10221
0.8464
0.6448
0.082341
0.20726
0.38902
0.68966
0.42774
0.98669
0.74333
0.097619
0.095034
0.204
0.28958
0.13642
0.094856
0.53314
0.23315
0.15517
0.16316
0.52858
0.079819
1.1522
0.37789
0.57106
0.1597
0.54617
0.14004
0.30972
0.59351
1.3215
0.14538
0.12713
0.92693
0.30468
0.79014
0.3558
0.39591
0.27309
0.50224
0.085685
1.3112
0.29799
0.21276
0.11124
0.16628
0.27808
0.64188
0.5346
0.18594
0.12061
0.19846
0.15199
0.096324
1.0949
0.41687
0.20578
0.16176
0.094648
0.76073
0.30823
0.18164
0.66569
0.090109
0.51408
0.48474
0.98808
0.14014
0.5932
0.10655
0.54928
0.43597
0.31608
0.7273
1.156
0.88735
0.089287
0.11371
0.49835
0.19649
0.67875
0.95219
0.12604
0.466
0.099551
0.093692
0.089141
0.16773
0.056824
1.0357
0.10336
0.52822
0.14482
0.92236
0.664
0.054501
0.17559
0.97823
0.38015
0.12081
0.97275
0.21328
0.37853
0.24973
0.9949
0.62161
0.21488
0.77723
0.084062
0.095487
0.52652
0.20594
0.87776
0.36567
0.62481
0.71681
0.25525
0.46695
0.34903
0.82148
0.36597
0.84675
0.1101
0.28114
0.091464
0.20279
0.094337
0.30901
0.10023
0.89845
0.51523
0.1033
0.28249
0.115
0.31605
1.6509
0.3695
0.2907
1.1293
0.12342
1.0709
0.10588
0.98811
0.89587
0.26712
0.083398
0.7832
0.20369
0.57977
0.67564
0.27107
1.2482
0.18841
0.38453
0.17483
0.15815
0.58136
0.095707
0.20088
0.22648
0.15968
0.64825
0.41794
0.72845
0.079778
0.6561
0.11913
0.25879
0.1988
0.16958
0.51616
0.63582
0.2891
0.072007
0.31602
0.24192
0.11231
0.85092
0.82118
0.92416
0.099289
0.36444
1.3031
0.79966
0.097752
0.24079
0.12836
0.29545
0.26301
0.25106
0.12909
0.17734
0.13472
0.10174
0.39571
0.23476
0.1128
0.12409
0.27399
0.59875
0.090985
0.4154
0.33924
1.2926
0.10015
0.077998
0.22193
0.12205
1.2693
0.14498
0.6398
0.077601
0.29503
1.0143
0.17669
0.89398
0.18262
0.59474
1.0165
1.0753
0.86584
0.17862
0.83993
0.49556
1.2769
0.67072
0.89653
0.15803
0.59458
0.16165
0.30611
0.51687
0.77093
0.24534
1.0858
1.2385
0.29276
0.10321
1.1666
0.22514
0.11895
0.50964
1.5541
1.5272
0.15875
0.27334
0.12349
0.17411
0.10258
0.33548
0.18779
0.50736
0.61991
0.24894
0.26794
0.32671
0.61853
0.14249
0.21397
0.11755
0.09045
0.20639
0.1671
0.94685
0.23678
0.40505
0.17368
0.14927
0.16699
0.22327
0.33163
0.19238
0.13756
0.34857
0.3444
0.6161
0.39265
0.46895
0.15446
0.20133
0.13857
0.18407
0.76192
0.45431
0.22546
0.22022
0.13989
0.079703
0.17491
0.26894
0.91645
0.15924
0.17577
0.98799
0.17509
0.17502
0.15423
1.1687
0.092713
0.063889
0.076284
0.26527
0.094188
0.5791
0.28221
1.0568
0.10958
0.25128
0.31114
0.096141
0.48138
0.46196
0.65833
0.15433
0.63095
0.095892
0.30211
1.4001
0.38254
0.33562
0.13863
0.13173
1.0891
0.70559
1.2229
0.12425
0.9118
0.27014
0.38179
0.3063
0.15014
0.6503
0.075019
0.3211
0.11876
0.27724
1.2853
0.099658
0.089762
0.67288
0.18945
0.26119
0.12112
0.098459
0.28287
0.11201
0.7665
0.13915
0.89586
0.12446
1.3107
0.27414
0.42995
0.71283
0.10564
0.13578
0.24751
0.082701
0.22061
0.084292
0.077103
0.94018
0.40483
0.12423
0.093629
0.57486
0.30149
0.61008
1.2862
0.48056
0.73296
0.10728
0.88421
0.25891
0.41922
0.1173
1.198
1.2908
0.18482
0.17515
0.69337
0.1071
1.1411
0.13952
0.25905
0.273
0.93519
0.092159
0.17528
0.39166
0.70428
0.20601
0.32519
0.085039
1.0333
0.55691
0.44223
0.469
0.19402
0.3706
0.32084
0.65219
0.25282
0.12534
0.11014
0.072955
0.77265
0.56224
0.15713
0.19326
0.1324
0.6688
1.0384
0.090436
0.94725
0.073516
0.20211
0.16389
0.085539
0.2763
0.33329
0.30578
0.28979
0.2159
1.1977
0.19868
0.59828
0.12464
0.34157
0.1377
1.0073
0.12193
0.52514
0.23479
0.088162
0.64347
0.081973
0.6352
0.37162
0.13158
0.35283
0.12171
0.1484
0.25622
0.32062
0.10884
0.55619
1.134
0.07784
0.079482
0.076481
0.60956
0.34086
0.16957
1.6062
0.7221
0.66512
0.12827
0.098232
0.11345
0.16958
0.27599
0.33957
0.25918
0.18706
0.23723
0.23695
0.1221
0.13158
0.14318
0.41524
0.15463
0.069167
0.10442
0.3894
0.33991
1.0395
0.178
0.27684
0.49231
0.38702
0.065561
1.1419
1.4739
0.21446
0.44578
1.4882
0.54347
0.10163
0.21941
1.2028
0.49411
1.0665
0.1379
0.1406
1.4713
0.86708
0.43568
0.41612
0.14913
1.141
0.34923
0.16245
0.52432
0.066802
0.11712
0.14719
0.3034
0.10402
0.23357
0.92391
0.6732
0.22076
1.0421
0.33591
1.0501
1.0811
1.2472
0.37675
0.21598
0.27758
0.096406
0.41482
0.12587
0.83663
0.60451
0.59823
0.34163
0.25924
0.60848
0.15581
0.23989
0.13852
0.75236
0.11745
0.26425
0.36668
0.94604
0.43534
0.83817
0.054551
0.11602
0.67569
0.54339
1.1435
0.13374
0.69089
0.34127
0.096204
0.85823
0.21662
0.11851
1.0735
0.78294
1.1905
0.32172
0.71246
0.7104
0.45598
0.26463
0.51821
0.11391
0.78315
0.4751
0.42655
0.79778
0.11944
0.11552
0.28531
0.1357
0.61448
1.1493
1.2085
0.19202
0.34523
0.18439
0.33471
0.96599
0.32339
0.096051
0.98628
0.24297
0.95002
0.64567
0.85439
0.22179
1.0654
0.95444
0.15745
0.14681
0.2326
0.12257
0.077057
0.94708
0.23581
0.48266
0.22853
0.15887
0.33222
0.40361
0.13967
0.1149
0.79164
0.13399
1.0022
0.98347
0.21069
0.46185
0.88538
0.30891
0.24216
0.093656
0.50832
0.59133
0.18326
0.14007
0.12261
0.3833
0.78592
0.088043
0.29329
0.59964
0.13367
0.473
0.72722
0.40152
0.19598
0.1293
0.095943
0.16292
0.17296
0.36032
0.10598
0.65588
1.0496
0.69123
0.09235
0.11994
1.1686
0.42209
0.11117
0.83083
0.22992
1.0104
0.36716
0.17119
0.099032
0.074107
0.62408
1.0235
0.078883
0.065574
0.15713
0.59195
1.1311
0.2379
0.38734
0.11319
0.1851
0.4528
0.46259
0.59174
0.10163
0.79527
0.60403
0.77382
0.15549
0.48394
0.67237
0.097601
0.096562
0.92968
0.096896
0.41296
0.53656
0.46652
1.2193
0.11645
0.24914
0.095698
0.15961
0.10328
0.5697
0.10226
0.19819
1.0636
0.29383
0.096222
0.26442
0.95262
0.15622
0.53667
0.084653
0.76051
0.068044
0.55625
0.83752
0.4024
0.33682
0.16938
0.35717
0.75824
0.083033
0.17198
1.1336
0.42488
0.22109
0.3196
1.0951
0.40193
0.65729
1.0548
0.16892
0.86695
0.18144
0.19743
0.12897
0.13349
0.12266
1.0307
0.067542
0.13449
0.47591
0.13794
0.92251
0.21882
1.0671
0.18098
0.37974
0.8655
0.13692
0.98613
0.4845
0.080798
0.36028
0.30307
0.2698
1.1488
0.13448
0.14467
0.12919
1.1956
0.14383
1.1288
0.15811
0.29353
0.8764
0.089349
0.50165
1.1057
0.38208
0.32219
1.1752
0.40647
0.12182
0.34995
0.089271
0.40582
0.50521
0.26843
0.19382
0.070491
0.43907
0.1228
0.24603
0.55245
0.37205
0.46382
0.12929
0.41499
0.1647
0.099321
0.92618
1.0394
0.3135
0.11538
0.2646
0.19379
0.25952
0.27549
0.089348
0.47707
0.65501
0.12719
0.3284
0.30718
0.53355
0.14264
0.2296
0.29171
0.18925
0.26105
0.43289
0.16819
0.32415
0.56447
0.41568
0.8626
0.19628
0.099519
0.24009
0.18951
0.42419
0.072136
0.53317
0.20849
0.13753
0.084727
0.72794
0.16983
0.11056
0.25275
0.36015
0.1044
0.24009
0.46983
0.14708
0.83804
0.14505
0.22914
0.11449
1.1293
0.19783
0.14585
0.086388
0.25476
1.1222
0.14187
0.31421
0.35921
1.3244
0.21187
0.51217
0.65009
1.4244
0.53824
0.49198
0.52591
0.18729
0.46752
0.27719
1.0785
0.098182
1.17
0.37515
0.2908
0.50618
0.69264
0.46308
0.13807
0.94649
0.16099
0.30548
0.34479
0.079915
0.28007
1.2759
0.065319
0.14209
0.27408
1.3344
0.25901
0.21306
0.14946
0.20992
0.83067
0.34365
0.37043
1.2207
1.5196
0.10414
0.10699
0.58706
0.74236
0.13023
0.33332
0.079756
0.1348
0.14758
1.0769
1.15
1.143
0.46162
0.10441
0.1303
0.11519
0.35832
0.20755
0.088748
0.39113
0.20008
0.38896
0.33046
0.24026
0.30676
1.2405
0.73169
0.92274
0.18518
0.19514
0.2517
0.19993
0.2711
0.42376
0.11847
1.1815
0.6196
0.13415
0.28906
0.061768
0.13719
1.0506
0.58911
0.59243
0.93796
0.19712
0.17865
1.0496
0.10321
0.13414
0.29893
1.594
0.12844
0.087243
0.1107
1.1808
1.1098
0.78512
0.25375
0.40684
0.20268
0.30212
0.2481
0.56626
1.1503
0.3903
0.085647
0.192
0.93225
0.21039
0.18599
0.4573
0.073382
0.80143
0.55046
0.082667
0.084215
0.88687
0.11762
0.12061
1.1406
0.3057
0.61019
0.1854
0.085736
0.30219
0.33158
0.12268
0.1116
0.13757
0.14438
0.38456
0.68707
0.13369
0.23625
0.12533
0.11798
1.2205
0.64697
0.22667
0.19816
0.18311
0.22951
0.35297
0.60966
0.69303
0.67249
0.17598
0.40989
0.76822
1.2202
0.38929
0.15459
0.19473
0.062375
0.39529
0.78984
0.64984
0.63047
0.077971
0.20877
0.67789
0.17278
0.12102
0.1001
0.14742
1.1931
0.22968
0.31154
0.27086
0.096626
0.1377
0.096935
1.0732
0.12007
0.62192
1.0993
0.074678
0.093224
0.36297
0.3106
0.20756
0.093601
0.12642
1.1815
0.78705
1.0763
0.22897
0.36291
0.084649
0.33418
1.1573
0.92853
0.15217
0.1914
0.30902
0.10843
0.12066
0.72157
0.27688
0.86854
0.1638
0.11622
0.43171
0.14594
0.19069
0.7543
0.20456
0.56359
0.25738
0.63759
1.0383
0.60936
0.086673
1.1273
1.2286
0.83703
0.39255
0.37341
0.22115
0.78574
0.15248
0.13256
0.2894
0.11428
0.47142
0.65067
0.23925
0.35022
0.15626
0.67219
0.36456
0.3814
0.56525
0.50529
0.3965
0.83963
1.2985
0.74124
0.22196
0.31941
0.34028
0.79469
0.61021
0.12336
0.41308
0.47593
0.41905
0.1487
0.21588
0.42788
0.1052
0.3556
0.61506
0.41118
0.096586
0.142
0.72809
1.0999
0.26716
0.10966
1.1474
0.30237
0.19863
1.0244
0.41083
0.58417
0.3857
1.1799
0.12776
0.18352
0.22143
0.12686
0.21774
0.72739
0.4268
0.5536
0.40455
0.09437
0.86263
0.18991
0.090837
0.11781
1.1762
0.57955
0.072955
0.3168
0.2235
1.3446
0.39545
0.28729
0.17213
0.2091
0.19575
1.0536
0.36424
0.13299
0.7196
0.50234
0.61222
0.095651
0.13594
0.16813
0.53787
0.21217
0.22912
0.22371
0.11921
0.15365
0.065371
0.49012
0.21206
0.46254
0.93985
0.12401
0.083659
0.25753
0.13268
0.39635
0.30364
0.32386
1.1812
0.53238
0.18065
0.09576
0.15923
0.36597
0.18195
1.0093
1.3029
0.79618
0.36522
0.47378
0.66528
0.7925
0.094387
0.47541
0.16958
0.16046
0.91168
0.10623
1.0903
0.69722
0.39944
0.12909
0.19805
0.94546
0.27057
0.65847
0.11554
0.1241
0.078237
0.27609
0.11679
0.070421
0.25766
0.16256
1.1896
0.1788
0.46929
0.24153
0.11834
0.55086
0.072761
0.11205
0.65574
0.71988
0.31437
0.1728
0.47497
0.14474
0.48458
1.0238
0.36688
0.14959
0.82159
0.18789
0.7326
0.13515
0.1722
0.088055
0.19341
0.16243
0.52579
0.27622
0.38435
0.83373
0.90795
0.83229
0.91428
0.083325
0.17327
0.096655
0.29504
0.56225
0.071147
0.17197
0.91897
0.48365
1.0147
0.21672
0.13577
0.29647
0.78342
0.079546
0.086662
1.4152
1.0295
1.4632
0.23673
0.94287
0.25149
0.48957
0.066963
0.74796
0.078997
0.37286
0.23332
0.21848
1.1636
0.17127
0.093192
0.41699
0.3737
0.13884
0.35073
0.36056
0.94379
0.36984
0.47656
0.63454
0.078597
0.39109
0.18559
0.67962
0.12127
0.42009
0.11464
1.2549
1.1722
0.091673
0.1335
0.81209
0.22856
0.53913
0.24755
0.062275
0.30766
0.11687
0.24146
0.44442
1.1465
0.14836
0.15249
0.098999
0.12378
0.6963
0.14782
0.96099
0.26715
0.073582
0.65179
0.2802
0.19653
0.079849
0.11874
0.96651
1.3101
0.26104
0.89914
0.74229
0.1169
0.17602
0.13619
1.2795
0.29574
0.19436
0.3408
0.75921
0.12654
0.25332
0.12264
1.1827
0.82985
0.096423
0.073135
0.20101
1.6186
0.59645
0.14275
1.0734
0.10443
0.12223
0.17725
0.57861
0.64554
0.1258
0.10552
0.23401
0.16207
0.52838
0.18368
1.3366
0.28518
1.1267
0.23926
0.82725
0.85788
0.47769
0.21268
0.18519
0.091311
0.47024
0.35411
0.41184
0.25925
0.20436
0.17594
0.98373
0.098791
0.10252
0.18542
0.081794
0.37615
1.2504
0.1341
1.2094
1.4496
0.16214
0.23995
0.38315
1.0294
0.079221
0.2249
1.215
0.090632
0.21035
0.20625
0.22345
0.27634
0.93563
0.56206
0.26729
0.32434
0.25857
0.78777
0.11559
1.1643
0.62085
0.20891
0.70981
0.18596
0.30864
1.0219
0.22412
0.86172
0.14487
0.3978
0.19133
0.14166
0.099824
0.48746
0.81066
0.27384
0.23316
0.57983
0.59735
0.15787
0.25344
0.41066
0.5945
0.65421
1.3574
0.81233
0.76483
0.30836
0.30768
1.3314
0.23527
0.65133
0.39914
0.57664
0.40294
0.78326
0.19853
0.58771
0.55981
1.0786
0.29479
0.6043
0.27473
0.088459
0.163
0.063752
0.15267
0.70797
0.93514
0.936
0.11713
0.10838
0.20902
0.49085
0.084255
0.62083
0.23099
0.446
1.1968
1.1312
0.59256
0.13542
0.30386
0.99085
0.1879
0.29088
1.4406
0.081863
0.1736
1.1865
1.0895
1.4073
0.1878
0.36926
0.23567
0.10629
0.60019
0.41271
0.45334
0.79922
0.38785
0.17075
0.9852
0.50743
1.1702
0.12385
0.30256
0.55437
0.64964
0.54762
0.15944
0.46499
0.13212
0.30589
0.48543
0.25021
0.84276
0.23531
0.28498
0.1215
0.54472
0.34292
1.1204
0.20696
0.79094
0.55433
0.56687
0.54555
0.19353
0.18968
1.058
0.68591
0.95754
0.2943
0.14191
1.6163
0.93625
0.11418
0.080977
0.22536
0.083085
0.14206
0.1148
0.10837
0.3461
0.49589
0.40697
0.97108
0.087588
0.061633
0.12126
0.20112
0.45603
0.84129
1.0885
0.71211
0.3149
0.83771
0.093926
0.63482
0.11255
1.3176
0.25509
0.081286
1.1615
0.86212
0.13152
0.09422
0.38718
0.31061
1.0072
0.5187
0.60685
0.85365
0.18731
0.24736
0.8484
0.18084
0.84469
0.33073
0.7369
0.28418
0.7537
0.063068
0.39317
0.086388
0.14883
0.3813
0.09451
0.35978
0.30598
0.11478
0.06349
0.14548
0.080295
0.14588
0.073502
0.10676
0.48401
1.0421
0.073605
0.10712
1.0966
0.27824
0.079551
0.14716
0.82687
0.22306
0.19608
0.19235
0.075142
0.15839
1.2567
0.10129
0.97929
1.1453
0.73839
0.12187
0.086287
0.093789
0.26458
0.15922
0.13526
1.163
1.1666
0.11539
0.098036
0.30978
0.090703
0.44008
0.64535
0.34176
1.1475
0.54981
0.073936
0.80956
0.20222
0.13011
0.31327
0.23605
0.12847
0.34055
0.12659
0.80143
0.72513
0.70098
0.51843
0.2959
1.3063
0.6305
0.62543
1.0436
0.51205
0.17885
0.10673
1.1834
0.28111
0.17402
0.40704
0.244
0.10358
0.36864
0.57248
0.87201
0.11695
0.3295
0.19922
0.38331
1.2905
1.0745
0.1278
0.86656
0.8258
0.084813
0.12035
0.78666
0.42789
1.252
0.18444
0.15564
0.20669
0.11113
0.576
0.20606
0.34283
0.13653
0.3956
0.17644
0.56591
0.67076
0.066439
0.47808
0.62511
0.12181
0.097365
0.098208
0.1649
0.14978
0.22389
0.25817
0.13799
0.41197
0.17655
0.35897
0.13741
0.72045
1.0866
0.49249
1.3153
0.83008
0.17002
0.35797
0.086168
0.084465
0.49566
0.48345
0.12404
0.34346
0.53327
0.48121
0.16597
0.56141
0.15
0.89561
0.10978
0.13937
0.53897
0.26504
0.3123
0.077396
0.26058
0.12533
0.073397
0.12492
0.17831
0.30368
0.4438
0.55502
0.2771
0.10604
0.20744
0.31073
1.1674
0.1377
0.23084
0.089454
0.10757
0.67682
0.14052
0.25012
0.099325
0.14974
0.14268
0.31798
0.88884
0.91212
0.5216
0.24473
0.54327
0.14705
0.1359
0.39432
0.89761
0.11784
0.076354
1.1979
0.16018
0.14406
0.71849
0.43341
0.1889
0.42765
0.5133
0.23911
0.19635
0.19195
0.28052
0.082564
0.3368
0.23622
0.19747
0.11279
0.53933
0.095703
0.16021
1.1507
0.70523
0.18861
0.15031
0.53387
0.33475
0.46258
0.1283
0.36881
0.072364
1.1768
1.452
0.1259
0.3449
0.24782
0.65344
0.11563
0.086612
0.42209
0.32384
0.2564
0.13467
0.28541
0.57676
0.99463
0.090724
0.24332
1.098
0.17218
0.17955
0.42494
0.22503
0.32614
0.36232
0.76871
0.43547
0.10023
0.33443
0.25065
0.22215
0.18334
0.54104
1.0862
0.091694
0.38403
0.27418
0.087874
0.51833
1.0949
0.56375
0.98733
0.1431
0.13282
0.54118
0.12951
0.14335
0.21549
0.71348
0.15869
0.069155
0.97997
1.3457
0.44467
0.24382
0.10147
0.49362
0.22602
0.15268
0.26031
0.73337
0.63768
0.44481
0.24989
0.12219
0.073902
0.47782
0.30843
0.95229
0.32474
0.41037
0.18712
0.12476
0.082803
0.21958
0.19592
0.23256
0.5871
0.68556
0.12473
0.50876
0.078007
0.10929
0.13093
0.27587
1.1949
1.0604
0.15145
0.38764
0.10163
0.31348
0.10227
0.30574
0.22962
1.2494
0.54898
0.33915
0.11486
0.19067
0.43697
0.21645
0.19659
0.18925
0.061962
0.092936
1.021
0.37418
0.89283
0.36579
0.25484
0.24131
0.66564
0.083154
0.76688
0.47184
0.72206
0.14107
1.1647
0.20779
0.09976
1.0788
0.51272
0.55668
1.1035
0.27672
0.23864
1.1923
0.45008
0.09508
0.083101
0.43548
0.87016
0.25535
1.0003
0.1138
0.18757
1.2933
0.26726
0.24831
1.0817
0.69131
0.074683
0.085707
0.17374
0.60349
0.12175
0.2467
0.30197
0.29983
0.067434
0.29968
0.089391
0.7045
0.09156
0.79053
0.16182
0.25033
0.11288
0.10584
0.33831
0.46057
0.30175
0.1701
0.24032
0.1846
0.64137
0.092853
0.069589
0.44414
0.21542
0.43197
1.1946
0.19328
0.63286
1.4103
0.40166
0.809
0.36587
0.079107
1.3809
0.50717
0.31568
0.15717
0.24764
0.31311
0.93121
0.8131
0.18812
1.0676
0.49045
0.13606
0.16308
0.17727
0.12679
0.21408
1.0689
0.43711
0.16417
0.14352
0.53168
0.73183
1.2392
0.95864
0.97675
0.11762
0.075573
0.26747
0.17512
0.12281
0.1257
0.080705
1.1556
0.32683
0.25488
0.21329
0.26153
0.11958
0.17793
0.1497
0.42343
0.17601
0.083961
0.27995
0.28251
0.46513
0.095716
0.19761
0.54154
0.48686
0.17714
0.50919
0.32823
0.10258
0.25172
1.4844
0.09439
0.94464
1.084
0.19538
0.62006
0.15392
0.76974
0.87874
0.2494
0.31866
0.26252
0.16174
0.12885
0.49932
0.25969
0.41782
0.12796
0.11835
0.15476
0.73456
0.77692
0.98045
0.0706
0.31409
0.13523
0.15771
0.089724
0.069739
0.40455
1.038
0.49731
0.71474
1.1994
0.44468
1.5375
0.077405
0.10644
0.11212
0.19164
0.27339
0.20151
0.95252
0.32565
0.096699
1.2162
0.048145
0.43649
1.2528
0.093531
0.57655
0.12667
0.26157
0.15388
0.18349
1.0872
0.34314
0.43933
0.31772
0.42943
1.0244
0.098251
0.22911
0.098244
0.6034
0.34224
0.10815
0.13042
0.092219
0.38392
0.23237
0.081813
0.50772
0.072407
0.32269
0.69291
1.3006
0.15403
0.13567
0.39039
0.17136
0.19192
0.74979
0.90677
0.683
0.3937
0.10661
0.55767
1.1944
0.14042
0.08586
0.45226
0.72357
0.56731
0.77979
0.12483
0.096663
0.1973
0.78127
0.50181
0.14495
0.42707
0.25324
0.17414
0.93488
0.2088
0.090262
1.0927
0.62958
0.27114
0.65833
0.52771
0.17128
0.42762
1.5628
1.5999
0.70904
0.26646
0.18302
1.0881
0.91046
0.41559
0.32537
0.44012
1.1338
0.34886
0.17465
0.69274
0.20056
0.30929
0.54859
0.69708
0.11949
0.71611
0.21541
0.87104
0.52482
0.13519
0.62598
0.44404
1.426
0.087036
0.13968
0.75223
0.36544
0.83962
0.13299
0.18162
1.158
0.23773
0.87382
0.14307
0.19491
0.80404
0.54764
0.15003
0.072849
1.1424
0.13664
1.4223
0.27752
0.10815
0.7381
0.31298
1.2266
0.11455
0.32238
0.074074
1.1041
0.31734
0.21532
0.40983
1.229
0.26972
0.2423
0.1532
1.2208
0.42208
0.62936
0.26156
0.1801
0.13735
0.18781
0.46338
0.42945
0.23632
0.21425
0.18934
0.45435
0.10346
0.072833
0.74527
1.2375
0.34274
0.49078
0.95489
0.68966
0.1472
0.23246
0.18524
0.1333
0.264
0.12281
0.11475
0.13642
1.1648
0.49312
0.23315
0.17809
1.1883
0.20298
0.079819
1.1522
0.81175
0.41032
0.66874
0.12266
0.36388
0.30972
0.47532
0.73285
0.11841
0.55181
0.18248
0.2112
0.11794
0.19844
0.39591
0.27309
0.50224
1.5336
0.10237
0.17871
0.32398
0.252
0.76288
0.36571
0.09007
0.44936
0.18594
0.2731
0.3508
0.26461
0.39564
0.30387
1.3826
0.065945
0.1661
0.65299
0.16998
0.13492
0.47484
0.46557
0.16927
0.9025
0.71097
0.69759
0.22882
0.29398
0.10655
0.081922
0.14268
0.18601
0.23931
0.33435
0.41028
0.4068
0.10345
0.084149
0.19649
0.17652
0.56042
0.91487
0.17182
0.30952
0.19656
0.5597
0.58324
0.25798
0.1171
0.099653
0.52822
0.34419
1.1789
0.23366
0.054501
0.98127
0.78338
0.75856
0.074974
0.074845
0.21328
0.099312
1.0649
1.0055
0.62161
0.40507
0.77723
0.30946
0.095487
0.11214
0.11505
0.71537
0.29737
0.097422
0.095444
0.27606
0.46695
1.1674
0.061172
0.36597
0.23727
0.10261
0.42064
0.091464
0.62063
0.86252
0.30901
0.097213
0.58587
0.1013
0.1033
1.082
1.1591
0.97067
1.1838
0.45183
0.19394
0.35757
0.25819
1.0709
1.1845
0.98811
0.89587
0.26712
0.35628
0.11879
0.10031
1.2112
0.21461
0.57352
0.87001
1.1548
0.25116
0.10188
0.19097
0.58136
0.11543
0.20088
0.085309
0.15968
0.3158
0.19296
0.72845
1.3885
0.084655
1.1136
0.30576
0.081695
0.14252
0.10168
0.11411
0.4088
0.10452
0.10802
0.14612
1.005
0.51532
0.24195
0.087535
0.15567
0.35143
1.3031
0.67324
0.07288
0.48904
0.77133
1.0287
1.0627
1.2821
1.0552
0.2718
0.61623
0.089772
0.39571
0.13641
0.25963
0.0986
0.55506
0.16435
0.14074
1.1501
0.33924
0.83603
0.12807
0.13366
0.16452
0.1526
0.42434
0.71143
1.2279
0.94697
1.2033
0.12127
0.17669
0.83942
0.079145
1.4339
0.40694
0.20543
0.55187
0.17862
0.27224
0.58979
0.961
0.50175
0.89653
1.2059
0.36762
0.077055
0.32968
0.51687
0.28663
0.81343
0.16647
0.38654
0.10545
0.16139
1.3121
0.10545
0.98209
0.12139
1.5541
0.25401
0.64507
0.27334
0.12349
0.17411
0.10258
0.33548
0.18779
0.50736
0.61991
0.24894
0.26794
0.32671
0.61853
0.14249
0.21397
0.11755
0.09045
0.20639
0.1671
0.94685
0.23678
0.40505
0.17368
0.14927
0.16699
0.22327
0.33163
0.19238
0.13756
0.34857
0.3444
0.6161
0.39265
0.46895
0.15446
0.20133
0.13857
0.18407
0.76192
0.45431
0.22546
0.22022
0.13989
0.079703
0.17491
0.26894
0.91645
0.15924
0.17577
0.98799
0.17509
0.17502
0.15423
1.1687
0.092713
0.063889
0.076284
0.26527
0.094188
0.5791
0.28221
1.0568
0.10958
0.25128
0.31114
0.096141
0.48138
0.46196
0.65833
0.15433
0.63095
0.095892
0.30211
1.4001
0.38254
0.33562
0.13863
0.13173
1.0891
0.70559
1.2229
0.12425
0.9118
0.27014
0.38179
0.3063
0.15014
0.6503
0.075019
0.3211
0.11876
0.27724
1.2853
0.099658
0.089762
0.67288
0.18945
0.26119
0.12112
0.098459
0.28287
0.11201
0.7665
0.13915
0.89586
0.12446
1.3107
0.27414
0.42995
0.71283
0.10564
0.13578
0.24751
0.082701
0.22061
0.084292
0.077103
0.94018
0.40483
0.12423
0.093629
0.57486
0.30149
0.61008
1.2862
0.48056
0.73296
0.10728
0.88421
0.25891
0.41922
0.1173
1.198
1.2908
0.18482
0.17515
0.69337
0.1071
1.1411
0.13952
0.25905
0.273
0.93519
0.092159
0.17528
0.39166
0.70428
0.20601
0.32519
0.085039
1.0333
0.55691
0.44223
0.469
0.19402
0.3706
0.32084
0.65219
0.25282
0.12534
0.11014
0.072955
0.77265
0.56224
0.15713
0.19326
0.1324
0.6688
1.0384
0.090436
0.94725
0.073516
0.20211
0.16389
0.085539
0.2763
0.33329
0.30578
0.28979
0.2159
1.1977
0.19868
0.59828
0.12464
0.34157
0.1377
1.0073
0.12193
0.52514
0.23479
0.088162
0.64347
0.081973
0.6352
0.37162
0.13158
0.35283
0.12171
0.1484
0.25622
0.32062
0.10884
0.55619
1.134
0.07784
0.079482
0.076481
0.60956
0.34086
0.084375
0.83003
0.68949
1.2535
0.7331
0.28114
0.72102
0.39249
0.30477
0.73359
0.11724
0.97284
0.23723
0.090674
1.1833
0.22372
0.14318
1.3973
0.10859
0.16796
0.2058
0.3894
0.46512
0.31716
0.8904
0.87965
0.30056
0.13631
0.20894
1.1583
0.47675
0.093468
0.82768
0.97191
1.5885
0.10163
0.28634
0.17194
0.14076
0.86949
0.76852
0.1406
0.072523
0.22478
0.43568
0.11229
1.028
0.48663
1.1769
0.51962
0.36244
1.2909
0.26435
0.10467
0.77805
0.76172
0.25056
0.92391
0.071651
0.22076
1.0421
0.64043
0.084179
0.19208
1.0949
0.1698
0.23314
0.22694
0.096406
0.22567
0.58376
1.2039
0.20538
0.73588
1.261
1.0029
0.080951
0.27787
0.99347
0.64265
0.98021
0.4234
0.68355
0.40365
0.11789
0.27876
0.42744
0.58
1.2394
0.67569
0.14723
0.17262
0.29413
0.16662
0.099178
0.14974
1.0407
0.15055
0.10843
0.49704
0.13979
0.62915
0.57194
0.14695
0.1268
0.36037
0.26463
0.22028
0.76769
0.34652
0.37289
0.1804
0.11103
0.271
0.2728
0.23216
0.1357
0.61448
0.3734
0.89344
0.19202
0.42083
0.097497
0.98075
1.0492
0.1874
0.27862
0.1881
0.10059
0.41493
0.87779
0.19458
0.58413
0.12805
0.13248
0.091871
0.22635
0.5325
0.12257
0.077853
0.16914
0.85765
0.20347
1.2843
0.094611
0.51978
0.32637
0.88247
0.33637
0.59603
1.0362
0.30689
0.15844
0.96293
0.62608
1.0259
0.29879
0.24216
0.31359
0.12457
0.62555
0.1738
0.20221
0.071202
0.31687
0.49572
0.75175
0.10118
0.16633
0.15684
0.56373
0.28007
0.30249
0.13423
0.34049
0.45199
1.6651
0.88342
0.14982
0.36217
0.72255
1.0496
0.26696
0.08708
0.12202
0.18721
0.14139
0.83852
0.54044
0.22992
0.13961
0.36716
0.40315
0.11349
0.082898
1.2299
1.0337
0.096067
1.0702
0.15994
0.074873
1.1311
1.0638
0.41038
0.082816
0.26947
0.4528
0.20401
0.10079
0.86362
0.45969
0.41492
0.53895
0.74295
0.50011
0.09919
0.79534
0.091878
0.12413
0.15133
0.39282
0.15526
0.115
1.0516
0.31048
0.24806
0.1923
0.13138
0.13249
0.10728
0.10226
0.63009
1.0636
0.29383
0.1326
0.26442
0.95262
0.11656
0.53667
0.48177
0.76051
0.8092
0.62444
0.25123
0.090085
0.17316
0.28133
0.74513
1.3745
0.083033
0.31575
1.1336
0.42488
0.63287
0.91316
0.082289
0.27783
0.80517
1.0548
0.11067
0.7922
0.23899
0.57394
0.45989
0.14222
0.326
0.3219
0.071373
0.22796
1.1574
0.10479
1.1737
0.19277
0.22056
0.18098
0.12574
1.2234
0.13692
0.98613
0.43181
0.85945
0.060935
0.11435
0.1674
0.2881
0.20061
0.44411
0.42016
0.11986
0.37956
1.1288
0.36685
0.29353
0.20347
0.89717
0.50165
0.2255
0.34509
0.11468
0.10559
0.62284
0.44516
0.81618
1.6638
0.13114
0.79191
0.088475
1.0026
0.17388
0.22583
0.098293
0.61534
0.094206
0.18031
0.15633
0.37522
0.41499
0.47465
0.099321
0.18017
1.0394
0.65513
0.10582
0.55385
0.085914
0.067326
0.11007
0.17762
0.11509
0.75206
0.10469
0.15029
0.4796
1.1293
0.38683
0.091133
0.29171
0.11871
0.75325
0.11266
0.16819
0.1065
0.47577
1.264
0.28739
0.62971
0.48238
0.45155
1.1303
0.14724
0.80807
0.53317
0.55623
0.43054
0.089343
0.48297
0.20343
0.66973
0.25275
0.32787
0.23088
0.40989
0.46983
0.24632
1.2268
0.32359
0.22914
0.11449
0.12023
0.43201
0.46084
0.42869
0.14164
0.18209
0.10268
0.20331
0.67793
0.42488
0.76906
0.14776
0.65009
1.4244
0.35744
0.31755
0.19486
0.56049
0.26029
1.1981
1.0608
0.99084
0.3162
0.84636
0.64064
0.68188
0.3405
0.098113
0.26724
0.94649
0.57917
0.089585
1.1404
0.51722
0.18189
0.23122
0.44173
0.085693
0.92767
0.4379
0.53871
0.74703
0.1289
0.1237
0.83067
0.79781
0.39089
1.0507
0.098491
0.21328
0.10699
0.71971
0.1069
0.22843
0.40671
0.079756
0.096658
1.029
0.60739
1.15
0.76994
0.098475
0.97854
0.13863
1.078
0.59522
0.23314
0.2199
0.39113
0.85108
0.74269
0.33046
0.10482
0.23813
0.33057
0.73169
0.078872
0.28497
0.30752
0.16921
0.31124
0.70588
0.52117
0.67138
0.69186
0.19978
0.59705
0.64296
0.74954
0.61891
0.33132
0.3401
0.17645
0.93796
0.15351
0.086711
0.13522
0.2675
0.17247
0.22137
0.11034
0.14133
1.1365
0.1107
0.60903
0.26524
0.076399
0.44152
0.10905
0.20268
0.30212
1.6958
0.31106
0.60557
0.12157
0.16598
0.69134
0.86844
0.21039
1.0641
0.10759
0.229
0.49028
0.52449
0.44364
0.2329
0.88687
0.092968
0.35747
0.10528
0.15311
0.35567
0.11698
0.11644
0.069769
0.30366
0.51062
0.1116
0.47933
1.0849
0.4104
0.19727
0.14989
0.15721
0.36603
0.31653
0.3109
0.4111
0.19298
1.249
0.43665
0.21787
0.75439
0.66281
0.2222
1.1366
0.55952
0.11006
0.16174
0.38767
0.97941
0.10019
1.1593
0.92057
0.12176
0.73436
0.21599
0.3087
0.45398
0.17465
0.18096
1.0721
0.20302
0.50204
0.79591
0.082731
0.78934
0.27804
0.65867
0.096626
0.41728
0.089292
0.47133
0.22502
0.13569
0.092774
0.73204
1.2442
0.16296
0.3106
0.17747
0.20347
0.59863
0.35772
0.43813
0.22661
0.17464
0.36291
0.13274
1.1713
0.30924
0.1216
0.45514
0.65159
0.21579
1.2999
0.17332
0.48244
0.7115
0.27544
0.88443
0.26605
0.26311
1.1221
0.12803
0.42186
0.1058
0.51033
1.2179
0.85307
0.16798
0.76003
0.1731
0.12534
1.5712
0.84156
0.097742
1.1326
0.22115
1.1803
0.10583
0.1754
0.31555
1.0642
0.68028
0.67656
0.90268
0.96358
0.36018
0.1483
0.054361
0.365
0.27579
0.50529
1.0672
0.36104
1.2985
0.09121
0.067554
0.495
0.084776
0.26242
0.13995
0.11194
0.081737
0.13355
1.3426
0.1487
0.49214
0.74474
0.10874
0.082598
0.15452
0.095833
0.15995
0.67348
0.32491
0.107
0.20629
0.18206
0.13532
0.30237
0.20999
0.074183
0.62238
0.16213
0.56904
0.52332
0.61377
0.49784
0.22143
0.12686
0.078787
0.1629
0.57472
0.1829
0.2287
0.14936
0.90029
0.10638
0.090837
0.43766
0.41916
0.65622
0.072955
0.37586
0.1721
0.47279
0.072471
0.43461
0.29344
0.49841
0.50983
0.46612
0.29884
0.76706
0.21217
0.50234
0.11451
0.30945
0.12611
0.4845
0.4183
0.21217
0.72851
1.2808
1.1618
0.5736
1.1223
0.69625
0.21866
0.30869
0.61425
1.0854
0.14724
0.76748
0.72286
1.3239
1.2597
0.49056
0.1339
0.089508
0.090383
0.071251
0.7558
0.10031
0.46985
0.32471
0.6019
0.11483
1.0393
0.28452
0.31612
0.087894
0.21319
0.12992
1.7174
0.26615
0.91168
0.23653
0.90024
0.50375
0.44758
0.34388
0.19805
0.066488
0.28845
0.084708
1.2119
0.13928
0.15911
0.29989
0.099885
0.070421
0.20168
0.76173
1.1174
0.37955
0.093989
0.24153
0.11834
0.55086
0.14345
0.14033
0.65574
0.086159
0.31437
0.1728
0.079927
0.090106
0.64914
0.10157
0.10783
1.0306
0.15733
0.37292
0.25049
0.23263
0.31845
0.10758
1.2972
0.16243
0.4989
1.0947
0.75174
0.076156
0.19173
0.34434
0.12675
0.14201
0.095806
0.096655
0.82769
0.17854
0.087406
0.19666
0.68628
0.139
1.2817
0.99705
0.58723
0.37803
1.1283
0.090315
0.21442
0.077374
0.39559
1.0341
0.25424
0.10305
0.52683
0.53606
0.4185
1.6398
0.2617
0.37286
0.30664
0.29291
0.59735
0.12701
0.18491
0.62061
0.4917
0.12476
0.58221
0.43987
0.8825
0.25022
1.0206
0.0993
1.0396
0.52823
0.22687
0.45741
0.15137
0.084025
0.10443
0.20923
0.15244
0.35955
0.1335
0.53051
0.1157
0.12061
0.13899
1.1433
0.30862
0.13502
0.67135
0.67692
0.24818
1.0772
0.15249
0.20829
0.25361
0.6963
0.75077
0.18857
0.13016
1.0677
0.41555
0.38523
0.49981
1.1535
0.3067
0.10229
0.61893
0.17441
0.38807
0.12039
0.085948
0.86446
0.13336
0.18568
0.26749
0.75634
0.18833
1.2279
0.29825
0.13101
0.12264
0.1152
0.16858
0.096423
1.2033
0.6155
0.19413
0.59645
1.2456
0.11753
0.73658
0.10634
0.55096
0.131
1.1946
0.71241
0.66548
0.18473
1.0275
0.25499
0.092518
0.24806
0.56102
1.0359
0.27688
0.81892
1.0584
0.10779
0.21808
0.095703
0.26114
0.39716
1.1813
0.14775
0.94208
0.51396
0.29868
0.37207
0.098791
0.10252
0.88147
0.68874
0.10032
0.33169
0.26123
1.6334
0.48195
0.20296
0.14933
1.1479
1.1519
0.44835
0.24888
0.48728
0.086396
0.21035
0.25974
0.22345
0.27634
0.58584
0.13279
0.43608
0.19162
0.21883
0.085706
1.044
0.088074
1.2364
0.15099
0.36552
0.37038
0.52452
0.31917
0.45003
0.31519
0.12425
0.087797
0.49542
0.10997
0.40415
0.33539
1.198
1.1112
0.40345
0.079519
0.82784
0.1002
0.2208
0.12017
0.5945
0.1208
0.097654
0.09722
0.33981
0.69669
0.52936
1.3546
0.23527
0.27442
0.24287
0.93334
0.26822
0.78326
0.21377
1.0704
0.20066
0.31113
0.085745
0.81826
0.8667
0.090585
0.12135
0.063752
0.18709
0.78693
0.93514
0.079077
0.11706
0.39648
0.9352
0.081255
0.57213
0.18579
0.12764
0.089038
0.72167
0.52151
0.59256
0.75691
0.50283
1.0514
0.11659
0.40605
0.25969
0.16468
0.086173
0.074186
0.20843
1.0585
0.1878
0.16664
0.12763
0.23347
0.42598
0.41271
0.45334
0.25019
0.33028
0.21335
0.090989
0.35558
0.13356
0.12385
0.36778
0.83438
0.37085
0.54762
1.2677
0.13025
0.3336
0.34835
0.63692
0.25021
0.88563
1.6529
0.12616
1.0449
0.54472
0.43329
1.205
0.20099
0.16265
0.51213
1.2734
0.54555
1.0101
0.10011
0.80991
0.68591
0.15287
1.1965
1.11
0.1144
0.2323
1.1137
0.50111
0.12779
1.1182
0.19501
0.52973
0.1504
0.47831
0.60079
0.60655
0.76604
0.084384
0.84099
0.21383
0.20014
0.25511
0.2303
0.075811
0.71211
0.97855
0.25878
0.8572
0.8898
0.22968
0.44236
0.088205
0.70344
0.22178
0.22199
1.0638
0.13241
0.12327
0.31061
0.38283
0.5187
0.59238
1.1722
0.17633
0.098847
0.43681
0.12637
0.38979
0.11089
0.83697
0.22241
1.0798
0.29406
0.56817
0.086388
0.11721
0.41687
0.1512
1.1223
0.096677
0.11478
0.083293
0.40007
0.30817
0.098863
0.073502
0.86806
0.2514
0.38835
0.073605
0.081499
0.20903
0.082088
0.079551
0.3569
0.29101
0.11695
0.35358
0.19235
1.3016
0.15839
0.3064
0.55659
0.16239
0.31764
0.14308
0.74511
0.10424
0.44271
0.35686
0.094254
0.13526
1.0222
0.61957
0.35504
0.25823
0.1733
0.36202
0.17243
1.0144
0.18178
0.43339
0.18888
0.51638
0.25964
0.20222
0.57328
0.16848
0.12745
0.073425
0.15222
0.12659
0.23577
0.22112
1.1288
0.10666
1.2594
0.30148
0.6305
1.7572
0.49104
0.17956
0.3261
0.24504
0.91052
0.31135
0.50538
0.13537
0.84236
0.39619
1.1491
0.13191
0.16588
0.11695
1.3113
0.19922
0.54691
0.30989
0.2574
1.144
0.13003
0.10717
0.24717
0.12848
0.16903
0.27097
0.37395
1.1869
0.12123
0.13625
0.1775
0.84397
0.20606
0.30044
0.13152
0.084326
0.085046
0.136
0.14944
0.68213
1.0567
0.17027
0.12181
0.11901
0.1072
0.5591
0.44782
0.082499
0.3708
0.1624
0.17183
0.13322
0.54765
0.38137
0.23789
0.2672
0.24625
0.30697
0.83008
1.5527
0.46229
0.55369
0.42651
0.12952
0.46099
0.093406
0.16788
0.13989
1.012
0.16597
0.17073
0.31101
0.18353
0.10611
0.36853
0.11177
0.10169
0.1205
0.24397
0.8131
0.12533
1.063
0.12492
0.14244
0.075266
0.64721
0.14389
0.13094
0.49226
0.11476
0.98828
1.3485
0.82464
0.82976
0.17266
0.58213
0.22008
0.29305
0.10198
1.0857
0.4354
0.45389
0.19743
0.25353
1.0373
0.54674
0.792
0.23565
0.13886
0.16935
0.53128
0.54894
1.1732
0.14991
1.1979
0.050214
0.10734
0.71849
0.20098
0.19459
0.14478
0.28096
1.3044
1.2502
0.14749
0.52018
0.61274
0.12312
0.17628
0.79028
0.11279
0.27951
0.15153
0.65407
0.076119
0.51023
0.44641
0.15031
0.15938
0.7756
0.38753
0.14114
0.59204
0.20645
1.1768
0.22919
0.1814
1.2443
0.2053
0.11879
1.1493
0.21911
0.54336
0.32384
0.25392
0.61427
0.60835
0.9909
0.10239
0.090724
0.57412
0.30337
0.1081
0.19542
0.50855
0.39819
0.2683
0.55621
0.42392
0.23186
0.10023
0.11997
0.97531
0.45383
0.57708
0.42886
0.065681
1.3147
0.23174
0.23571
0.66028
1.1353
0.09888
0.35963
0.98733
0.24704
0.9866
0.54118
0.38343
0.33821
0.71593
1.1865
1.3436
0.54887
0.13824
0.57941
0.54674
1.1785
0.099857
0.52707
0.1347
0.99289
0.76246
1.2841
1.5125
0.15066
0.28362
0.090088
0.07643
0.47782
0.76007
0.23177
0.42138
0.095732
0.12186
0.099205
1.0729
1.1925
0.62511
0.23256
0.18673
0.31043
0.39312
0.14306
0.28523
0.13376
0.51638
0.1655
0.09387
0.68489
0.25982
0.50339
0.086142
0.099843
0.89107
0.20163
0.24725
0.31293
0.75036
0.16838
0.091894
0.10176
0.43697
0.21645
0.12117
0.12502
0.43985
0.13565
1.021
1.1769
0.11669
0.49331
0.10864
0.092796
0.66564
1.1314
0.16717
0.72656
0.29944
0.90497
0.15965
0.20779
0.09976
0.10358
0.79315
0.57397
0.51579
0.35598
0.20807
0.074576
0.19374
0.09508
0.15705
0.43548
0.41702
0.12177
0.36437
0.1138
0.34613
0.47239
1.2557
0.24831
0.089088
0.69131
0.13432
0.10452
0.17198
0.08808
0.45286
0.53959
0.077305
0.3364
0.067434
0.29968
1.3677
0.7045
1.1108
0.4171
0.16182
0.57723
0.14026
0.10584
1.2522
0.14642
0.32216
0.1701
0.24032
1.6457
0.10962
0.11441
0.10476
0.20221
0.21542
0.43197
0.31754
0.19328
0.087894
0.20956
0.089284
0.13094
1.2702
1.0727
0.62229
0.2324
0.058088
0.8419
0.55919
0.31311
0.93121
0.678
0.35256
1.0676
1.0449
0.09775
0.079945
0.10982
0.36334
0.19758
0.31917
0.099848
0.16417
0.080646
0.12384
0.73183
0.18055
0.34553
0.49121
0.21031
0.075573
0.18239
0.13017
0.23764
0.65146
0.12858
1.056
0.56358
0.42091
0.21761
0.18348
0.12692
0.22047
0.22821
0.55827
0.091356
0.23509
1.284
0.24294
0.46513
0.43316
0.28927
0.11029
0.11065
0.63246
1.1335
0.13649
1.1819
0.78958
0.15406
0.25304
0.099602
1.1923
0.16061
0.28443
0.94738
0.94944
0.63478
0.2494
0.13367
0.18678
0.16174
0.18601
0.10245
0.7835
0.08604
0.35653
0.15691
0.15476
1.5476
0.2692
0.18516
0.20981
0.09457
0.65583
0.06051
0.90551
0.13864
0.1619
0.056755
0.1014
0.29393
0.3137
0.11969
0.12987
0.38538
0.24094
0.092315
0.25025
1.1416
0.37119
0.59848
0.16672
0.11302
0.9083
0.048145
0.60172
0.5942
1.2555
0.40438
1.0786
0.37167
0.44029
1.3167
0.45617
0.4512
0.19333
0.6955
0.39937
0.15498
0.12651
0.47922
0.078482
0.088322
0.1369
0.13942
1.123
0.31542
0.07728
0.1285
1.3266
0.1081
0.80001
0.086931
0.17766
0.58442
0.29252
0.15589
0.25524
0.10905
0.40494
0.74979
0.13061
0.39942
0.17568
0.2381
1.142
0.13879
0.12515
0.65751
0.45226
0.14348
0.24874
0.52108
0.99585
1.3734
0.39814
0.78279
0.16429
0.10778
0.36019
0.52063
0.47097
0.53004
0.2088
0.37372
0.99474
0.1377
1.0198
0.65833
0.17277
0.18948
0.17575
0.12861
0.65429
0.83408
0.34069
0.12416
0.10265
0.18688
0.13375
0.32537
0.14805
0.16649
0.11106
0.12071
1.0124
0.38754
0.1488
0.071635
0.19954
0.13467
0.80589
0.21541
0.087255
0.11532
0.077926
0.44997
0.76563
0.39889
0.85329
0.36996
0.14402
0.28371
0.43078
0.07571
0.15844
0.45612
0.50716
0.16755
0.15045
0.62623
0.28815
0.54764
0.15003
0.23866
1.1424
0.14341
1.4223
0.1489
0.32871
0.075395
0.94564
0.12287
1.0052
0.49014
0.074074
1.1041
0.10388
0.21532
0.14639
0.11744
0.11906
0.2227
0.69259
0.16956
0.47739
0.54795
0.26156
0.42312
0.90711
0.92729
0.32678
0.18948
0.70467
1.325
0.60567
0.45435
0.3839
0.83763
0.14206
0.08716
0.18843
0.51963
0.21334
0.14481
0.18824
0.26522
1.0375
0.1333
0.40906
0.073388
0.60576
0.13642
0.075482
0.40539
0.12325
0.90666
0.82242
0.20298
0.18389
0.24659
0.81175
0.29037
0.27144
0.11487
0.66177
0.3131
0.92836
0.14429
0.29986
0.091888
0.26612
0.32849
0.37729
0.8375
0.12611
0.096181
0.50224
0.94351
0.10237
0.16829
0.32398
0.56761
0.84009
0.33162
0.16664
0.2338
1.1968
0.71067
0.069838
0.26461
0.20889
0.19887
0.12745
0.11117
0.47403
0.13528
0.35615
0.43787
0.47484
0.37743
0.72147
0.42168
0.11443
0.70256
0.12345
1.3007
0.1896
0.82018
0.14268
0.41549
0.38355
0.52031
0.16153
0.46839
0.46296
0.072548
0.19649
0.17652
0.56042
0.1129
0.095545
0.92475
0.27518
0.2503
0.15958
0.094942
0.1171
0.099653
0.10764
0.6302
0.1036
0.23366
0.054501
0.98127
0.34451
0.10518
0.14161
0.25739
0.24245
0.094866
0.17551
0.94218
0.62161
0.073407
0.22428
0.33233
0.75083
0.077786
0.59338
0.16816
0.7534
0.36333
0.095444
0.10878
0.96573
0.62496
0.092445
0.36597
0.17572
0.15183
0.42064
0.091464
0.098085
0.44734
0.30901
0.27144
1.005
0.1013
0.95829
0.12868
0.7712
0.12322
1.199
0.1122
0.094642
0.2644
0.26027
0.84211
0.10332
0.92942
0.89587
1.043
0.11915
0.91709
0.62737
0.11816
1.2634
0.61514
0.16089
0.42304
0.11722
0.10143
0.098032
0.87344
0.3459
0.45992
1.1715
0.069317
0.10578
0.37366
0.35603
0.13814
0.084655
0.31865
0.31631
0.22032
0.14252
0.30402
0.17921
0.6578
0.2931
0.37754
0.17042
0.76274
0.31414
0.16674
0.087535
0.67528
0.69516
0.18674
0.1087
1.0921
0.15185
0.13323
1.2893
0.14596
0.40576
0.89373
0.17283
0.37367
0.55871
0.25264
0.44271
0.20371
0.11509
0.095082
0.13424
0.94556
0.72684
1.091
0.059918
0.84664
0.20055
0.15329
0.11774
0.42434
0.071031
0.29611
0.94697
1.2033
0.58162
0.33926
0.46468
0.39478
0.34018
0.50449
0.5355
1.0344
0.17862
0.10705
0.092075
0.091103
0.43675
0.19607
1.2059
0.48732
0.13191
0.17949
0.97105
0.84935
1.0718
0.19048
0.25831
0.098254
0.19237
1.3121
1.1425
0.98209
0.17888
0.21419
0.067558
0.10531
0.70168
0.39448
0.093407
0.19888
0.33548
0.11878
0.50736
1.1617
0.16246
0.17427
0.99545
0.26958
0.49054
0.12607
0.16259
0.13318
0.18678
0.1671
1.0584
0.11768
0.73845
0.49673
0.39634
0.20824
0.17557
0.82276
0.19238
0.90464
0.34857
0.15113
0.13246
0.58658
0.46895
0.15446
0.20133
0.13857
0.18407
0.76192
0.45431
0.22546
0.22022
0.13989
0.079703
0.17491
0.26894
0.91645
0.15924
0.17577
0.98799
0.17509
0.17502
0.15423
1.1687
0.092713
0.063889
0.076284
0.26527
0.094188
0.5791
0.28221
1.0568
0.10958
0.25128
0.31114
0.096141
0.48138
0.46196
0.65833
0.15433
0.63095
0.095892
0.30211
1.4001
0.38254
0.33562
0.13863
0.13173
1.0891
0.70559
1.2229
0.12425
0.9118
0.27014
0.38179
0.3063
0.15014
0.6503
0.075019
0.3211
0.11876
0.27724
1.2853
0.099658
0.089762
0.67288
0.18945
0.26119
0.12112
0.098459
0.28287
0.11201
0.7665
0.13915
0.89586
0.12446
1.3107
0.27414
0.42995
0.71283
0.10564
0.13578
0.24751
0.082701
0.22061
0.084292
0.077103
0.94018
0.40483
0.12423
0.093629
0.57486
0.30149
0.61008
1.2862
0.48056
0.73296
0.10728
0.88421
0.25891
0.41922
0.1173
1.198
1.2908
0.18482
0.17515
0.69337
0.1071
1.1411
0.13952
0.25905
0.273
0.93519
0.092159
0.17528
0.39166
0.70428
0.20601
0.32519
0.085039
1.0333
0.55691
0.44223
0.469
0.19402
0.3706
0.32084
0.65219
0.25282
0.12534
0.11014
0.072955
0.77265
0.56224
0.15713
0.19326
0.1324
0.6688
1.0384
0.090436
0.94725
0.073516
0.20211
0.16389
0.085539
0.2763
0.33329
0.30578
0.28979
0.2159
1.1977
0.19868
0.59828
0.12464
0.34157
0.1377
1.0073
0.12193
0.52514
0.23479
0.088162
0.64347
0.081973
0.6352
0.37162
0.13158
0.35283
0.12171
0.1484
0.25622
0.32062
0.10884
0.55619
1.134
0.07784
0.079482
0.076481
0.60956
0.34086
0.53156
1.6375
0.10688
0.18917
0.14533
0.094922
0.32894
0.1557
0.90846
0.61446
0.11724
0.32856
0.79448
0.36642
0.15855
0.096536
0.1672
0.12482
0.10859
0.12905
0.25502
0.34716
0.31454
0.16277
1.0491
0.31231
0.085906
0.13631
0.52662
1.1583
0.24604
0.093468
0.1006
0.88029
0.073476
0.53091
1.7211
0.75065
1.2325
0.093594
1.0808
0.98263
0.91021
0.1057
0.23845
1.1727
0.10856
0.1006
0.092287
0.303
0.36244
0.52772
0.44258
0.075054
0.14902
0.76172
0.24254
0.1448
0.2445
1.3085
1.0421
1.5536
0.45628
0.13826
1.2722
0.25732
0.33978
0.13687
0.64484
0.16989
0.58376
0.21091
0.086483
0.15645
0.31704
1.0029
1.2078
0.53739
0.76167
0.64265
0.28678
0.23592
0.68355
0.13255
0.12693
1.0952
0.11935
0.074623
0.27526
0.14506
0.12562
0.32992
0.34044
0.52404
0.6759
0.14974
0.69032
0.90888
0.61733
0.22027
0.95579
0.29975
0.31026
0.1161
0.14207
0.11746
0.26463
0.1259
0.61262
0.34652
0.10966
0.29638
1.0064
1.4542
0.2728
0.10653
0.10818
0.63124
0.25914
0.10167
0.87295
0.10845
0.34125
0.13558
0.65664
0.9983
0.79647
0.51448
0.10746
0.80044
0.13419
0.36486
0.34026
0.10791
0.15352
0.18487
0.085214
0.3782
1.273
1.0727
0.12754
0.13832
0.24067
0.21543
0.094611
0.52025
0.72107
0.16321
0.80726
0.40733
0.11514
0.89919
0.097061
1.1826
0.55628
0.62328
0.62635
0.084336
0.30885
0.85803
0.12582
0.097223
0.1723
0.71822
0.14245
0.62561
0.17701
0.43024
0.43064
0.424
0.56373
0.54501
0.37181
0.13423
0.69721
0.51975
0.41546
0.22762
1.2377
1.2072
0.23026
1.0496
0.071582
0.076253
0.2892
0.20714
0.32437
0.1055
0.54044
1.1308
0.91125
0.16066
0.067391
0.27979
0.3469
0.18009
0.38644
0.35206
0.19678
0.15994
0.10172
0.55665
0.76565
0.13748
0.19067
0.19344
0.84049
0.089313
0.6652
0.86362
0.97417
0.13136
0.53895
1.1642
0.29061
1.3123
1.0567
0.33148
0.1128
0.15133
0.27318
1.51
0.115
0.33391
0.55576
0.24806
0.3172
0.63915
0.15346
0.10728
0.45621
0.23818
0.15246
0.54034
0.1326
0.068334
0.54314
0.16974
0.53667
0.21261
0.27969
1.0873
0.14633
0.17767
0.50609
0.93169
0.15136
0.74513
1.3745
1.5611
0.56682
1.1336
0.29117
0.17322
0.31297
1.0641
0.1798
0.80517
1.1846
1.3621
0.35991
0.23899
0.1089
0.67128
0.14222
0.74638
0.14552
0.71489
1.165
0.59088
0.2459
0.84721
0.31217
0.38996
1.2202
0.19533
0.33172
0.35878
1.2427
1.2405
1.1141
0.39883
0.77754
0.11822
0.11255
0.34932
0.11034
1.1659
0.094396
0.21501
0.23864
0.76485
0.25518
0.17593
0.07916
0.35274
0.48448
0.17549
1.0519
0.064788
0.10938
0.15618
0.31596
0.11373
0.13114
0.79191
0.11651
0.30575
0.23806
0.08738
0.35625
0.72938
0.086968
0.46826
0.57626
0.1837
0.75622
1.0623
1.214
0.18017
0.16607
0.20062
0.13719
0.10021
0.31465
0.51026
0.28973
0.19203
0.26287
0.75206
0.70019
0.22217
0.065938
0.52965
0.1376
1.1431
0.1364
0.27836
0.54403
0.11266
0.51147
0.1221
0.13757
0.90748
0.89691
0.12857
0.26457
0.76981
1.1303
0.18969
0.27984
1.4148
0.095443
0.083044
0.14417
0.48297
1.6615
0.17915
0.10328
0.15964
0.5566
0.13085
0.46983
0.095396
0.11633
0.26948
1.0998
1.1274
0.78977
0.093973
0.24922
0.081182
0.68356
1.1491
1.1935
0.11686
0.13889
0.42488
0.15339
0.25354
0.10974
0.29104
0.16874
1.2705
0.37838
0.62467
0.19626
0.46439
0.21537
0.89194
1.1378
0.12711
0.11864
1.1566
0.40988
1.2192
0.14343
0.10076
0.38162
0.99052
0.37911
1.0469
0.089451
0.62947
0.17633
0.42199
0.15628
0.36459
0.53871
1.1254
0.75814
0.25998
0.073544
0.19109
0.39556
1.2711
0.3576
0.11602
0.10699
1.1862
0.093588
0.23335
1.005
0.12101
0.30623
1.128
0.069985
0.074313
0.081324
0.098475
0.20523
0.86428
0.59906
0.59522
1.3127
0.32413
1.0691
0.85108
0.40404
1.136
1.2678
0.71252
0.09458
0.17718
0.15567
0.28497
0.17083
0.17093
0.59313
0.71475
0.17147
0.12351
0.37498
0.13853
0.34133
0.18565
0.16365
0.99255
1.185
0.24753
0.098877
0.58772
0.15351
0.19401
0.11144
0.2446
0.51174
0.33301
0.9491
0.34337
0.37565
0.1107
0.079792
0.17359
0.17606
0.097716
0.16093
0.20268
0.81464
0.14577
0.1314
1.0786
0.067662
0.16598
0.69134
0.087309
0.4827
0.11614
1.3179
0.229
1.229
0.78093
0.1749
0.24877
1.0785
0.84271
0.24231
0.10482
0.40017
0.85155
0.81771
0.093476
0.23414
0.86785
0.70181
1.2149
0.47933
0.10226
0.11309
0.19727
0.12381
0.097451
0.27506
0.082945
0.86201
0.63034
0.19298
0.074934
0.10153
0.30163
0.75439
1.0228
0.94578
1.4439
0.47289
0.64017
0.85963
0.38767
1.1692
0.083101
1.6452
0.12545
0.08447
0.34127
0.079002
0.3087
0.45398
0.91637
0.36641
0.29224
0.06778
0.71928
0.11117
0.095375
0.31748
0.09751
0.51242
0.096626
0.24383
0.74233
1.6177
0.12953
0.14264
0.12349
0.15533
0.15719
0.20379
0.17687
0.12999
0.31526
0.14789
0.35772
0.28338
0.30912
0.41979
0.16535
0.13152
0.54268
0.078938
0.17858
0.3694
0.96797
0.12435
0.59699
0.17831
0.88628
0.63546
0.91501
0.10823
0.093957
0.42114
0.12957
1.2188
0.18512
0.12973
0.51033
0.092195
0.46276
0.10164
0.1327
0.11819
0.15591
0.31153
0.67523
0.3449
0.92069
0.25094
1.1803
0.14158
0.084934
0.13029
0.54856
0.68028
0.18311
1.0084
0.76403
0.18802
1.0832
0.35779
0.365
0.27579
0.79054
0.44854
0.70796
0.1408
0.59605
1.0696
0.23561
0.42724
0.17633
0.13995
0.81149
0.10101
0.25785
0.40291
0.085399
0.1311
0.74474
0.3684
0.85022
0.14375
0.2514
0.17577
0.20776
0.1533
0.16426
0.32548
0.081607
0.2045
0.12412
0.16647
0.12526
0.75869
1.1595
0.79899
0.69124
0.98329
0.87939
0.14023
1.0784
0.18236
1.0582
0.36434
0.66578
0.2287
0.38508
1.4509
0.26886
0.13391
0.13816
0.34198
0.52346
0.13942
0.37586
0.31574
0.99388
0.80978
1.0669
0.35702
0.29366
1.4427
0.14149
0.26998
0.56113
0.22553
0.22002
0.070238
0.087736
0.58132
0.4845
0.089798
0.80915
0.12401
0.98507
1.0723
0.14509
0.28813
1.3673
0.095818
0.19107
1.1675
0.71199
0.67945
0.22761
0.083005
0.89109
0.14379
0.29504
0.58454
1.1652
0.43349
1.3363
1.1924
0.65408
0.29331
1.322
0.84426
0.11483
0.26829
0.28452
0.31612
0.14908
0.21319
0.53486
0.092749
0.21877
0.15213
0.23653
0.1746
0.18194
1.0783
1.0977
1.1473
0.10006
0.40488
0.34022
0.13021
0.13928
0.2899
0.14917
0.14882
0.25419
0.22247
0.17437
0.11992
0.37955
0.33085
0.11086
1.0068
0.43481
0.16898
0.49209
0.72022
1.2357
0.31437
0.1728
0.18387
0.096434
0.11296
0.083471
1.2174
0.36773
0.14494
0.28456
0.14199
0.31279
0.27534
1.2921
0.091571
0.15018
1.1018
0.13354
0.20473
0.095239
0.096617
0.40407
0.24283
0.17371
0.1125
1.1681
0.15993
0.17854
0.16294
0.34246
0.15646
0.24004
0.43392
0.68864
0.58723
0.27078
0.34618
0.25603
0.21442
0.25957
0.15127
0.21215
0.45206
0.16022
0.53962
0.99529
0.17501
0.20031
0.50232
0.56116
1.0943
0.1855
0.90632
1.2613
0.33967
0.70573
0.34681
0.087073
0.15879
0.077759
0.35517
0.11879
0.2663
0.21001
0.092507
0.18481
0.41648
0.45741
0.26113
0.29333
0.69218
0.30471
0.11029
0.20368
1.0989
0.099582
0.36542
0.3452
0.1348
0.45256
0.52858
1.1813
0.37204
0.79953
0.10701
0.40785
0.15249
0.34722
0.25361
0.087796
0.57793
0.14488
0.26461
0.55241
1.1153
0.17293
1.5238
0.34099
0.47846
0.1421
0.13628
1.1983
0.67559
0.14267
0.097606
0.63653
0.68915
0.18568
0.35837
0.1322
0.15267
1.6066
0.16764
0.31436
0.54071
0.1152
0.19781
0.39898
0.92906
0.14568
0.35604
1.0656
1.2456
0.23147
0.7461
0.19173
0.33883
0.48437
1.1946
0.71241
0.3849
0.11277
0.12565
0.16207
0.3955
0.18447
0.83752
1.0359
0.16765
0.81892
0.16951
0.10779
0.17591
1.1678
0.09012
0.087025
1.1813
0.4426
0.92312
0.15575
0.20951
0.19115
0.098791
0.10252
0.9111
0.20114
0.20216
0.086991
0.12115
0.2423
0.44255
1.2099
0.12536
0.12644
0.16359
0.14487
0.81914
0.10277
0.086396
0.39516
0.12336
0.0832
0.57846
0.16987
0.64168
0.41268
0.81098
0.74489
0.25124
1.044
0.39111
0.12822
0.15099
0.38827
0.30654
0.64407
1.229
0.49765
0.096438
0.22021
0.21436
0.49542
1.0985
0.12722
0.22742
0.54111
0.30032
0.55354
0.15791
0.34402
0.1002
0.2208
0.16432
0.5945
0.23912
0.097654
0.17273
0.33981
1.1792
0.23613
1.3546
0.37145
1.1325
0.77539
0.3453
0.48347
0.22636
0.10427
0.16554
1.5322
1.0431
0.38698
0.10628
0.50039
0.43996
0.14984
0.11048
0.11902
0.084403
0.98698
0.84833
0.25991
0.069044
0.18074
0.1063
0.078766
0.078855
0.12764
0.16302
0.075713
0.33512
1.1151
0.19752
1.0475
1.0514
0.11659
0.16973
0.25969
0.1536
0.34524
1.1203
0.21846
0.69225
0.22639
1.2272
0.26933
0.42902
0.08686
0.41271
0.10651
0.10744
0.34807
0.21335
0.15238
0.15409
0.10806
0.28891
0.16517
0.090496
0.15898
0.40774
0.16728
1.0316
0.21115
0.34835
0.10517
1.101
0.18091
0.56183
0.614
0.24193
0.82222
0.3158
0.75761
0.20099
0.10077
0.082454
1.169
0.54564
0.10699
0.10011
0.29378
0.15201
0.55479
0.98016
0.22732
0.20459
0.28998
0.12061
1.0817
0.15958
0.36694
0.10102
0.19884
0.61173
0.47831
0.86641
0.13672
0.17315
1.1175
0.73827
0.21383
0.63753
0.27464
0.17085
0.079498
0.39493
0.97855
1.2157
0.51811
0.12323
0.29904
0.44236
0.20813
1.1693
0.16339
0.32355
0.18308
0.1651
0.91687
0.1319
0.17047
0.25402
1.3186
0.26859
0.14608
0.093081
0.098378
0.73043
0.12295
0.9437
1.0953
0.26985
0.54519
0.14283
0.12744
0.11617
0.13928
0.52153
0.11933
0.097876
0.2282
0.23578
0.17749
0.83526
0.88424
0.14805
0.27633
1.1411
0.15306
0.092794
0.073858
1.0908
0.20903
0.063583
0.13397
0.71338
1.2314
0.084497
0.11826
0.10658
0.45915
0.74603
0.22662
1.1934
0.32987
0.7049
0.68423
0.74511
0.10424
0.3404
0.23897
0.6817
0.13526
0.89829
0.4311
0.67864
0.25823
0.45908
0.1854
1.273
1.0144
0.25458
0.24154
0.18376
0.12994
0.36795
0.24096
0.57328
1.2495
1.1259
0.28202
0.85788
0.91607
0.23577
0.16693
0.691
0.34257
0.63013
0.53733
1.2511
0.41015
1.1738
0.10395
0.44697
0.075585
0.35258
0.24494
0.12179
0.58416
0.11365
0.27373
1.1491
0.42153
0.11104
0.43108
0.4068
0.29329
1.328
0.28994
0.40842
0.33308
1.053
0.38589
0.91775
0.56423
0.1523
0.14695
0.37395
1.1869
1.7102
0.3094
0.38679
0.22993
0.087614
0.088164
0.080456
0.44109
1.1073
0.17219
0.14687
0.2045
0.36024
0.21185
0.10832
0.069277
0.74146
0.21414
0.06875
0.23721
0.88752
0.1624
0.079618
0.19244
1.402
0.086306
0.081906
0.37736
0.071961
0.43977
0.23043
0.81934
0.11738
0.3246
0.12322
0.1618
0.75928
0.24358
0.064904
0.13989
0.87823
1.6362
0.12959
0.71958
0.18264
0.38464
0.4335
0.064534
0.14424
0.73388
0.11082
0.12399
0.19963
0.76304
0.50321
0.18903
1.1636
1.092
0.14389
0.35232
0.7774
0.062774
0.062321
1.2688
0.13391
0.80293
0.17266
0.14586
0.22008
0.2741
0.17685
0.88985
0.25156
0.19998
1.1285
0.14185
1.275
0.28901
1.181
0.43471
0.59592
0.16935
0.74938
0.38069
0.12743
0.74328
1.1979
0.26033
0.39173
0.62513
0.16991
0.17054
1.0057
0.28096
0.93211
0.48664
0.31137
0.60635
0.76874
0.56633
0.096672
0.82262
0.41239
0.63547
0.58104
0.65528
0.73995
0.11873
0.31613
0.12382
0.18112
1.2517
0.49333
0.14114
0.10062
0.66806
0.54635
1.0459
0.065738
0.11594
0.90559
0.081078
0.11388
0.11151
0.91883
0.32384
0.11904
0.52903
1.246
0.34735
0.069182
0.21722
1.0524
0.11898
0.084363
0.32038
0.71428
1.0532
0.69109
0.55621
0.42392
0.85682
1.1119
0.3177
0.27076
0.34324
0.35214
0.11394
0.53144
0.48441
0.56435
0.32524
0.092566
0.36925
0.20008
0.4699
0.3772
0.78527
0.070908
1.0163
0.12414
0.30116
0.12041
1.169
0.5659
0.17526
0.45334
0.1061
0.35889
0.1887
0.7499
0.10051
0.082608
0.2156
0.34975
0.090165
1.2418
0.19814
0.60958
0.62762
1.4103
0.20425
0.27107
0.70224
0.96851
0.54579
0.24543
0.46821
0.93921
0.12982
0.62511
0.53728
1.0395
0.96559
0.91148
0.42622
0.76626
0.90568
0.99882
0.18231
0.14277
0.41535
0.20624
0.55815
0.27276
0.52509
0.89107
0.20163
1.2821
0.24069
0.4805
0.24485
0.2363
0.45857
0.093751
0.55732
0.1913
0.83793
0.32126
0.94893
0.61437
0.24226
0.11071
0.49331
0.11388
0.68544
0.21024
1.1314
0.17881
0.14096
0.94519
0.44685
0.6943
0.18084
0.19879
0.49332
0.25287
0.24234
0.30576
0.076697
0.20807
0.84698
0.078246
0.7312
0.092578
0.43548
0.41702
0.9978
0.12329
0.23819
0.52783
0.86255
0.071871
0.13697
0.24827
0.12385
0.52671
0.36692
0.46821
0.1387
1.039
0.88565
0.44256
0.15707
0.67236
0.38635
1.2192
0.30258
0.81674
0.31924
0.18123
0.43894
0.26874
0.096239
1.2229
0.14642
0.73793
0.14715
0.21575
1.6457
1.2747
0.11441
0.084675
0.39687
1.2577
1.4315
0.86808
0.17662
0.087894
0.34014
0.081663
0.24521
0.17183
0.66965
0.44015
0.069626
0.69119
0.88292
0.23207
0.092009
0.93121
0.15545
0.7294
0.11479
0.97445
0.22455
0.69828
0.083461
0.65273
0.15911
1.4541
0.17723
0.41862
0.88762
0.46705
0.085131
0.076944
0.24785
0.60967
0.2115
0.13721
0.91105
0.1065
1.0986
0.65146
1.1248
0.076519
0.1465
0.15725
0.68111
0.79072
0.63691
0.70371
0.50889
0.2389
0.56593
0.3389
0.072101
0.24294
1.0918
1.1593
0.32655
0.31056
0.76269
0.60438
0.13976
0.7456
1.0375
0.41448
0.47886
1.1916
0.099602
0.16706
0.16061
0.092108
1.1327
0.13108
0.29914
0.17429
0.18673
0.18678
0.20548
0.16176
0.24126
0.086502
0.66589
1.1571
0.85554
0.11424
0.1802
0.53476
0.33706
0.14393
0.16858
0.65583
0.5298
0.17962
0.15396
0.18647
0.21033
0.25981
0.13073
0.14465
0.62234
1.0041
0.20881
0.45612
0.082208
0.25025
0.25
0.37119
0.14512
0.17018
0.67142
0.12732
0.2231
0.60172
0.29114
0.25728
0.11577
0.147
0.38659
0.44029
1.3167
0.25778
0.23075
0.088684
1.1939
0.16546
0.42952
0.12651
0.13371
0.99658
0.18725
0.1369
0.11453
0.13199
0.071441
0.16815
0.43447
0.37444
0.082135
0.19055
0.27801
0.36978
0.22704
0.29252
0.30967
0.1078
0.72515
0.43346
0.22009
1.2654
0.1858
0.45337
1.2488
0.45761
0.12949
0.082947
0.21063
0.45226
0.14348
0.24874
0.12973
0.18106
0.16851
0.28687
0.83245
0.16429
0.25202
0.24565
0.21555
1.6401
0.21185
0.26184
1.1019
0.15557
1.0299
0.47647
0.27397
0.69831
0.10974
0.7678
0.16643
1.0181
0.30621
1.1956
0.17677
0.70596
1.1268
0.48401
1.2262
0.14805
0.74398
0.25997
0.76735
0.20609
0.5707
0.45713
0.23157
0.68605
1.0606
0.52606
0.3742
0.78151
0.14879
0.077926
0.27628
0.15862
0.23154
1.1666
0.70221
0.21111
0.34737
0.55429
1.1384
0.59158
0.094099
0.50716
0.16755
0.37982
1.0848
0.83836
1.1775
0.15003
0.58481
0.22038
0.55368
0.16569
0.16638
0.84761
1.6513
0.59899
0.19228
0.050715
0.19385
0.52396
1.1041
0.10833
0.26009
0.98413
0.051025
0.10943
0.15032
0.90406
0.16956
1.076
0.20284
0.43493
0.13743
0.62469
1.134
0.26281
0.18135
0.15892
0.13266
0.21264
0.44424
0.28475
0.19082
0.63238
0.83586
0.85618
0.15856
0.39787
0.092126
0.068165
0.33956
0.46479
0.1333
0.091013
0.16292
0.8563
0.13642
0.8857
0.92503
0.25314
1.1699
0.17629
0.21954
0.070087
0.69119
0.14225
0.13329
0.11518
0.40881
0.5609
0.15403
0.098684
0.1082
1.5003
0.5952
0.14215
0.072421
0.16534
0.21817
1.0646
0.8804
0.91181
0.8923
0.58917
0.089941
0.14683
0.197
0.093843
0.21263
0.35187
0.63564
1.1143
0.38167
0.35772
0.26461
0.26138
0.48601
0.073477
0.23427
0.344
0.59026
0.10978
0.58101
0.27193
0.10351
0.16127
0.062014
0.12781
0.40504
0.90982
0.8373
0.98712
0.32399
0.33456
0.3283
0.89985
0.94237
0.73977
0.46839
0.46296
1.1612
0.36355
0.53368
0.32228
0.11425
1.0867
0.6303
0.16531
0.30532
1.1269
1.3333
1.0363
0.13459
0.34936
0.55743
0.075534
0.11848
0.08076
1.0773
1.2139
0.09615
0.18104
0.25739
0.205
0.29791
0.18344
0.67173
0.19893
0.84794
0.22428
1.0457
0.9053
1.0775
0.49349
0.074341
1.1631
0.87242
0.52662
0.52558
0.13293
0.39653
0.46008
0.18981
0.14303
0.70787
0.093839
0.34863
0.50457
0.069047
0.31637
0.58922
0.12748
0.083278
0.46132
1.1598
0.74601
1.3805
0.34572
0.44919
0.16419
1.1224
0.088579
1.6763
0.45933
0.1156
0.093913
0.50139
0.61387
0.91709
0.078822
0.74074
0.22116
0.41992
0.094695
0.47124
0.11601
0.15695
1.1282
0.57422
0.3477
0.45992
1.308
0.069317
0.45427
0.10016
0.094438
0.065142
0.084655
0.1195
0.12584
0.3433
0.37476
0.92951
0.21818
0.6578
0.10566
1.0711
1.0476
0.48416
1.1895
0.097285
0.59017
0.31919
0.098356
0.18674
0.70302
0.58559
0.11138
0.15774
0.43827
0.38944
1.2812
1.1594
0.14678
0.2142
0.55871
0.11352
0.071766
0.20371
0.88552
1.1505
0.20926
0.23327
0.65964
0.16911
1.2174
0.168
1.5097
0.16408
0.11774
0.067598
0.096506
0.29611
0.94697
1.2033
0.58162
0.33926
0.46468
0.39478
0.34018
0.50449
0.5355
1.0344
0.17862
0.10705
0.092075
0.091103
0.43675
0.19607
1.2059
0.48732
0.13191
0.17949
0.97105
0.84935
1.0718
0.19048
0.25831
0.098254
0.19237
1.3121
1.1425
0.98209
0.17888
0.21419
0.067558
0.10531
0.70168
0.39448
0.093407
0.19888
0.33548
0.11878
0.50736
1.1617
0.16246
0.17427
0.99545
0.26958
0.49054
0.12607
0.16259
0.13318
0.18678
0.1671
1.0584
0.11768
0.73845
0.49673
0.39634
0.20824
0.17557
0.82276
0.19238
0.90464
0.34857
0.15113
0.13246
0.58658
0.46895
0.15446
0.20133
0.13857
0.18407
0.76192
0.45431
0.22546
0.22022
0.13989
0.079703
0.17491
0.26894
0.91645
0.15924
0.17577
0.98799
0.17509
0.17502
0.15423
1.1687
0.092713
0.063889
0.076284
0.26527
0.094188
0.5791
0.28221
1.0568
0.10958
0.25128
0.31114
0.096141
0.48138
0.46196
0.65833
0.15433
0.63095
0.095892
0.30211
1.4001
0.38254
0.33562
0.13863
0.13173
1.0891
0.70559
1.2229
0.12425
0.9118
0.27014
0.38179
0.3063
0.15014
0.6503
0.075019
0.3211
0.11876
0.27724
1.2853
0.099658
0.089762
0.67288
0.18945
0.26119
0.12112
0.098459
0.28287
0.11201
0.7665
0.13915
0.89586
0.12446
1.3107
0.27414
0.42995
0.71283
0.10564
0.13578
0.24751
0.082701
0.22061
0.084292
0.077103
0.94018
0.40483
0.12423
0.093629
0.57486
0.30149
0.61008
1.2862
0.48056
0.73296
0.10728
0.88421
0.25891
0.41922
0.1173
1.198
1.2908
0.18482
0.17515
0.69337
0.1071
1.1411
0.13952
0.25905
0.273
0.93519
0.092159
0.17528
0.39166
0.70428
0.20601
0.32519
0.085039
1.0333
0.55691
0.44223
0.469
0.19402
0.3706
0.32084
0.65219
0.25282
0.12534
0.11014
0.072955
0.77265
0.56224
0.15713
0.19326
0.1324
0.6688
1.0384
0.090436
0.94725
0.073516
0.20211
0.16389
0.085539
0.2763
0.33329
0.30578
0.28979
0.2159
1.1977
0.19868
0.59828
0.12464
0.34157
0.1377
1.0073
0.12193
0.52514
0.23479
0.088162
0.64347
0.081973
0.6352
0.37162
0.13158
0.35283
0.12171
0.1484
0.25622
0.32062
0.10884
0.55619
1.134
0.07784
0.079482
0.076481
0.60956
0.34086
1.1144
0.13269
0.65841
0.73347
0.089148
0.21867
0.099683
0.35183
0.076509
0.63305
0.11724
0.32856
0.79448
1.138
0.2431
0.35763
0.15068
0.3291
0.37368
0.43225
0.93632
1.1712
0.13601
0.16277
1.0491
0.22378
0.085906
0.13631
0.22038
0.63528
0.15117
0.16661
0.24703
0.73342
0.96849
0.24828
0.2134
0.71949
0.086352
0.94211
0.76701
0.30065
0.36821
0.55614
0.49078
0.27201
0.10856
0.53002
0.092287
0.14117
0.075875
0.31596
0.33154
0.48517
0.45328
0.14764
0.24254
0.22762
1.2803
0.26537
0.13567
0.099379
0.45052
0.12581
0.1817
0.087155
0.21526
0.41986
0.092797
0.11462
0.10358
0.38816
0.18927
0.15645
0.25214
0.10153
0.19069
1.4821
0.15301
0.64265
0.45842
0.087541
0.63353
0.2853
0.12702
0.84134
1.0211
1.0146
0.51831
0.73258
0.12562
0.32992
0.19007
0.20734
0.6759
0.4785
0.13204
0.14905
0.48387
1.2071
0.9398
1.0193
0.09632
0.74824
0.94931
0.44073
0.20935
0.1259
1.2317
0.077518
0.40041
0.61021
0.23791
1.4542
1.2584
0.083341
0.29151
0.085113
0.17863
0.91778
0.37065
0.10845
0.34125
0.69064
0.46122
0.12345
0.31013
0.46731
0.070091
0.15957
0.14141
0.3457
0.34026
0.26123
0.73218
0.48854
1.1376
0.48271
1.273
0.61103
1.1555
0.39326
0.55572
0.49386
0.10815
0.23172
0.77646
0.50726
0.80964
0.23687
0.35098
0.48162
0.097061
0.68261
0.5062
0.092224
0.85747
0.083019
0.25332
0.24303
0.12582
0.34468
0.32123
1.16
0.99901
0.22773
0.29318
0.83618
0.26489
0.30439
0.76501
0.93162
0.2241
0.43389
0.1365
0.2026
0.25964
0.22762
1.1594
0.95202
0.095408
0.91585
0.27761
0.67598
0.11626
0.30831
0.68046
0.82091
0.25062
0.95846
0.79778
0.28194
1.0981
0.31869
0.57933
0.22036
0.10577
0.44745
1.0574
0.17255
0.10172
0.85381
0.1641
0.13748
0.69094
0.086838
0.26195
0.1097
0.082374
0.1111
0.10758
0.25265
0.53895
0.15266
0.095035
0.81401
0.19224
0.16249
0.52593
0.19422
0.16376
1.51
0.12354
0.10598
0.55576
0.32095
0.3172
1.0344
0.21517
0.36595
0.62769
0.31498
0.16713
1.2025
0.14589
0.46383
0.10848
0.14307
0.63603
1.2945
0.11392
0.33407
0.16766
0.13332
1.1416
0.097676
0.15136
0.14416
0.60484
1.5611
0.1409
0.072989
1.0524
0.17646
0.37043
0.11719
0.2576
0.2459
0.40301
0.5147
0.42145
0.37345
0.72246
0.080235
0.45903
0.33257
0.15953
0.17519
0.14459
0.12512
0.19362
0.7927
0.31217
0.077162
0.86649
0.19533
0.13597
0.15766
0.25604
1.1036
0.11767
0.38882
0.35197
0.14041
0.33971
0.3941
0.83294
0.16045
0.096154
0.13744
0.8755
0.76485
0.25518
0.58604
0.18925
0.9263
0.22731
0.14574
0.52522
0.24905
0.75923
0.086904
0.19322
0.12902
0.50033
0.092833
1.0756
1.6161
0.76173
0.46475
0.23195
0.72938
0.30412
1.144
0.26347
0.10715
0.75622
0.17174
0.63667
0.096015
0.2261
0.12408
0.26926
0.49556
0.090227
0.99795
0.29846
0.086051
0.099568
0.08673
0.46869
0.67682
0.065938
1.2942
0.11466
0.27831
0.40791
0.52426
0.54403
0.20143
0.187
0.10761
0.22086
0.13088
0.17986
0.093623
0.20927
0.32467
0.45697
0.24355
0.12126
1.4148
0.16836
0.79449
0.23635
1.2373
0.13655
0.7851
0.41053
0.15964
0.23535
0.28209
0.10736
0.50232
0.73192
0.21958
0.1582
0.17744
1.404
0.090176
0.24922
0.65313
0.182
0.42816
0.36983
0.13443
0.13889
0.14957
0.42452
0.39216
0.11996
0.3112
0.21995
0.13757
0.24115
1.0816
0.15019
0.13107
0.21264
1.0807
0.53886
0.11781
0.87309
0.30419
0.1472
0.69662
0.08423
1.1351
0.15487
1.3275
0.37911
0.81505
0.52695
0.074602
0.3782
0.76382
1.2149
0.47152
0.29247
0.15849
0.42249
0.24868
0.073544
0.90885
0.15475
0.32232
1.0741
0.14208
0.59686
0.27549
1.0742
0.36428
0.3035
0.71289
1.1342
0.29768
0.23668
0.087061
1.0019
1.2916
0.20523
1.0993
0.59906
1.0063
0.28598
0.32413
0.64369
0.18694
0.91423
0.17537
1.5965
0.9592
0.09458
0.21971
0.14794
0.19909
0.17083
0.35628
0.40145
0.71475
1.5925
0.27771
0.32964
0.089986
0.15143
0.18065
1.087
0.34371
0.37779
0.11459
0.5938
0.19133
0.088281
0.23446
0.45003
0.21045
0.3312
0.33301
0.63843
0.34337
0.083548
0.64312
0.27468
0.17359
1.1685
0.18714
0.61548
1.2145
0.12295
0.14577
0.1801
0.98539
0.22101
0.079648
0.16034
0.26325
0.23299
0.088539
0.32915
0.26097
1.229
0.20314
1.2671
0.1416
0.070116
0.45704
0.25813
0.13283
0.44752
0.10362
0.99304
1.0287
0.33297
0.86785
0.11124
0.29838
0.7333
0.64292
0.14733
0.18446
0.070079
0.10077
1.0819
0.91216
0.20839
0.84882
1.3675
0.70845
0.073586
0.20164
0.11398
0.30821
0.15089
0.24906
0.47289
0.14017
0.74061
0.077812
0.94499
0.83761
0.25768
0.56358
0.54903
0.60888
0.64478
0.1775
0.080054
1.331
0.62067
0.45637
0.16558
0.14781
0.17825
0.11833
0.57696
1.0425
1.2793
0.13598
1.1438
0.74233
0.93651
0.63643
1.0396
0.12349
0.31209
0.84347
0.14906
0.13385
0.29974
0.24003
0.14789
0.35772
1.2219
0.11463
0.41979
0.076314
0.69541
0.27816
1.301
0.10717
0.1233
0.51222
0.23925
0.44572
0.65736
0.67223
1.2016
1.1702
0.39274
0.92156
0.10138
0.33226
0.301
0.11498
0.98371
0.09391
0.066524
0.85226
0.31311
0.098384
0.20257
0.17466
0.40934
0.92172
0.3449
1.094
0.24806
0.66157
0.14158
0.86389
0.13029
0.22827
1.5455
0.18311
0.64049
0.068132
0.46222
0.11766
1.2197
0.23725
0.27579
1.1611
0.28753
0.70796
0.56307
0.23558
1.0331
0.15825
0.39054
0.13605
0.76618
0.36341
0.65859
0.11899
0.070516
0.28988
0.1605
0.69007
1.0083
1.416
0.22123
0.13158
0.36714
0.086826
0.12712
1.3473
0.7185
0.27704
0.6144
0.98133
0.19418
0.65327
0.14864
0.40207
0.30283
0.49283
0.81863
0.73489
0.38032
0.20047
0.078907
0.47564
0.94492
0.24779
0.74581
1.5191
0.077845
1.0691
0.094156
0.76647
0.056391
0.33626
0.26406
0.37586
0.25558
0.07794
0.052781
0.073563
0.31557
0.30025
0.402
0.22719
0.47995
0.11978
0.97652
0.22002
0.070238
0.91196
0.13956
0.070749
0.42415
0.20991
0.3345
0.45061
0.075472
0.14054
0.13625
0.77903
0.60128
0.093955
1.1675
1.1323
0.28305
1.0465
1.1766
1.1145
0.1237
0.3122
0.98527
1.1301
0.43349
1.3363
0.3921
0.84971
0.23462
0.37595
0.74688
1.4674
0.22331
0.25872
0.31612
0.1264
0.20493
0.41571
0.092749
0.65127
0.84306
0.11305
0.1746
0.18194
0.087019
0.080734
0.2694
0.15587
0.40488
0.097463
0.133
0.10259
0.08175
0.42452
0.10948
0.25419
0.29566
0.20615
0.09067
0.064476
0.33309
0.10602
0.22111
1.1675
0.39845
0.86286
0.10899
0.24716
0.10569
0.097766
0.16243
0.096434
1.0886
0.29336
0.22357
0.58224
1.2187
0.28456
0.49491
0.15796
0.33579
0.45358
0.29424
0.15018
0.18217
0.96898
0.23889
0.53406
0.25391
0.31447
0.24283
0.1114
0.1526
1.1681
0.098622
0.22358
0.5402
0.23529
0.15646
0.15239
0.43392
0.083237
0.7234
0.66888
0.69485
0.80601
0.12699
0.83876
0.15127
0.70122
0.44085
0.87312
0.53962
0.10346
0.88841
0.13003
0.093321
0.31513
0.13027
0.091895
0.12634
0.11665
0.94576
1.208
0.33686
0.067069
0.30241
0.65815
0.63627
0.21763
0.76457
0.12911
1.1276
0.18481
0.25379
0.1698
0.093272
0.11735
0.13282
0.12421
0.11029
0.1269
1.0989
0.56887
0.18558
0.62418
0.1348
0.63593
0.52858
0.28845
0.53539
0.69772
0.8328
0.40785
0.15249
0.34722
0.32026
0.28218
1.1687
0.42274
0.16445
0.55241
0.44557
0.98055
1.5238
0.27199
0.11088
0.1421
0.50642
0.25324
0.16525
0.22181
1.2506
0.42448
1.2552
0.18568
0.15707
0.053699
0.31355
0.39467
0.16764
0.34305
0.099269
1.0094
0.30245
1.2319
0.35413
0.92304
0.35604
0.2518
0.28868
0.26076
0.13121
0.4374
0.19652
0.1126
1.1946
0.30919
0.077979
0.39315
1.0233
0.28842
0.3955
0.15687
0.14155
1.0359
0.17613
0.23909
0.24719
0.29305
0.79538
0.23228
0.28324
0.39612
0.10288
1.2458
0.92312
0.15575
0.99656
0.19115
0.41663
0.091468
0.19956
0.6827
0.20216
0.16791
0.91888
0.93586
0.15321
1.2458
0.12536
0.49341
0.91654
0.075381
0.28841
0.10277
0.27603
0.68104
0.12336
0.23546
0.079171
1.0719
0.64168
0.086439
0.37794
0.17347
0.25124
0.1722
0.11588
0.29768
0.15099
0.212
0.79966
1.0301
0.28645
0.49765
0.1147
0.22021
0.58206
0.20581
0.20109
0.10799
0.12427
0.10111
1.1863
1.0414
0.73735
0.34402
0.18021
0.49992
0.62152
0.33923
0.15654
0.097654
0.27849
0.29881
0.16449
0.086043
0.17669
0.090534
1.1325
0.34719
0.091042
0.38156
1.1087
0.12924
0.16554
0.22733
0.26486
0.15612
0.15203
0.78441
1.2539
0.14984
0.30414
0.10599
0.65202
0.51038
1.0494
0.10987
0.22682
0.2499
0.1063
1.4518
0.23265
0.98494
0.24109
0.095451
1.1994
0.18621
0.098257
0.28301
0.16821
0.35559
0.81243
1.0243
0.31981
0.57907
0.17684
0.078676
1.152
0.68979
0.27493
0.66992
0.42902
0.33984
0.41271
0.06367
0.10736
0.10524
1.1306
0.12304
0.99148
0.13279
0.21382
0.47499
0.36509
0.18576
0.17756
0.29409
0.17942
0.19595
0.078967
0.50466
0.22145
0.089235
0.16304
1.0033
1.1058
0.18174
0.51211
0.08691
0.40235
0.24431
0.20466
0.42631
0.17839
0.32618
1.0089
0.29378
0.35862
0.51211
0.092157
0.28324
1.1051
0.75071
0.17963
1.0817
0.15958
0.4945
0.29539
0.15822
0.61173
0.13555
0.17491
0.83335
0.34793
0.13511
0.41883
0.6602
0.57947
0.061371
0.37634
0.098729
0.12494
0.97855
0.17772
0.4892
0.12323
1.054
0.087226
0.20813
0.8212
0.67318
0.094791
0.083359
0.084777
1.0703
0.1251
0.93453
0.087036
0.74213
0.91506
0.88956
0.093081
0.32365
0.10529
1.0627
0.13411
1.0953
0.60715
0.2897
0.66203
0.89367
0.11617
0.73034
0.69089
0.90213
0.17889
1.0876
1.1997
0.23968
0.096614
0.20495
0.668
1.2352
0.6925
0.22463
0.11654
0.66531
0.54885
0.33123
0.50028
0.28879
0.79146
1.6101
1.1196
0.32708
0.1601
0.13309
0.74603
0.14764
0.089886
0.69046
0.28611
0.45191
0.0923
0.25281
0.55661
0.5702
0.6817
0.36293
0.89829
1.0333
1.5905
0.18904
0.45908
0.331
1.1953
1.0912
0.25458
1.0732
0.14987
0.12994
0.36795
0.39878
1.1073
0.14101
0.52139
0.14043
0.96629
0.10555
0.34454
0.2038
0.691
0.2564
0.24091
0.15209
0.91606
0.41015
1.1345
0.33102
1.1741
1.1331
0.97921
0.08066
1.1705
0.13128
0.80846
0.094144
0.54863
0.19032
0.55002
0.43108
0.4068
0.29329
0.12063
0.99942
0.88306
0.33308
1.1316
0.1628
1.1261
0.56423
0.56973
0.90204
0.2478
0.38649
0.17917
0.41097
0.18769
0.47979
0.078665
0.088164
0.14167
0.50326
0.40399
0.3611
0.40013
0.19749
0.16911
0.29552
0.69543
0.17475
0.70719
0.15176
0.46558
0.27192
0.74508
0.12506
0.83224
0.25677
0.2739
0.56924
0.76893
1.0525
0.09818
1.2153
0.21014
0.17012
0.22841
0.073676
0.097524
1.0775
0.10521
0.12567
0.26144
0.12025
0.54445
0.26161
0.12959
0.10456
0.65295
0.34902
0.43341
0.12269
0.073661
0.73388
0.19754
0.63836
0.090092
0.91686
0.13341
0.39452
0.45555
0.10616
0.2359
0.11748
1.078
0.062774
0.67024
0.22542
0.12581
0.80293
0.60545
0.21906
0.28797
0.43177
0.4861
0.2672
1.1036
0.19998
0.10753
0.14185
0.19412
0.09787
1.0589
0.43236
1.2105
0.48391
0.74938
0.19148
0.15952
0.33283
0.065385
0.097826
0.0726
0.32036
0.76932
1.1408
0.32935
0.30956
0.34713
0.49056
0.11284
0.45269
0.22995
0.088534
0.69867
0.51449
0.070492
0.32556
0.37313
0.16252
0.38011
0.96676
0.8585
0.4845
0.10407
1.0238
0.11332
0.55956
0.98789
0.23452
0.087725
0.36328
0.47294
0.80886
0.3663
0.081078
0.26247
0.20345
1.127
0.098105
0.41293
0.25562
0.45796
0.074504
0.09614
0.17266
0.97338
0.84843
1.2856
0.81516
0.12357
0.12854
0.08315
0.55621
0.17366
0.10366
1.0302
0.3177
1.2029
0.31669
0.17152
0.59308
0.096651
1.1403
1.1806
0.18519
1.0742
0.18523
0.20008
0.65256
1.1153
1.2791
0.22812
1.0163
0.84097
0.15578
0.12041
0.24364
1.1776
0.17526
0.21502
0.20913
0.74261
0.11196
0.7499
0.21884
0.34901
0.17581
0.079209
0.090165
0.17757
0.20157
0.56898
0.62762
0.68945
1.3303
0.88403
0.38344
1.2532
0.23813
0.54152
0.29933
0.42603
0.35576
0.62511
0.23449
1.0395
0.10145
0.093494
0.50774
0.10972
0.17975
0.67216
0.097228
0.14277
0.41535
1.095
0.55815
1.2484
0.07353
0.59979
0.20163
0.37477
0.16919
0.81468
0.24485
0.19692
0.85544
0.093751
0.81147
0.07209
0.72706
0.3917
0.21461
0.066689
0.24226
0.2757
1.1945
0.74546
0.27496
0.11509
0.68451
0.17881
0.10056
0.31945
0.20488
0.12256
0.18084
0.11118
0.49332
0.31714
0.094645
0.21601
0.29392
0.65469
0.16036
0.078246
1.1158
0.30915
0.18528
0.41702
1.2957
0.14334
0.13612
0.10083
1.5029
0.071871
0.94986
0.42549
0.62371
0.15095
0.36692
0.70102
0.076557
0.96251
0.17188
0.27147
0.12318
0.38618
0.46657
0.53751
0.46857
0.38039
0.13562
0.18123
1.133
0.12338
0.096239
0.5149
0.75787
0.081227
0.70497
1.1725
0.18409
0.93771
0.8378
0.87223
0.14422
0.27896
1.139
0.68746
0.2729
1.3139
0.094836
0.68419
0.064194
0.64672
0.33777
0.53481
0.11585
1.1622
0.23823
0.13078
0.092009
0.089621
0.17499
0.18046
1.15
0.10372
0.096883
0.16583
1.0333
0.16299
1.1471
1.4541
0.75942
0.13388
0.13432
0.088967
0.72045
0.7539
0.23883
1.0352
0.678
0.49462
0.29612
0.13905
0.095641
0.95625
0.56896
0.91006
1.1314
0.12008
0.10583
0.79072
0.19587
0.84169
1.0119
0.10723
1.0836
0.12978
0.21069
0.15368
0.13247
0.089993
0.099141
0.11237
0.33146
0.60438
0.10114
0.22692
0.18281
0.31719
0.32218
0.75369
0.67104
0.18067
0.13362
0.25412
0.42286
0.13108
0.17752
0.1478
0.24836
0.2429
0.23984
0.52306
0.64491
0.50725
0.88556
0.62271
0.21722
0.11424
1.1074
0.90743
0.41404
0.53756
0.094
0.12499
0.14965
1.157
0.46183
0.18647
0.21033
0.60992
0.40756
0.22498
0.27023
1.2233
0.27637
0.75607
0.095211
0.17164
0.45741
0.62013
0.37212
1.0922
0.23346
0.71086
0.093452
1.039
0.68805
0.71213
0.10705
0.10877
0.077799
0.25079
0.16466
0.18368
0.18564
0.93224
0.60938
0.30541
0.42952
0.56626
0.16882
0.08667
0.44151
0.11939
0.066704
1.0566
0.18622
0.90901
0.3145
0.33037
0.12581
0.14155
0.076405
0.40494
0.25371
0.29252
0.10429
0.55633
0.22686
0.46799
0.12773
0.24405
0.95895
0.079009
0.2876
0.21984
0.10175
0.09836
0.68358
0.22004
0.18207
0.10619
0.10586
0.25632
0.16851
0.16267
0.32804
0.3542
0.15411
0.43277
1.6162
1.6401
0.42537
0.62422
0.078984
1.1057
0.11034
0.11276
1.0025
0.22629
0.14943
0.70959
0.71569
0.55487
0.1756
0.24004
1.0195
0.36025
0.073142
0.4982
1.4808
0.65763
0.419
0.11564
0.76735
0.64079
1.0442
0.87199
1.001
0.68605
0.25551
1.6187
0.10215
1.2237
0.1282
0.77759
0.33721
0.083905
0.40939
0.43242
0.70221
0.1057
0.31594
0.33158
0.096302
0.056718
0.16853
0.17014
0.3323
0.37982
0.41076
0.83836
0.099706
0.88721
0.11474
0.2301
0.27162
0.14589
0.16638
0.30859
1.6513
0.11408
0.26503
0.082915
0.28321
0.22104
0.095396
1.1522
0.10689
0.14025
0.1833
0.13347
0.091799
0.75562
0.61962
0.3525
0.070183
0.77031
0.49231
0.62469
0.14244
0.444
0.65491
0.19351
0.2665
0.20166
0.10489
0.3691
0.28783
0.3006
0.35731
0.49045
0.21026
0.39708
0.4207
0.11563
1.2076
1.2535
0.38229
0.41709
0.49431
0.07893
1.1592
0.8857
0.41542
0.62653
0.86952
0.17629
1.2818
0.7236
0.86359
0.11778
0.068919
0.12395
0.09924
0.22458
0.071537
0.22894
0.65431
1.5003
0.098837
0.19587
0.070066
0.15722
0.14189
1.0646
0.17941
0.28342
1.0596
0.22334
0.92202
0.11295
0.18459
0.093843
0.63572
0.81302
0.16359
0.69608
0.53886
0.48771
0.18245
1.4488
0.48601
0.29163
0.52691
0.74007
1.0504
0.93552
0.24119
0.22742
0.138
0.59325
0.31294
0.7772
0.18187
0.12942
0.40452
0.43766
0.11191
0.11307
0.35163
0.087546
1.1581
0.59704
0.46839
0.18192
0.22794
0.094661
0.17781
0.46126
0.11425
0.2916
0.1538
0.49673
0.30532
0.16974
1.1703
0.27032
0.1106
1.0089
0.09328
0.16455
0.63729
0.079549
0.78364
0.60197
0.14884
0.71707
0.13661
0.068796
0.68757
0.3327
0.67173
0.13278
0.75599
0.10391
0.45442
0.41465
0.22296
0.2445
0.89675
0.44196
0.22515
1.1422
0.52558
0.13356
0.52883
0.12578
0.18981
0.15431
0.77881
0.126
0.30503
0.14742
0.20205
1.1055
0.27495
0.25019
1.0752
0.67612
0.081513
0.91395
0.66762
0.34572
0.10143
0.66151
0.29453
0.18996
0.11054
0.29561
0.1156
0.37259
0.38383
0.27725
0.31563
0.21373
0.068805
0.099161
0.086057
0.42711
1.1784
0.53334
0.25035
0.50676
1.2971
0.4632
0.16116
0.41326
0.2934
0.12929
0.10016
0.15424
0.16017
0.7437
0.46205
1.0371
0.24682
0.17367
0.92951
0.60417
0.14464
0.70802
0.95679
0.33436
0.09695
0.33933
0.487
0.13742
1.2049
0.14115
0.31485
0.70302
0.39849
0.15732
0.2843
0.42514
0.92365
0.11932
0.10431
0.20725
1.0849
0.15421
0.17007
0.20002
0.27138
1.0142
1.0104
0.099544
0.46633
0.65964
0.16911
1.2174
0.168
1.5097
0.16408
0.11774
0.067598
0.096506
0.29611
0.94697
1.2033
0.58162
0.33926
0.46468
0.39478
0.34018
0.50449
0.5355
1.0344
0.17862
0.10705
0.092075
0.091103
0.43675
0.19607
1.2059
0.48732
0.13191
0.17949
0.97105
0.84935
1.0718
0.19048
0.25831
0.098254
0.19237
1.3121
1.1425
0.98209
0.17888
0.21419
0.067558
0.10531
0.70168
0.39448
0.093407
0.19888
0.33548
0.11878
0.50736
1.1617
0.16246
0.17427
0.99545
0.26958
0.49054
0.12607
0.16259
0.13318
0.18678
0.1671
1.0584
0.11768
0.73845
0.49673
0.39634
0.20824
0.17557
0.82276
0.19238
0.90464
0.34857
0.15113
0.13246
0.58658
0.46895
0.15446
0.20133
0.13857
0.18407
0.76192
0.45431
0.22546
0.22022
0.13989
0.079703
0.17491
0.26894
0.91645
0.15924
0.17577
0.98799
0.17509
0.17502
0.15423
1.1687
0.092713
0.063889
0.076284
0.26527
0.094188
0.5791
0.28221
1.0568
0.10958
0.25128
0.31114
0.096141
0.48138
0.46196
0.65833
0.15433
0.63095
0.095892
0.30211
1.4001
0.38254
0.33562
0.13863
0.13173
1.0891
0.70559
1.2229
0.12425
0.9118
0.27014
0.38179
0.3063
0.15014
0.6503
0.075019
0.3211
0.11876
0.27724
1.2853
0.099658
0.089762
0.67288
0.18945
0.26119
0.12112
0.098459
0.28287
0.11201
0.7665
0.13915
0.89586
0.12446
1.3107
0.27414
0.42995
0.71283
0.10564
0.13578
0.24751
0.082701
0.22061
0.084292
0.077103
0.94018
0.40483
0.12423
0.093629
0.57486
0.30149
0.61008
1.2862
0.48056
0.73296
0.10728
0.88421
0.25891
0.41922
0.1173
1.198
1.2908
0.18482
0.17515
0.69337
0.1071
1.1411
0.13952
0.25905
0.273
0.93519
0.092159
0.17528
0.39166
0.70428
0.20601
0.32519
0.085039
1.0333
0.55691
0.44223
0.469
0.19402
0.3706
0.32084
0.65219
0.25282
0.12534
0.11014
0.072955
0.77265
0.56224
0.15713
0.19326
0.1324
0.6688
1.0384
0.090436
0.94725
0.073516
0.20211
0.16389
0.085539
0.2763
0.33329
0.30578
0.28979
0.2159
1.1977
0.19868
0.59828
0.12464
0.34157
0.1377
1.0073
0.12193
0.52514
0.23479
0.088162
0.64347
0.081973
0.6352
0.37162
0.13158
0.35283
0.12171
0.1484
0.25622
0.32062
0.10884
0.55619
1.134
0.07784
0.079482
0.076481
0.60956
0.34086
0.092071
0.41315
1.1909
0.1979
0.57122
0.25131
0.77234
0.084275
1.0181
0.07798
0.46008
0.66481
0.61547
0.40701
0.2431
0.32596
0.079435
0.47028
1.207
0.08219
0.93632
0.2212
0.59458
0.63931
0.43052
0.13001
0.40744
0.2949
0.918
0.15757
0.79664
1.1779
0.61793
0.13888
0.32271
0.7914
0.077715
0.090791
1.1555
0.10881
1.192
0.79817
0.11185
0.55614
0.16741
0.27201
0.17036
0.45568
0.32759
0.13406
0.31625
0.97111
0.42752
0.55214
0.48077
0.14764
0.35141
0.16813
1.2803
0.081994
0.071097
0.10915
1.1515
0.74814
0.21211
0.087155
0.11844
0.24863
0.081354
0.19061
1.2548
0.12087
1.0922
0.29265
0.82887
0.23324
0.25367
0.89128
0.8552
0.075031
0.50791
0.25055
0.15886
1.0072
0.66392
0.097106
0.28373
0.15214
1.1174
0.28084
0.12562
0.099531
0.32095
0.09776
0.066458
0.9628
0.68369
0.14856
0.13855
0.71863
1.0078
0.6169
0.145
1.0936
0.12334
0.44073
0.12338
0.62581
1.2317
0.585
0.40041
0.23846
0.68605
0.30589
0.10535
1.3134
0.26342
0.11586
0.14878
0.59876
0.53208
0.10845
0.24154
0.11383
1.1054
0.62954
0.14026
0.14138
0.070091
1.1592
0.14141
0.33289
0.16756
0.099319
0.94046
0.12689
0.12505
0.15539
0.14566
0.15647
1.1555
0.43393
0.55572
0.19586
0.16847
0.38086
0.21217
0.23625
0.28387
0.23687
0.7759
0.38841
0.69615
0.68233
0.20704
0.17685
0.11013
0.21715
0.20146
0.21386
0.094256
0.46619
0.21793
0.46775
0.97741
0.13206
0.29651
0.22621
0.26489
0.36259
1.5568
0.57705
0.10853
0.80774
0.1365
1.1855
0.26797
0.2305
0.64114
0.40109
0.41567
0.91585
0.099993
0.13694
0.19563
0.11721
0.68046
0.98932
0.13495
0.12586
0.56658
0.080176
1.0981
0.30735
0.76007
0.10712
0.13268
1.1991
0.732
0.075184
0.090765
0.651
0.21253
0.13932
0.090043
0.073799
0.13877
0.34073
0.082374
0.1111
0.30132
0.056291
0.4082
0.15266
0.98901
1.031
0.63306
0.061872
0.094952
0.19422
0.19797
1.0297
0.23928
0.21278
0.1293
0.40588
1.2417
0.22289
0.29086
0.82231
0.51579
0.20064
1.2395
0.07971
0.2293
0.64614
0.10848
0.14307
0.13961
0.2618
0.11392
0.74918
0.16766
0.21755
0.23772
1.1248
1.2138
0.073082
0.20966
0.079355
0.18535
0.54563
0.2862
0.094269
0.4927
0.72234
0.24016
0.094726
0.097715
0.30028
0.32394
0.19799
0.33172
0.88597
0.11576
0.3467
0.12398
0.17519
0.31123
0.98304
0.15391
0.28744
1.1636
0.29953
0.11906
0.12231
0.1498
0.075612
0.13944
0.088455
0.63177
0.10779
0.22198
0.16231
0.87226
0.1187
0.56017
0.98635
0.24499
0.13744
1.4855
1.3296
1.2092
0.087959
1.6624
0.54352
0.29463
0.52838
0.42716
0.24905
0.75923
0.15371
0.43052
0.93178
0.35251
0.080468
0.071854
0.050993
0.35233
1.0285
0.21423
0.055455
0.55933
0.18465
0.10501
0.10715
0.18
0.39989
0.076351
0.24883
0.78285
0.9454
0.085321
1.2346
0.57395
0.99795
0.20288
1.111
0.37037
0.15037
0.1052
1.1697
0.48703
0.088503
0.80629
0.52939
1.2769
0.62223
0.56919
0.9514
0.63919
0.13631
1.3056
0.17031
0.64201
0.4189
0.18876
0.80525
0.71466
0.11344
0.36988
0.27395
0.10577
0.65181
0.10468
0.92371
0.8284
0.091409
1.0478
1.7357
0.072022
0.56933
0.10505
0.096383
0.27849
1.2631
0.1582
0.10652
0.076661
0.13248
0.96141
0.47736
0.14697
1.0229
0.79879
0.17646
0.26636
0.31585
1.1455
0.48842
0.069102
0.48515
0.21995
0.077992
0.079617
0.11584
0.11425
0.13107
0.21264
0.10174
0.61615
0.085276
0.20894
0.30419
0.098383
0.15767
0.17269
0.17496
0.73345
0.10957
0.46621
0.23013
0.38576
0.17242
0.15037
0.47035
0.09918
0.66024
0.13667
1.3965
0.087453
0.13956
0.34907
0.15372
0.097726
0.088717
0.090296
0.90077
0.18216
0.37369
1.2257
0.27764
0.18663
0.46333
1.1342
0.11344
0.75719
0.087061
0.14554
0.73573
0.30764
1.0993
0.11179
0.089064
0.23314
0.55929
0.21757
0.26121
0.79986
0.08626
0.19851
0.31088
0.27917
0.38887
0.11075
0.19909
0.14319
0.23471
0.25519
0.31439
0.18097
0.084716
0.467
0.12036
0.19268
0.26461
0.14162
1.2376
0.19969
0.15026
0.5938
0.19133
0.96296
0.48719
0.45003
0.16265
0.3312
0.43558
0.10695
0.55253
0.39391
0.64271
1.0305
1.0575
1.1685
0.17454
1.262
0.095267
0.32007
0.13867
0.27531
1.0549
0.39992
0.079648
0.41329
0.35256
0.0914
0.088539
0.32915
0.11912
0.22517
0.20314
1.2671
0.1416
0.26349
0.15844
0.25813
0.15441
0.2632
0.81344
0.068355
1.0287
1.3145
0.11301
0.3841
1.2463
0.35223
0.86947
0.8438
0.34537
1.037
1.0864
0.12326
0.38478
0.14478
0.086342
0.074647
0.15916
0.29495
0.15897
0.73567
0.41395
0.15089
0.24906
0.30923
0.099124
0.64483
0.10122
0.3622
1.2487
0.25768
0.3043
0.18546
0.71466
0.22309
0.1775
0.099422
0.13856
0.1097
1.0801
0.91848
0.29781
0.084173
0.88244
0.49594
0.24973
0.076128
0.14855
1.1438
1.0724
1.0318
0.17871
0.21076
0.12435
0.2651
0.84347
0.14906
0.095051
0.42157
0.51489
1.4577
0.20284
0.96645
1.0135
0.38132
0.10035
0.75829
0.76955
0.21991
1.0199
0.37621
0.12795
0.07933
0.070224
1.4005
0.67223
0.32759
0.51676
0.39274
0.78322
0.16637
0.27723
0.1683
0.092394
0.17009
1.0659
0.082223
0.2396
0.16764
0.74823
0.099237
0.67742
0.07655
1.3721
0.15585
1.094
0.82101
0.66157
0.13639
0.56225
0.13029
0.11644
0.70945
0.088402
1.2069
0.38366
0.46222
1.1334
0.23434
0.68416
0.13005
0.14191
0.49801
0.60778
0.11571
0.33857
0.44241
0.18865
0.14368
0.73406
0.14968
0.836
0.19616
0.2492
0.13395
0.2484
0.39649
0.72748
1.2607
0.62334
0.14348
0.72272
0.3287
0.56658
0.71355
0.40173
1.317
0.079762
0.42483
0.1492
0.38924
0.99448
0.17066
0.29197
0.18814
0.31538
1.3027
0.17231
0.20278
0.20047
0.53869
0.11138
0.94492
0.35012
1.6247
0.85784
0.11923
0.077472
0.12505
0.76647
1.0135
0.087668
0.20256
0.37586
0.25451
0.71733
0.80176
0.10507
0.31557
0.11069
0.068491
0.25079
0.15897
0.16452
0.12402
0.19534
0.11485
0.11769
0.13956
0.070749
0.42415
0.13878
0.3345
0.145
1.2075
1.2449
0.11717
0.31531
0.3672
0.17165
0.29509
0.13434
0.20283
0.24393
0.15205
0.10803
0.15018
0.096415
0.47137
1.1121
0.085603
0.13703
0.12405
1.009
0.59377
0.19603
0.26873
1.4674
0.12947
0.2336
0.28168
0.23506
0.20493
0.41571
0.092749
0.15782
0.84306
0.16506
0.35037
0.18194
0.39778
0.070801
0.075716
0.87098
0.10976
0.76208
0.56931
0.35651
1.1978
0.1521
0.80285
0.73566
0.10526
0.15315
0.55543
0.95389
0.91507
0.3618
0.65076
0.079969
0.18133
0.12831
0.10591
0.10162
1.1483
0.4562
0.15387
0.17528
0.15314
1.0203
0.42108
0.84682
0.21725
0.28456
0.15637
0.13451
0.20279
0.36546
0.58966
1.0973
0.46887
0.093335
1.7028
0.10637
1.3037
1.193
0.58289
0.10709
0.24823
0.1172
0.14748
0.22358
0.62814
0.072476
0.32334
0.44041
0.094409
0.97115
1.2125
0.53118
0.25333
0.17428
0.13016
0.8796
0.15127
0.70122
0.25888
0.2238
0.17008
0.10346
0.1411
0.75015
0.25267
0.31513
0.10577
0.28058
0.12031
0.2948
0.11035
0.09442
0.33686
0.33249
0.16307
1.228
0.12974
0.59762
0.28269
1.1259
0.24779
0.18481
0.18754
0.11529
0.87324
0.31469
0.42383
0.12421
0.60699
0.54438
0.92028
0.16983
0.87704
0.80772
0.18433
0.080085
0.76323
0.17333
0.23792
0.19979
0.8328
0.72978
0.15695
0.15336
0.32026
0.23654
0.21627
0.26199
0.35972
0.27878
0.82236
0.45515
0.40666
0.55889
0.061336
0.066366
0.13581
0.32028
0.69533
0.086801
0.29201
0.42448
0.65235
0.31031
1.186
0.21489
1.051
0.39467
0.075266
0.44541
0.11828
0.46288
0.50321
0.56215
0.35413
0.11563
0.36749
0.093908
0.10411
0.63903
0.20127
0.081755
0.19652
1.4139
0.29007
0.10622
1.1697
0.39315
0.56229
0.0946
0.95575
1.0077
0.1138
0.11519
0.47074
0.39188
0.21704
1.0151
0.10674
0.50417
0.83054
0.10857
0.10947
1.0463
0.21205
0.83262
0.07383
0.39743
0.7493
0.35971
0.19956
1.2512
0.68732
0.11213
0.11219
0.11932
0.89051
0.10175
0.1918
0.20095
0.57197
0.075381
0.12975
0.12538
0.16316
0.40383
0.27471
0.23546
0.40084
0.17932
0.068751
0.086439
0.26695
0.29319
0.95142
0.2326
1.176
0.13537
0.18978
0.32798
1.464
0.82969
0.97284
0.47761
0.089548
0.81715
0.58206
0.11976
0.20109
0.44515
0.4131
1.1714
0.23993
0.36356
0.22017
0.12165
0.065816
0.30833
0.62152
0.80622
0.15654
0.38674
0.27849
0.12919
0.11831
0.15194
0.748
0.19948
0.43184
0.10109
0.091042
0.12931
0.47256
1.1468
0.13728
0.18752
0.09249
0.14869
0.10386
0.78441
0.39774
0.14984
0.28836
0.58581
0.16072
0.65763
0.10605
0.079409
0.15736
0.82539
1.1305
0.36037
0.69475
0.16437
0.1496
0.62273
0.62763
0.16151
0.14219
0.73845
0.21477
0.099201
0.25256
1.1237
0.14391
0.76536
0.17684
0.2017
0.091781
0.083214
0.27493
1.317
0.19096
0.19487
0.15381
0.68386
0.098583
1.1779
0.47346
0.12304
0.20073
0.079707
0.46872
1.5881
0.22483
0.15923
0.17756
0.25497
0.098832
0.4735
0.34985
1.2515
0.10835
0.1676
0.16304
0.1921
1.3917
0.18174
0.51211
0.83336
0.070584
0.28267
0.93109
0.53285
0.16534
0.28265
0.14694
0.26584
0.15582
0.1063
0.078635
0.54401
0.95615
0.96014
0.17963
0.21642
0.15949
0.11356
0.1121
0.43842
0.92123
0.13882
0.41271
0.58844
0.61922
0.30152
0.41883
0.24749
0.57947
0.11769
0.37634
0.57319
0.61304
0.15991
0.17772
0.1645
0.11405
0.51622
0.31874
0.94297
0.14998
0.039149
0.30301
0.29269
0.081126
1.7262
0.1251
0.16148
0.80928
0.42921
0.91506
0.87909
0.26453
0.32365
0.10529
0.64838
0.13411
0.8257
0.53813
0.19713
0.1818
0.20676
0.24036
0.87698
1.1317
0.12696
1.1519
0.092915
0.69106
0.07588
0.23094
0.23725
1.7035
0.1723
0.35333
0.097505
0.46769
0.072082
0.92577
0.33123
0.2048
1.5562
0.97608
1.6101
0.32634
0.29325
0.1601
0.096702
0.094138
0.14764
0.79409
0.1105
0.1301
0.15811
0.28918
0.40635
0.1354
0.94624
0.12394
0.079709
0.47825
0.30957
1.1108
0.11277
0.37913
0.12777
0.53253
0.23161
0.75043
0.13146
0.068474
0.37792
0.55558
0.089413
1.1073
0.14714
1.5038
1.2324
0.96629
0.16711
0.3665
0.066725
0.83034
0.22426
0.48828
1.2021
0.91606
0.24347
0.16155
1.0389
0.19746
0.42886
0.30289
0.15225
0.15089
0.46137
0.25675
0.97942
0.50147
0.19032
0.1565
0.1459
0.083458
0.65297
0.71989
0.73967
0.20223
0.13434
0.17031
0.41814
0.25719
1.1553
0.56973
0.070885
0.1688
0.16145
0.6281
0.26594
0.81071
0.96694
1.1194
0.088164
0.2675
0.52384
0.39803
0.32992
0.1691
0.14616
0.093008
0.1863
1.1462
0.17475
1.021
0.13448
0.30117
0.59667
0.78054
0.13463
0.093805
0.12898
0.12984
0.20548
0.23352
0.22924
0.36523
1.158
0.16723
0.64341
0.15924
0.78474
0.097524
1.0775
1.1801
0.2002
0.26144
0.20916
1.3621
0.34726
0.13833
0.50071
0.31333
0.14319
0.19966
0.50756
0.074175
0.77738
0.53571
0.39165
0.4376
0.21184
0.65045
0.10837
0.23838
0.095389
0.089897
1.1413
0.10747
0.41879
0.10062
0.15622
0.12581
0.21111
0.66615
1.1072
0.28797
0.50069
0.30323
1.0879
0.084848
0.78499
0.73392
0.70262
0.12203
0.88099
0.44116
0.76325
1.2105
0.16839
0.49832
0.29584
0.081301
0.72334
0.50832
0.52753
0.49792
0.13291
0.070562
0.39225
0.2517
0.12756
0.28
0.49056
0.33319
0.14929
0.20788
0.088534
1.1673
0.13864
0.17332
1.3184
0.1547
0.7823
0.38011
0.23264
0.15645
0.45578
0.25148
0.42946
0.47066
0.15018
0.98789
0.094919
0.54518
0.12189
0.24295
0.35656
0.10222
0.88419
0.62048
0.087541
0.33381
0.094474
0.2125
0.76467
0.11905
0.20545
0.31831
0.77436
0.63657
0.1632
0.15691
1.1677
0.12357
0.12854
0.08315
0.55621
0.63942
0.7836
0.070403
0.44506
0.48726
0.98215
0.067124
0.84767
1.202
0.21038
0.13412
0.36021
0.090854
0.47572
0.079992
0.11126
1.1153
0.084932
0.097833
0.2544
0.16724
0.10297
0.07968
0.088014
0.16706
0.86176
0.13869
0.66388
0.61487
0.30759
0.18576
0.3306
0.23687
0.21216
0.83338
0.072685
0.80855
0.25584
0.56898
0.093056
0.26251
1.3303
0.62184
0.11685
0.26753
0.46566
0.1251
0.29933
0.24505
0.11087
0.81526
0.34059
0.17706
0.090789
0.15229
0.088023
0.25857
0.17975
0.30172
0.097228
0.37387
0.67231
1.2177
0.37146
1.2484
0.07353
0.36297
0.066207
0.1289
0.60763
0.33564
0.2619
0.66647
0.10413
0.97492
0.7102
0.44731
1.4769
0.26322
0.86636
0.11948
0.17427
0.12454
0.36756
0.36714
0.27496
0.12282
0.11117
0.37852
0.28601
1.136
0.20488
0.12256
0.69201
0.43692
0.089079
0.17414
0.15762
0.34777
0.88609
0.65469
0.16036
0.45166
0.089338
0.10935
0.80929
0.11838
0.1659
0.11961
0.33339
1.1562
0.5503
0.81439
0.40446
0.59494
0.12613
0.14529
0.20047
0.90325
0.29715
0.70729
0.17188
0.14884
0.86129
0.17892
0.094041
0.30599
0.35065
1.1236
0.13562
0.22738
1.133
0.36764
0.090704
0.33547
0.26049
0.56873
0.36565
0.090894
0.59328
0.13749
0.40055
0.09422
0.23138
0.27896
0.78734
0.23776
0.93794
0.075502
0.18129
0.16174
0.094965
1.1099
0.13041
0.53481
0.09486
0.12281
1.2099
0.17373
0.21696
1.3514
0.17499
0.29005
0.34446
1.0278
0.10598
0.87135
0.99508
0.89663
0.14299
1.4541
0.22717
0.80037
0.082083
0.34943
0.13676
0.1739
0.23883
1.0352
1.2135
0.49462
0.29612
0.12061
0.10245
0.55119
0.083222
0.23813
0.088704
0.10406
0.1454
0.32568
0.09331
0.30937
0.043733
1.0798
0.16375
0.07812
0.21069
0.2525
1.1111
0.29149
0.51169
0.79529
0.20096
0.28889
0.5107
0.51808
0.26213
0.36913
0.091564
0.87485
0.67104
0.18067
0.3573
0.12379
0.39473
0.13108
0.93227
0.76768
0.13678
0.18386
0.91169
0.31668
0.2836
0.50725
0.30419
0.23263
0.62705
1.3204
0.4511
0.30394
0.42747
1.4404
1.2398
0.53479
0.074301
0.26899
0.11962
0.18647
0.075556
0.97774
0.23401
0.75371
0.15607
0.1244
0.29786
0.88985
0.096254
0.13592
0.55012
0.92378
0.47111
0.29846
1.3425
0.75504
0.50285
1.039
1.7598
0.40757
0.83304
0.31765
0.97342
1.1176
0.20302
0.35235
0.096697
0.21772
0.14913
0.28018
0.10048
0.1681
0.10237
1.1474
0.44151
1.0039
0.18852
0.43585
0.5846
0.11255
0.37073
0.90619
0.50594
0.08374
0.21502
0.088336
0.17321
0.52811
0.46723
0.55633
0.13103
0.1666
0.12773
0.24405
0.14745
0.39026
1.0268
0.13522
1.1923
0.97201
0.28145
0.11882
0.086005
0.15486
0.10586
0.25632
0.16851
0.12213
0.32356
0.3542
0.12185
0.60242
0.79056
0.41731
0.42537
0.59483
0.18541
0.3604
0.67495
0.72021
0.76272
0.30571
0.19904
0.14484
0.078955
0.41806
1.04
0.28679
0.099606
0.1196
0.77584
0.21037
0.96526
0.53245
0.87562
0.34687
0.79723
1.1269
0.087402
0.50284
0.21622
1.0464
1.0702
0.15398
0.18645
0.4007
1.1029
0.11017
0.54507
0.29931
0.083274
0.40185
0.44686
0.19036
0.18462
0.27972
0.18239
0.056718
0.16853
0.08628
0.3323
0.40037
1.0668
0.34355
0.11505
0.42942
0.11474
0.064737
0.1411
0.56765
0.16638
0.87648
0.21619
0.32781
0.76718
0.30885
1.1377
0.30917
0.095396
0.21253
0.20963
0.32968
0.1833
1.132
0.26003
0.39475
0.9053
0.3525
0.82313
0.56334
1.1061
0.41979
0.10323
0.27016
0.15587
0.37581
0.08769
0.30241
0.13773
0.14739
0.30251
0.081756
1.0318
0.18058
0.21026
0.28201
1.0045
0.16373
0.46792
1.2535
0.14313
0.41709
0.23658
0.11087
1.4179
0.8857
0.82973
0.10704
0.3892
0.34605
0.10676
0.7236
0.37953
0.092575
0.39411
0.12395
0.56395
0.088485
0.75051
0.22894
0.88953
0.36307
0.18802
0.21265
1.1577
0.080151
0.12347
0.20343
1.2053
0.74938
0.19169
0.096126
0.37771
0.49153
0.086533
0.6221
0.081889
0.10317
0.28123
0.44104
0.079063
0.2938
0.54077
0.62998
0.52548
0.15538
0.31572
0.4469
0.29556
0.39939
0.33752
0.080379
0.21289
0.11253
0.31294
0.085003
0.32703
0.1055
0.64601
0.22307
0.10762
0.16101
0.9194
0.087546
0.094018
0.36769
0.118
0.29772
0.22794
0.36812
0.14706
1.0198
0.3398
0.36984
1.0976
0.14816
0.30532
0.24215
0.57527
0.14589
0.64878
1.1133
0.51131
0.93828
1.4955
0.079549
0.19247
0.23807
0.32637
0.62731
0.33506
0.54028
0.4013
0.093565
0.082887
0.089892
1.1909
0.10227
0.079445
0.96993
1.1748
1.1834
0.23842
0.99723
0.14306
0.28341
0.13565
0.5877
0.52883
0.16079
1.0746
0.15431
0.10257
0.35417
0.25251
0.37982
0.096198
0.17952
0.096343
0.17979
0.98058
0.65165
0.61533
0.41429
0.81124
0.10642
0.49656
0.32909
1.2146
0.13385
0.11054
0.082444
0.11042
0.29648
0.6547
0.90252
0.30129
0.48875
0.14827
0.21227
0.11401
0.17007
0.094674
0.53334
0.54476
0.59562
0.13759
0.4632
0.12753
0.1818
0.10292
0.080447
0.89348
0.48667
0.20418
0.7915
0.31674
1.0371
0.13485
0.40522
0.54623
0.71033
1.1742
0.32907
1.1705
0.13928
0.28905
0.33933
0.93125
0.36826
0.82996
0.13369
0.37985
0.84357
0.12699
0.38551
0.14918
0.75918
0.23116
0.48989
0.10431
0.20725
0.085978
0.19966
0.17007
0.20002
0.49602
1.0142
1.0292
0.075207
0.5158
0.31598
0.22284
0.58827
0.1821
1.1962
0.10338
0.54535
0.34729
0.10464
0.1802
0.15934
0.33615
0.093237
0.39899
0.22451
0.55393
0.11414
0.6515
0.072175
0.24932
0.36129
0.23278
0.15126
0.14951
0.59785
0.082925
0.27963
0.48732
1.0269
0.084802
0.21362
0.62045
0.48342
0.093506
0.25831
0.23464
0.12232
0.094112
0.4838
0.075834
0.19361
0.54284
0.097631
0.14046
0.071074
0.39448
0.84866
0.12178
1.0012
0.22683
0.72037
0.10748
0.63494
0.31933
0.27417
0.10303
0.51767
0.1256
0.63141
0.94359
0.35654
0.36161
0.15253
0.089126
0.09117
0.49673
0.5359
0.13397
0.15371
0.093582
0.17709
0.38348
0.14016
0.16353
0.18095
0.087406
0.28317
0.38234
0.099189
0.53651
0.18407
0.81788
0.60199
1.0788
0.20764
0.47524
0.10063
0.083891
0.26894
1.0688
0.11253
0.12695
0.83357
0.21886
0.54338
0.74432
0.11923
0.092713
0.063889
0.20087
0.24167
0.094188
0.22727
0.16719
0.092992
1.0531
0.50933
0.14239
0.13608
0.43631
1.3223
0.5389
0.14577
0.20315
0.72121
0.083701
0.22299
0.23034
0.42373
0.46483
0.084785
0.36055
0.67611
0.089142
0.27754
0.11133
0.14872
0.51686
0.2912
0.23554
0.6503
0.11984
0.8343
0.24572
0.961
0.34814
0.13793
0.25986
0.67288
0.85553
0.099674
0.26607
0.72249
0.50791
1.2833
0.7665
0.13915
0.75451
0.51923
0.34844
0.27414
0.36548
0.40749
0.075616
0.51681
0.50483
0.23801
0.14169
0.29623
0.50869
0.75621
0.16723
0.095861
0.2843
0.49203
0.30149
0.33087
0.96246
0.48056
0.1606
0.18706
0.36724
0.65709
0.10244
0.077793
0.14514
0.39105
0.17287
0.17515
0.18867
0.1001
0.17182
0.13432
0.62639
0.37066
0.12828
0.45879
1.0938
0.15046
1.2575
0.11152
0.58753
0.12447
0.10676
0.10507
0.96076
0.44775
0.90098
0.3706
0.15489
0.16871
0.10916
1.2651
0.18346
0.13143
0.77265
0.095252
0.15713
0.18347
0.086602
0.29475
0.12443
0.090436
0.44426
0.38572
0.39934
0.16389
1.3053
0.65948
1.156
0.36062
0.074421
0.62331
0.2105
0.15003
0.21855
0.09493
0.34157
0.35589
0.14666
0.54264
0.094936
0.11269
0.2737
1.2039
0.08797
0.42595
0.23582
0.18376
0.70331
0.36756
0.10057
0.23788
0.10549
0.32062
0.071856
0.55619
0.17796
0.67591
0.35564
0.079482
0.20516
0.60956
0.34086
0.10142
0.14522
0.1503
0.099403
0.52721
0.84047
0.1039
0.58703
0.23927
1.0716
0.96354
0.56733
0.68959
0.72616
0.63046
0.23638
1.2122
1.2421
0.15089
0.71972
0.23953
0.69624
0.15141
0.78026
0.37603
1.0382
0.64719
0.29845
0.22903
0.4007
0.66624
0.14826
0.93086
0.2469
0.27267
0.21665
0.62974
0.8087
0.90486
0.18823
0.27023
0.94271
0.47896
1.1188
0.11609
0.27417
0.29562
0.76618
0.12677
0.36726
0.1185
1.1451
0.1791
0.085379
0.67489
0.26628
0.080975
0.30808
0.25157
0.92925
0.39794
0.67156
0.16926
0.10164
0.10763
0.30652
0.34138
0.29668
0.10355
0.26433
0.30468
0.11055
0.27819
0.19531
0.27781
0.26988
1.6857
0.46124
0.098059
1.149
0.33279
0.20671
0.68299
0.59819
0.52218
0.086759
0.15166
0.91981
0.068613
0.1668
0.089348
0.91179
1.3003
0.59426
1.2053
0.15861
0.30449
0.24578
0.087832
0.12356
0.26142
0.87658
0.84142
0.26534
0.15498
1.2497
0.70941
0.18823
0.22522
0.10497
0.23844
0.81588
0.42581
0.20137
0.41532
1.1264
0.13769
1.063
1.0275
0.91204
0.79037
0.32941
0.20315
1.0035
0.77678
0.85304
0.24513
0.26856
0.35935
0.12285
0.66404
0.43711
0.15048
0.25939
1.1292
0.23761
0.50965
0.42003
0.15341
0.31057
0.11356
0.13786
0.73998
0.081369
0.11829
0.51288
0.13819
0.12778
0.26011
0.23137
0.56927
0.13063
1.0479
0.31285
0.36519
0.27892
0.22334
0.098672
1.0259
0.26504
0.623
0.11167
0.351
0.46384
1.576
0.39127
0.16653
0.6093
0.23814
0.78196
0.11628
0.89981
0.24226
0.15468
0.71794
0.12334
0.17313
1.1142
0.21637
1.0531
0.1749
0.26112
0.13698
0.0873
0.80988
0.12566
0.34412
0.17151
0.81845
1.2313
0.24373
1.1864
0.90716
0.11425
0.94969
0.3657
0.32937
0.14854
0.13182
0.33689
0.34792
0.092617
0.41689
0.71836
0.76207
0.21559
0.13885
0.62145
1.0497
0.42839
0.80841
0.49047
0.78743
0.64217
1.1024
0.081939
0.6703
0.97492
0.91767
1.0264
0.53514
1.0719
0.090619
0.1091
0.079954
0.14177
0.17961
0.86734
0.16973
0.67594
1.2241
1.3498
0.91724
0.10981
0.92311
0.24325
1.1945
0.5605
0.32844
0.099865
0.35726
0.19423
0.078087
0.15465
0.10873
0.074682
0.073588
0.26973
0.35687
0.12082
0.37379
0.1585
0.32932
1.0983
0.22267
0.47652
0.20356
0.17247
0.15064
0.2452
0.18218
0.98369
0.070833
0.11231
0.73728
0.45554
0.39599
0.10779
0.23344
0.4124
0.37638
0.40694
0.12725
0.99222
0.4159
0.31877
0.48376
0.59438
0.26879
0.3748
0.10683
0.1699
0.56787
0.20966
0.53573
0.85171
0.21534
0.64499
0.063832
0.38842
0.47817
0.31894
0.35058
0.11983
0.11361
0.098945
0.31921
0.084485
0.089483
0.44677
0.51368
0.22332
0.96131
0.40141
0.15154
0.89894
0.077386
0.1183
0.20411
0.12683
0.18429
1.088
0.091905
0.13367
0.1602
0.070777
0.47554
1.6557
0.18872
0.38204
0.11601
0.093932
0.27825
0.10268
0.41308
0.69586
0.56632
0.80559
1.1296
0.061191
0.24914
0.18452
0.81304
0.19637
0.69761
0.13658
0.61825
0.2215
0.70145
0.28701
0.635
0.16452
0.34526
0.14483
0.20498
1.2232
0.10476
0.18347
0.52118
0.754
0.09047
0.17282
0.3589
0.10909
0.086195
0.88183
0.14766
0.29332
0.57373
0.081197
0.97034
0.54548
0.54152
0.14386
0.4605
0.7671
0.42424
0.12861
0.07264
0.097301
0.19244
0.25814
0.20912
0.089667
1.0527
0.50064
1.1778
0.052956
0.31511
0.18724
0.13981
0.16437
1.2388
0.21206
0.1449
0.40006
0.24169
0.10109
0.20341
0.074524
0.58949
0.9479
0.12503
0.11461
0.53463
0.29605
0.075773
0.32452
0.18152
0.092738
0.40114
0.92534
0.33326
0.086815
1.1084
0.16777
0.17341
0.11101
0.13744
0.1544
0.18769
0.085632
0.12334
0.1747
0.52175
0.11385
0.54428
0.068785
0.17033
0.083295
0.88388
0.56269
1.1013
0.79065
1.0174
0.50878
0.95737
0.17337
0.1071
0.11839
0.40857
0.15514
1.1745
0.094309
0.091792
1.1783
0.083341
0.46854
0.14571
0.095708
1.0184
0.16346
0.53388
0.44014
0.91429
0.11902
1.009
1.2907
1.1806
0.12928
0.26682
0.12317
0.096999
0.23476
0.11101
0.17127
0.082494
0.49485
0.093478
0.4782
0.31448
0.14422
0.62938
1.45
1.2018
0.12825
0.22014
0.12927
0.32009
0.078364
1.137
0.35114
0.33712
0.18325
0.18508
0.077149
0.74692
1.4256
0.57834
0.25929
0.90274
0.12884
0.72242
0.16959
0.20927
0.54837
0.66596
1.0655
0.72214
0.19603
0.14604
0.50067
0.12386
0.11308
0.17372
0.37933
0.89336
0.48923
0.77606
0.22075
0.32911
0.52813
0.19063
0.13683
1.0207
0.81759
0.37482
0.48318
0.41119
0.09246
1.0565
0.15802
0.33052
0.1583
0.12607
0.47265
0.41626
0.92936
0.19333
0.13496
0.98685
0.20741
0.067988
0.1131
0.64745
0.13061
0.86804
0.53583
1.0996
0.71242
0.98848
0.074118
0.14139
0.25947
0.1292
0.93943
0.17115
0.86496
0.073315
0.081568
0.19482
0.22861
0.36561
0.33953
0.17805
0.81842
0.70403
0.14989
0.68726
0.070988
0.87345
0.40382
0.24968
0.088879
1.218
0.40415
0.20686
0.14329
0.92597
0.94325
0.15757
0.20217
0.57426
0.35347
0.15282
0.146
0.38823
0.15271
0.82388
0.25252
0.11054
1.192
0.84811
0.29201
0.3402
0.52286
0.11241
0.65871
0.12545
0.17131
0.16504
0.31625
0.14639
0.32429
0.31834
0.091355
0.2989
0.13998
0.16813
0.50653
0.081994
0.16875
0.12874
0.064548
1.1165
0.21211
0.14409
0.88751
0.20679
0.11021
0.26148
0.23944
0.30838
0.62471
1.0186
0.38502
0.61269
0.78711
0.074309
0.29388
0.3415
0.34081
0.4701
0.11285
0.95576
0.40953
1.1673
0.10328
0.60321
0.13834
0.1226
0.10207
0.10935
0.1935
0.15999
1.0953
0.9628
1.3867
0.085853
0.73384
0.45235
0.067948
0.093553
0.1156
0.26396
0.12527
0.089999
0.14549
0.56449
0.55778
0.095864
0.24783
0.47355
1.0747
0.076974
0.1691
1.3134
1.107
0.093793
0.84925
0.069246
0.18296
0.57438
0.098249
0.22082
1.0167
0.32018
1.221
0.36119
0.070091
0.99809
0.33257
0.38492
1.1983
0.46711
0.19975
0.27671
0.10009
0.62044
0.097044
0.74572
0.70575
1.0664
0.55009
0.74148
0.32786
0.6123
0.18271
0.20763
0.18534
0.79264
0.7759
0.72701
0.54054
0.68233
0.44206
0.39563
1.352
0.206
0.86022
0.62568
0.27713
0.12758
0.071703
1.0074
0.56878
1.036
0.11257
0.76309
0.14346
0.36259
1.1644
0.26156
0.14434
0.52705
0.48537
0.30396
0.14779
0.18344
0.27513
0.085073
1.1651
0.3105
0.76042
0.41867
0.53791
1.4567
1.4436
0.14271
0.13495
0.13886
0.24204
0.18511
0.35401
1.4522
0.20138
0.6349
0.28814
0.27965
0.23133
0.41243
0.23741
0.28829
0.25359
0.07954
0.080842
0.073799
1.3266
0.24933
0.55841
0.090775
0.17262
0.47703
0.4082
0.73862
0.12185
0.15145
0.90103
0.083184
0.92048
0.13091
0.13775
0.24075
0.56744
0.066239
0.1293
0.67435
0.19257
0.22068
0.081416
0.48828
0.2689
0.19103
0.13464
0.11173
0.90353
0.64614
0.24489
0.14307
0.10099
0.53403
0.18673
0.11291
0.1005
0.92334
0.67047
0.11853
1.2138
0.54126
0.20966
0.23609
0.53449
0.54563
0.15379
1.2332
0.2485
0.62712
1.2318
0.14495
0.65432
0.13332
0.23103
0.70355
0.38244
0.44238
0.11576
0.3467
0.92189
0.42901
0.075303
0.10272
0.14642
0.9814
1.1832
0.12102
0.76941
0.078655
0.17803
0.3109
0.25146
0.12672
0.23421
0.23383
0.22198
0.16231
0.68605
0.14131
1.0676
0.98635
0.12834
0.34578
1.4855
0.24244
1.2092
0.15553
0.28706
0.09771
0.42019
0.27891
0.23658
0.24905
0.75923
0.23051
0.42135
0.93178
0.35251
0.53143
0.71572
0.16561
0.10883
1.0285
0.3454
0.10573
0.26391
0.18465
0.27558
0.47603
0.31321
0.10802
0.55634
0.75173
1.1062
0.51531
0.22225
0.23948
0.25495
0.19713
0.5881
0.1667
0.37037
0.15037
0.14459
0.24193
1.0463
0.22483
0.11467
0.85461
0.17092
1.149
0.26787
0.57579
0.42036
0.86942
0.17138
0.23438
0.20897
0.24098
0.60905
0.80525
0.57451
0.23773
0.87484
0.27395
0.19396
0.38965
0.54316
0.30755
1.2495
0.21505
0.4979
0.21717
0.12204
0.54047
0.10505
0.92777
0.29187
0.085814
0.95781
0.10652
0.076661
0.92694
0.11072
0.28489
0.80835
0.27071
0.40285
0.14797
0.89411
0.34043
0.37771
1.2108
0.5722
1.0893
0.43967
0.077992
0.24436
0.15709
0.093101
0.99495
0.47784
1.1459
0.42954
0.5085
0.078893
0.47356
0.64712
0.3772
0.72356
0.40906
0.33569
0.23708
0.19261
0.29621
0.83779
0.23468
1.2192
0.24716
0.085458
1.1077
0.29802
0.29828
0.32116
0.91075
0.34907
0.15372
0.55599
0.33043
0.090779
0.90077
0.19097
0.16941
0.6882
1.016
0.38605
0.15414
0.1087
0.99724
0.50904
0.24674
0.35646
0.33746
0.11444
1.0993
0.37654
0.22744
0.096461
0.36449
0.12638
0.25687
0.19582
0.11029
0.19851
0.31088
0.17285
0.61082
0.16257
0.21891
0.31348
0.36556
1.2566
0.071225
0.111
0.18306
0.12757
0.90906
0.076387
0.28864
0.14974
0.50886
0.080798
0.67376
0.5938
0.20725
0.19176
0.44871
1.0698
0.10793
0.39354
0.09175
0.10695
0.14405
0.39391
0.99057
0.12169
0.42599
0.21746
0.16323
0.73658
0.58767
0.12304
0.28371
0.56393
0.092417
0.39992
1.223
0.76672
0.13357
0.36851
1.3952
0.92865
0.22701
0.22517
0.60594
0.14508
0.47476
1.0341
0.20162
0.11521
0.16661
0.2632
0.10823
0.64043
0.5497
0.2029
0.4763
0.55761
0.076784
1.153
0.89281
0.8438
0.31283
0.19361
1.0675
0.071665
0.76727
0.99578
0.10182
0.2174
0.38549
1.4289
0.14963
0.89051
0.64418
0.21368
0.62087
0.93572
0.13073
0.54358
1.5826
0.97879
0.22239
0.15347
0.20742
1.5037
0.93645
0.47909
0.58506
0.14576
0.13314
0.18457
0.17856
1.2061
0.28968
0.080647
0.41118
1.0594
0.45031
0.10863
0.37011
0.28894
0.47989
0.18049
0.90654
1.1673
0.91131
0.2651
0.14661
0.14906
0.55016
0.072449
0.12399
0.20236
0.25908
0.14458
0.97448
0.38132
0.87233
1.0957
0.76955
0.78915
1.0199
1.1186
0.55956
0.26963
0.77157
1.3967
0.76473
0.50999
0.07624
0.65513
0.16371
0.16212
0.27723
0.53197
0.092394
0.65695
0.16308
0.077413
0.2396
0.19527
0.11505
0.19344
0.22493
0.12347
1.1171
0.15585
0.18708
1.2051
0.66157
0.78291
0.73832
0.85226
0.88342
0.70945
1.148
0.12003
0.25537
0.83944
0.2072
0.61132
0.68416
0.17077
0.84843
0.33728
0.11136
0.31743
0.87942
0.69105
0.46896
0.39345
0.18731
0.22453
0.14647
1.0461
0.088636
0.36156
0.16942
0.13724
0.169
1.2607
0.41331
0.44101
0.14412
0.13524
0.56658
0.7311
0.88046
1.317
0.87997
0.2151
1.008
0.11831
0.54392
1.3061
0.19825
0.70274
0.66423
0.27899
0.26346
0.088039
0.20047
0.15269
0.17454
1.1135
0.17635
0.1321
0.56301
0.14423
0.14668
0.59031
0.76647
0.72675
0.12833
0.079512
0.12284
0.90381
0.42662
0.17475
0.8558
1.129
1.1631
0.14948
0.25201
0.37185
0.12301
0.26327
0.45578
0.091037
0.10844
0.13956
0.34245
0.31579
0.10704
0.19685
0.21061
0.1259
0.40647
0.11243
0.31531
0.6337
0.18245
0.34949
0.078475
0.29197
0.24393
0.39572
0.51692
0.13083
0.096415
0.47137
0.1743
0.08577
0.52086
0.334
0.22063
0.29209
0.19603
0.15675
0.1907
0.072706
0.39879
0.25902
0.45354
0.96535
0.14437
0.08759
0.21373
0.84306
0.070745
1.0454
0.50152
0.058681
0.23429
0.11729
0.17834
0.3005
0.43809
0.84226
0.074488
1.1978
0.32451
0.13264
0.82039
0.19807
0.88863
0.55543
1.0852
0.20565
0.13161
0.5567
0.092242
0.13593
0.33954
0.10591
0.072886
1.1706
0.3283
0.75207
0.88989
1.1224
1.0203
0.47691
0.16919
0.32075
0.66714
0.25259
0.37194
0.83863
0.091361
0.091213
0.44696
0.58555
1.1551
1.2058
0.18175
0.70344
1.193
0.13403
0.17586
1.1051
0.94924
1.6627
0.082397
0.65754
0.072476
0.32334
0.44041
0.44744
0.094334
0.14286
1.1316
0.12317
0.21842
0.23971
0.11874
0.12835
0.12011
0.38174
0.11279
0.12293
0.31124
0.86718
0.099015
0.25267
0.49934
0.20803
0.16629
0.12922
0.15712
0.20278
1.0022
0.90402
0.24388
0.1441
0.75077
0.2311
1.1598
0.93182
0.58432
0.096345
0.56934
0.20485
0.24588
0.87324
0.092952
0.52445
0.53058
0.36127
0.3106
0.44938
0.13757
0.14301
0.073637
0.31907
0.080085
0.12661
0.38956
0.15336
0.092429
0.12749
0.29
0.30277
0.093916
0.22572
0.54674
0.21627
1.4009
0.19171
0.91465
0.38312
0.16203
0.40666
0.093266
0.26266
0.20399
0.99824
0.80041
0.12932
0.55034
0.29201
1.1481
0.54104
0.37386
0.11204
1.0763
1.051
0.12988
0.86388
0.15054
0.107
0.64558
0.071568
0.65129
0.15823
0.10859
0.21439
0.71786
0.072876
0.14289
0.20127
0.081755
1.0569
0.065568
0.18545
0.69252
0.5733
0.12572
0.16257
0.22899
0.84947
0.46164
0.82785
0.40527
1.1457
0.3912
0.073628
0.53718
0.68879
0.50417
0.83258
0.4225
0.60547
0.19605
0.2269
0.79421
0.48508
0.67799
0.073909
0.35971
0.54003
0.25792
1.2157
0.20307
0.12911
0.22625
0.33987
0.79662
1.0916
0.2747
0.25681
0.27629
0.49886
0.089474
1.1941
0.10396
0.21227
1.1667
0.23019
0.47762
0.99374
0.26007
0.2384
0.32104
0.48575
0.058135
0.21892
0.14413
0.32242
0.97021
0.13188
0.33358
0.10198
0.48079
0.075958
0.086174
0.19735
1.1088
0.49533
1.0311
0.16441
1.244
0.23993
0.45344
0.73466
0.34588
0.14835
1.2067
0.62152
0.21168
0.54394
0.15903
0.17044
0.77886
0.26225
0.19384
0.12367
0.10683
0.58604
0.63742
0.22081
1.0945
0.91718
0.52914
0.84673
0.69386
0.09249
0.74093
0.71845
0.079778
0.39774
0.14984
1.0782
0.092391
0.22098
0.65711
0.10605
0.12248
0.15736
1.2449
0.80973
0.74127
0.082298
1.1599
0.99775
0.27939
0.7656
0.33205
0.12401
0.73845
0.3789
0.89168
0.09729
1.0854
0.23936
0.35252
1.2592
0.2017
1.2248
0.11038
0.27493
0.1299
0.06083
0.12836
0.30735
0.91791
0.063674
0.15714
0.87475
0.46388
0.11616
0.14324
0.46872
0.063431
0.37614
0.3416
0.10703
0.20024
0.11189
1.0779
0.34985
1.1927
0.25645
0.084122
0.28095
0.28059
0.24526
0.18174
0.07941
0.16398
0.18376
0.18493
0.93109
0.53285
0.4267
0.14807
0.093978
0.51285
1.1966
0.49586
0.14089
0.15812
1.0036
0.41807
0.22009
0.30084
0.45894
0.91446
0.48752
0.7377
0.85094
0.10611
0.8429
0.11886
0.60697
0.2651
0.25808
0.098262
0.238
0.081896
0.074874
0.45046
0.59394
0.11289
0.089228
0.32768
0.082085
0.33891
1.6356
0.19506
0.05794
0.085884
1.1115
0.87587
0.081126
0.11998
0.1388
0.13079
0.13656
0.24298
0.17921
0.87909
0.23771
0.17747
0.36146
0.43049
0.64379
0.92135
0.14495
1.0111
0.13556
0.12692
0.24036
1.2332
1.1317
0.43396
1.1519
0.49501
0.29029
0.21439
0.30268
0.26963
0.10865
0.37038
0.064048
0.080046
0.72551
0.4482
1.0098
0.37029
0.15292
0.16992
0.54172
1.6101
0.32634
0.11368
0.54217
0.27731
0.55858
0.40083
0.071433
0.92859
0.15637
0.38612
1.122
0.11389
0.20067
0.94624
0.09135
0.66411
0.15123
0.32252
1.3016
0.30425
0.61349
0.12777
0.18474
1.2541
0.082304
0.13146
0.076626
0.3859
0.10231
1.1678
0.14207
0.14999
0.13558
1.2324
0.9476
0.10659
0.10502
0.38533
0.094549
0.12971
0.29121
0.76358
0.16216
0.28149
1.242
0.27465
0.19746
0.42886
0.08347
0.14977
0.1049
0.19247
0.80558
0.18499
1.0023
1.2004
1.1194
0.17861
0.21902
0.65297
0.24136
1.2436
0.11419
0.67345
0.082873
0.89642
0.13344
0.42373
0.92547
0.073866
0.37922
0.16145
0.6281
0.15278
0.442
0.2327
0.12815
0.29154
1.328
0.21442
0.8932
0.32992
0.49296
1.1133
0.088996
0.95564
0.23134
1.0162
0.11919
1.1943
0.88299
0.31196
1.1575
0.13463
0.82692
0.10649
0.20244
0.14156
0.28748
0.11137
0.31104
1.7085
0.22633
0.809
0.57197
0.041293
1.105
1.2071
0.23253
0.6591
0.25868
0.20916
0.52803
0.068116
0.33372
0.42891
1.2035
0.2284
0.28291
0.22044
0.074175
0.59412
0.11837
1.1333
0.11836
0.34247
0.65045
0.94182
0.07642
0.11947
0.087644
1.1413
0.071638
0.3057
0.77165
0.15709
0.48958
0.21111
0.66615
0.19226
0.75539
0.078568
0.073695
0.38389
1.0594
1.2473
0.093529
0.4268
0.32217
0.078857
0.14193
0.2269
0.14131
0.1512
0.18996
0.15304
0.081301
0.87101
0.52113
0.070498
0.49792
1.0007
0.18822
1.1494
0.49194
0.093392
0.51676
0.15601
1.1945
0.29439
0.87233
0.33056
1.1673
0.74189
0.17332
0.47583
0.64652
0.091472
0.50705
0.1775
1.0659
0.27152
0.19975
0.42946
0.10087
0.24059
0.12216
0.26165
0.54518
0.49127
0.077031
0.372
0.14224
0.15972
0.11674
0.22913
0.9702
0.19114
0.50272
0.50703
0.58152
1.208
0.31831
0.12803
0.53281
0.38421
0.22432
0.72076
0.61276
0.9488
0.24023
0.55621
0.63942
1.0221
0.53578
0.12352
0.21871
0.11324
0.096437
0.84767
0.51937
0.21038
1.1034
0.92855
0.41837
0.51817
0.92693
0.14051
1.1153
0.084932
0.3364
0.47905
0.33634
0.71945
0.14409
0.41606
0.16706
1.0797
0.35852
0.12306
0.10448
0.30936
0.10881
0.36122
0.23687
0.22163
0.12557
0.137
0.52298
0.59514
0.43063
0.18223
0.20985
0.61887
0.075154
0.24053
0.26753
0.46566
1.0738
0.55165
0.71701
0.059459
1.0976
0.16488
0.091364
0.098633
0.35129
0.11537
0.58264
0.21125
0.38024
0.12408
0.72938
0.72586
1.0483
0.31649
0.67253
0.51909
0.36297
0.49018
0.28814
0.26711
0.14864
0.13141
0.37675
0.24581
0.29631
0.34744
0.26164
1.0934
0.95892
0.078689
0.11412
0.20104
0.090981
0.15561
0.36714
0.42953
0.32485
0.58167
0.37852
0.53802
0.3886
0.89741
0.12256
0.08484
0.36477
0.61223
0.078735
0.81286
0.12072
0.31741
0.27427
0.60565
0.48218
0.23133
0.092443
0.90619
0.69982
0.090143
1.0366
0.11142
0.61741
0.86006
0.13389
0.7187
0.44841
0.32093
0.21158
0.071739
0.10064
0.29715
0.097916
0.59033
0.70097
0.21623
0.28091
0.10423
1.1643
1.2402
1.1236
0.13562
0.11591
0.52189
0.55978
0.26557
0.13321
0.16952
0.081744
0.17026
0.3745
0.10226
0.82556
0.97947
0.19905
0.23138
0.098076
1.0446
0.61902
0.82489
0.19776
0.34461
0.11062
0.15616
0.26276
0.24769
0.39308
0.26471
0.12335
1.1491
0.19791
0.13628
0.26272
0.35764
0.11554
0.16465
1.0278
1.1793
1.0012
0.58791
0.24109
1.2633
0.1186
0.11184
0.80037
0.19001
1.2299
0.13364
0.19395
0.97205
0.10418
0.14462
0.10526
0.29629
0.34469
0.11879
0.88295
0.25448
0.23813
0.32277
0.73973
0.77582
0.17334
0.1375
0.12053
1.0775
0.39123
0.16375
0.56338
0.2351
0.12953
0.61942
0.15126
0.17874
0.14647
0.65901
0.33396
0.5107
0.15571
0.66424
0.14119
0.29848
0.38999
0.07445
0.11046
1.1078
0.12379
0.52048
0.13108
0.25673
0.15958
0.13678
0.71278
0.44202
0.10413
0.13812
0.88785
0.40522
0.31681
0.61527
0.23462
0.4511
0.2731
0.15577
0.23563
0.40563
0.15825
0.94608
0.27309
0.11962
1.0492
0.84658
0.075401
0.15389
0.30671
0.38739
0.28012
0.10178
0.20858
0.66353
0.34939
0.55012
0.5144
0.14736
0.09513
0.1966
1.4264
0.31363
0.31912
0.18748
0.14555
0.44382
0.31765
0.89137
1.144
0.23907
1.0404
0.27891
0.21804
0.12293
1.1373
0.63679
0.39646
0.77425
0.4687
0.27175
0.16988
0.1511
0.27723
0.067643
0.13955
0.31517
0.092375
0.1527
0.076824
0.13134
0.46412
0.11724
0.15956
0.2415
0.29899
0.11711
0.16826
0.22596
0.21864
0.3696
0.27868
0.10717
0.27482
0.67871
0.97201
0.13808
0.72993
0.088873
0.60075
0.22784
0.1155
0.43665
0.60739
0.33775
0.071733
0.12185
0.26537
0.072448
0.36453
0.33012
0.59483
0.31709
1.2315
0.67495
0.35183
0.5158
0.89398
1.2541
0.81289
1.0597
0.10963
0.17433
0.11693
0.085658
0.097596
0.50391
0.21037
0.31158
0.41327
0.54118
0.19834
0.79723
0.92095
0.09911
0.10048
0.15473
0.11564
0.30322
0.53135
0.3175
0.72656
0.13887
1.1877
0.13522
0.11076
0.15394
0.38486
1.1155
0.27907
0.12351
1.6431
0.18239
0.056718
0.97591
0.1141
0.40588
0.92679
0.17262
1.2551
0.17327
0.2214
0.13289
0.48801
0.41755
0.11511
0.092729
0.74959
1.2486
0.50047
0.56222
0.21177
0.5319
0.77409
0.35842
0.32082
0.14884
0.077515
0.094971
0.080908
0.26003
1.1877
0.73007
0.33654
1.0707
0.56455
0.08848
0.1637
0.23021
0.1096
0.57996
1.2061
0.08769
0.15631
0.16083
0.38924
1.2792
0.2123
0.63844
0.18058
1.1958
0.49573
0.22798
0.97442
1.2324
0.10304
0.10221
0.64541
0.24858
0.19354
0.31869
0.26647
0.10781
1.0806
0.17598
0.34605
0.12287
0.7236
0.15977
0.25412
0.14514
0.13443
0.085152
0.3517
0.085945
1.1709
0.079584
0.21452
0.16245
0.4241
1.4154
0.34084
0.15525
0.44365
1.2053
0.32179
0.076296
1.0399
0.63813
0.16202
0.17053
0.53093
0.16602
0.19047
0.093945
0.10405
0.49919
0.12534
0.079914
0.20438
0.10098
0.49793
1.2289
1.3242
0.14918
0.36259
1.1015
0.14215
0.06583
0.11253
0.31294
0.20675
0.32703
0.76383
0.21953
0.066262
0.16505
1.1707
0.9194
0.95484
0.21142
1.184
0.118
0.74392
1.0437
0.11288
0.14706
0.33474
1.3919
0.14667
0.50921
0.25152
0.092698
0.13277
0.083106
0.20337
0.17692
0.15359
0.10761
0.067574
0.30086
0.25814
0.19247
0.096346
0.32637
0.68232
0.68351
1.058
0.53923
0.12008
0.39768
0.12269
0.43829
0.48219
0.93744
0.1151
0.077562
0.21667
0.29991
0.5326
0.77324
0.093283
0.20602
0.1073
0.17803
0.071431
0.073713
0.14907
0.065568
0.09314
0.40097
0.090037
0.15962
0.079488
0.33421
0.49311
0.30053
0.11397
0.095092
0.36599
0.27288
0.20818
0.30865
0.68693
0.16188
0.65048
0.11054
0.29883
0.071512
0.36371
0.099345
0.081019
0.35975
0.48207
0.13656
0.68738
1.431
0.10023
0.10513
0.42917
0.51308
0.43588
0.23466
0.21182
0.40625
0.087376
0.066965
0.34793
0.11357
0.049957
1.0388
0.7915
0.085199
0.2944
0.42323
1.5748
0.1331
0.71033
0.2217
0.14837
0.4928
0.31102
0.28905
0.13789
0.084257
0.36826
0.82996
1.1171
0.28252
0.65482
0.16282
0.55481
0.10029
0.15419
0.48617
1.2118
0.10431
0.10005
0.11673
0.24988
0.15865
0.098623
0.49602
1.0142
0.067808
0.075207
0.10692
0.97895
0.058646
0.6131
0.11844
0.13585
0.39011
1.2717
0.25976
0.11323
0.17103
0.20701
1.0175
0.95251
0.20417
0.086163
0.25287
0.244
0.19843
0.094558
0.21971
0.070386
0.21919
0.12351
0.15289
1.1902
0.15851
0.40907
0.43142
1.0269
0.35436
0.5715
0.60673
0.1504
0.39218
0.19436
0.7065
0.77415
0.073833
0.18222
0.37702
0.11332
0.23726
0.13844
0.14046
0.071074
0.39448
0.84866
0.12178
1.0012
0.22683
0.72037
0.10748
0.63494
0.31933
0.27417
0.10303
0.51767
0.1256
0.63141
0.94359
0.35654
0.36161
0.15253
0.089126
0.09117
0.49673
0.5359
0.13397
0.15371
0.093582
0.17709
0.38348
0.14016
0.16353
0.18095
0.087406
0.28317
0.38234
0.099189
0.53651
0.18407
0.81788
0.60199
1.0788
0.20764
0.47524
0.10063
0.083891
0.26894
1.0688
0.11253
0.12695
0.83357
0.21886
0.54338
0.74432
0.11923
0.092713
0.063889
0.20087
0.24167
0.094188
0.22727
0.16719
0.092992
1.0531
0.50933
0.14239
0.13608
0.43631
1.3223
0.5389
0.14577
0.20315
0.72121
0.083701
0.22299
0.23034
0.42373
0.46483
0.084785
0.36055
0.67611
0.089142
0.27754
0.11133
0.14872
0.51686
0.2912
0.23554
0.6503
0.11984
0.8343
0.24572
0.961
0.34814
0.13793
0.25986
0.67288
0.85553
0.099674
0.26607
0.72249
0.50791
1.2833
0.7665
0.13915
0.75451
0.51923
0.34844
0.27414
0.36548
0.40749
0.075616
0.51681
0.50483
0.23801
0.14169
0.29623
0.50869
0.75621
0.16723
0.095861
0.2843
0.49203
0.30149
0.33087
0.96246
0.48056
0.1606
0.18706
0.36724
0.65709
0.10244
0.077793
0.14514
0.39105
0.17287
0.17515
0.18867
0.1001
0.17182
0.13432
0.62639
0.37066
0.12828
0.45879
1.0938
0.15046
1.2575
0.11152
0.58753
0.12447
0.10676
0.10507
0.96076
0.44775
0.90098
0.3706
0.15489
0.16871
0.10916
1.2651
0.18346
0.13143
0.77265
0.095252
0.15713
0.18347
0.086602
0.29475
0.12443
0.090436
0.44426
0.38572
0.39934
0.16389
1.3053
0.65948
1.156
0.36062
0.074421
0.62331
0.2105
0.15003
0.21855
0.09493
0.34157
0.35589
0.14666
0.54264
0.094936
0.11269
0.2737
1.2039
0.08797
0.42595
0.23582
0.18376
0.70331
0.36756
0.10057
0.23788
0.10549
0.32062
0.071856
0.55619
0.17796
0.67591
0.35564
0.079482
0.20516
0.60956
0.34086
0.10142
0.14522
0.1503
0.099403
0.52721
0.84047
0.1039
0.58703
0.23927
1.0716
0.96354
0.56733
0.68959
0.72616
0.63046
0.23638
1.2122
1.2421
0.15089
0.71972
0.23953
0.69624
0.15141
0.78026
0.37603
1.0382
0.64719
0.29845
0.22903
0.4007
0.66624
0.14826
0.93086
0.2469
0.27267
0.21665
0.62974
0.8087
0.90486
0.18823
0.27023
0.94271
0.47896
1.1188
0.11609
0.27417
0.29562
0.76618
0.12677
0.36726
0.1185
1.1451
0.1791
0.085379
0.67489
0.26628
0.080975
0.30808
0.25157
0.92925
0.39794
0.67156
0.16926
0.10164
0.10763
0.30652
0.34138
0.29668
0.10355
0.26433
0.30468
0.11055
0.27819
0.19531
0.27781
0.26988
1.6857
0.46124
0.098059
1.149
0.33279
0.20671
0.68299
0.59819
0.52218
0.086759
0.15166
0.91981
0.068613
0.1668
0.089348
0.91179
1.3003
0.59426
1.2053
0.15861
0.30449
0.24578
0.087832
0.12356
0.26142
0.87658
0.84142
0.26534
0.15498
1.2497
0.70941
0.18823
0.22522
0.10497
0.23844
0.81588
0.42581
0.20137
0.41532
1.1264
0.13769
1.063
1.0275
0.91204
0.79037
0.32941
0.20315
1.0035
0.77678
0.85304
0.24513
0.26856
0.35935
0.12285
0.66404
0.43711
0.15048
0.25939
1.1292
0.23761
0.50965
0.42003
0.15341
0.31057
0.11356
0.13786
0.73998
0.081369
0.11829
0.51288
0.13819
0.12778
0.26011
0.23137
0.56927
0.13063
1.0479
0.31285
0.36519
0.27892
0.22334
0.098672
1.0259
0.26504
0.623
0.11167
0.351
0.46384
1.576
0.39127
0.16653
0.6093
0.23814
0.78196
0.11628
0.89981
0.24226
0.15468
0.71794
0.12334
0.17313
1.1142
0.21637
1.0531
0.1749
0.26112
0.13698
0.0873
0.80988
0.12566
0.34412
0.17151
0.81845
1.2313
0.24373
1.1864
0.90716
0.11425
0.94969
0.3657
0.32937
0.14854
0.13182
0.33689
0.34792
0.092617
0.41689
0.71836
0.76207
0.21559
0.13885
0.62145
1.0497
0.42839
0.80841
0.49047
0.78743
0.64217
1.1024
0.081939
0.6703
0.97492
0.91767
1.0264
0.53514
1.0719
0.090619
0.1091
0.079954
0.14177
0.17961
0.86734
0.16973
0.67594
1.2241
1.3498
0.91724
0.10981
0.92311
0.24325
1.1945
0.5605
0.32844
0.099865
0.35726
0.19423
0.078087
0.15465
0.10873
0.074682
0.073588
0.26973
0.35687
0.12082
0.37379
0.1585
0.32932
1.0983
0.22267
0.47652
0.20356
0.17247
0.15064
0.2452
0.18218
0.98369
0.070833
0.11231
0.73728
0.45554
0.39599
0.10779
0.23344
0.4124
0.37638
0.40694
0.12725
0.99222
0.4159
0.31877
0.48376
0.59438
0.26879
0.3748
0.10683
0.1699
0.56787
0.20966
0.53573
0.85171
0.21534
0.64499
0.063832
0.38842
0.47817
0.31894
0.35058
0.11983
0.11361
0.098945
0.31921
0.084485
0.089483
0.44677
0.51368
0.22332
0.96131
0.40141
0.15154
0.89894
0.077386
0.1183
0.20411
0.12683
0.18429
1.088
0.091905
0.13367
0.1602
0.070777
0.47554
1.6557
0.18872
0.38204
0.11601
0.093932
0.27825
0.10268
0.41308
0.69586
0.56632
0.80559
1.1296
0.061191
0.24914
0.18452
0.81304
0.19637
0.69761
0.13658
0.61825
0.2215
0.70145
0.28701
0.635
0.16452
0.34526
0.14483
0.20498
1.2232
0.10476
0.18347
0.52118
0.754
0.09047
0.17282
0.3589
0.10909
0.086195
0.88183
0.14766
0.29332
0.57373
0.081197
0.97034
0.54548
0.54152
0.14386
0.4605
0.7671
0.42424
0.12861
0.07264
0.097301
0.19244
0.25814
0.20912
0.089667
1.0527
0.50064
1.1778
0.052956
0.31511
0.18724
0.13981
0.16437
1.2388
0.21206
0.1449
0.40006
0.24169
0.10109
0.20341
0.074524
0.58949
0.9479
0.12503
0.11461
0.53463
0.29605
0.075773
0.32452
0.18152
0.092738
0.40114
0.92534
0.33326
0.086815
1.1084
0.16777
0.17341
0.11101
0.13744
0.1544
0.18769
0.085632
0.12334
0.1747
0.52175
0.11385
0.54428
0.068785
0.17033
0.083295
0.88388
0.56269
1.1013
0.79065
1.0174
0.50878
0.95737
0.17337
0.1071
0.11839
0.40857
0.15514
1.1745
0.094309
0.091792
1.1783
0.083341
0.46854
0.14571
0.095708
1.0184
0.16346
0.53388
0.44014
0.91429
0.11902
1.009
1.2907
1.1806
0.12928
0.26682
0.12317
0.096999
0.23476
0.11101
0.17127
0.082494
0.49485
0.093478
0.4782
0.31448
0.14422
0.62938
1.45
1.2018
0.12825
0.22014
0.12927
0.32009
0.078364
1.137
0.35114
0.33712
0.18325
0.18508
0.077149
0.74692
1.4256
0.57834
0.25929
0.90274
0.12884
0.72242
0.16959
0.20927
0.54837
0.66596
1.0655
0.72214
0.19603
0.14604
0.50067
0.12386
0.11308
0.17372
0.37933
0.89336
0.48923
0.77606
0.22075
0.32911
0.52813
0.19063
0.13683
1.0207
0.81759
0.37482
0.48318
0.41119
0.09246
1.0565
0.15802
0.33052
0.1583
0.12607
0.47265
0.41626
0.92936
0.19333
0.13496
0.98685
0.20741
0.067988
0.1131
0.64745
0.13061
0.86804
0.53583
1.0996
0.71242
0.98848
0.10949
0.22145
0.10871
0.1292
0.93943
1.2585
0.15077
0.073315
0.072185
1.0628
1.0225
0.59512
0.77083
0.32569
0.20538
0.10391
0.088651
0.86424
0.58358
0.54634
1.1564
1.0482
0.30532
1.218
0.1837
0.24068
0.64039
0.22454
0.092358
0.83409
0.3264
1.1651
0.35347
0.66788
0.12328
0.37136
0.1803
0.073665
0.25252
0.13766
0.17856
0.11407
0.29201
0.099829
0.52286
0.10521
0.68534
0.12545
0.83998
0.48234
1.076
0.21524
0.51573
0.50412
0.81068
0.14188
0.97062
0.070048
0.3114
0.10517
0.84669
0.78918
1.1446
0.68829
0.99364
0.16924
0.11485
0.10619
0.33357
0.10591
1.2435
0.29366
0.14122
0.08777
0.18077
0.17252
0.095998
0.16634
0.29388
0.3415
0.34081
0.10419
0.11639
0.50888
0.43501
1.1673
0.11662
0.42582
1.6781
0.1226
0.25003
0.07589
0.28369
0.15865
0.10415
0.30522
1.3867
0.085853
0.35651
0.090774
0.067948
0.15094
0.47461
0.13886
0.13162
0.44304
0.085884
0.11401
0.43481
0.095864
1.2642
0.31387
0.089167
0.8349
0.66132
0.15624
0.30165
0.7426
0.1222
0.10088
0.085214
1.2097
1.0203
0.16237
0.3186
0.13759
0.20415
1.2783
0.08232
0.11235
0.095411
0.078565
1.1983
0.11018
0.16793
0.53709
0.11526
0.47031
1.1983
0.33005
0.091291
1.1688
0.11773
0.089046
0.33163
0.16549
0.99035
1.3673
1.6029
0.37789
0.63308
0.22996
0.30377
0.126
1.6106
0.26297
0.49013
0.094559
0.22668
0.42542
0.27713
0.136
0.071703
0.25857
0.47636
0.081859
0.11257
0.31039
1.0904
0.44526
0.84798
0.34312
0.23483
0.52705
0.68314
1.0177
0.16709
0.18757
0.28244
0.096012
0.41024
0.85749
0.88224
0.10064
0.25077
0.16986
0.1954
0.42445
0.70237
0.15981
0.13232
0.18511
0.79759
1.073
0.14656
0.16302
0.18867
0.61745
1.0355
0.41838
0.23741
0.43711
0.17625
0.51979
0.28938
0.078933
1.0747
0.38237
1.1907
0.20721
0.1555
0.17189
0.96254
0.093436
0.8808
0.15145
0.19694
0.083184
0.21144
0.53078
0.11844
0.29874
0.14893
0.067756
0.32854
0.17664
0.88824
1.0046
0.081416
0.54568
1.1646
0.11071
0.13464
0.63982
0.90353
0.22806
0.15742
0.48131
0.14024
0.6017
0.96052
0.11567
0.35339
0.27579
0.382
0.13388
1.2138
0.57118
0.065674
1.0017
0.39423
0.82291
0.15188
0.089302
0.090512
1.0264
1.5917
0.1568
1.3676
0.28008
0.11806
0.57736
0.4606
0.090301
0.17263
1.2291
0.84185
0.42901
0.24158
1.4637
0.14642
1.1346
0.24823
0.12102
1.2032
1.3438
0.4691
0.40539
0.64959
0.17804
0.26888
0.086012
0.37848
0.16231
0.68605
0.33155
0.13437
0.084226
0.32215
0.090086
0.97395
0.47489
0.34449
0.25971
0.12428
0.20797
0.12038
0.4534
0.14466
0.16867
0.75923
0.76743
0.623
0.31875
0.075932
0.12431
0.57548
1.1772
1.3023
0.34599
0.1368
0.10324
0.13651
0.97535
0.27558
0.31762
0.095346
1.1541
1.1909
0.51408
0.1774
0.52972
0.30171
1.1544
0.25495
0.71019
0.73653
0.82365
0.37037
0.10364
0.17896
0.18306
0.33129
0.076441
0.13575
0.20309
0.13353
0.10029
0.64419
0.37179
1.1041
0.51222
0.12541
0.0911
0.64244
0.24098
0.34296
1.2151
0.57451
0.093659
0.22048
0.28023
0.89225
0.10869
0.076885
0.3491
0.075371
0.095861
0.16994
1.1454
0.21357
0.41783
0.10497
0.54091
0.11944
1.0917
0.94791
0.083613
1.1682
0.92694
0.23004
0.18829
0.87763
0.06839
0.30501
0.77754
0.69612
0.19193
0.27768
1.2108
0.55052
0.096127
0.43967
0.45368
1.0043
0.15709
0.78003
0.5787
0.22771
1.518
0.18322
0.49798
1.1437
0.16247
0.64712
0.3772
0.81993
0.40906
0.33569
0.24842
1.0635
0.29258
0.36255
0.23468
0.12197
0.24716
0.56957
0.095654
0.36801
0.29828
0.38296
0.19352
0.12145
0.088197
0.14663
0.37368
0.094108
1.2282
1.0033
0.34717
0.70324
0.15608
0.27558
0.089589
0.1087
0.61009
0.69593
0.24674
0.20517
1.0611
0.94959
0.30013
0.54447
0.27506
0.13111
0.099856
0.29005
1.2449
0.56862
0.077795
0.14529
0.0795
0.11464
0.081084
0.82351
0.084785
0.27335
0.36819
0.23214
0.29291
0.11104
0.75802
0.34048
0.11754
0.10963
0.28864
1.1264
0.10439
0.38988
0.67376
0.86291
1.1793
0.28786
0.48005
0.10013
0.22207
0.12373
0.09175
0.16265
0.074625
0.52373
0.78212
0.41585
0.22521
0.21746
0.13381
0.16036
0.66522
0.12304
0.12362
0.19282
0.091095
0.66361
1.223
0.90005
0.44399
0.78674
1.3952
0.18089
0.21114
0.64069
0.11769
0.09754
0.47476
0.18965
0.28934
1.1241
0.73533
0.75341
0.44129
1.1746
0.57018
0.33519
0.63181
0.17484
0.13424
0.072122
0.12542
0.32601
1.0318
0.19361
0.23782
0.12485
0.76727
0.31351
0.35558
0.1111
1.0335
0.43315
0.57597
0.62298
0.10206
0.50075
0.19989
0.93572
0.19179
0.74806
0.37448
0.096792
0.096111
0.08967
0.17383
1.1759
0.48679
0.16402
1.0966
0.2148
0.25119
0.18457
0.13154
0.085456
0.38619
0.21703
0.37593
0.11954
0.4351
0.11314
1.2147
0.28894
0.47989
0.17654
0.17277
0.08154
0.91131
0.6495
0.20749
0.14906
0.50334
0.090741
0.89281
0.31993
0.14594
0.20303
0.10906
0.38132
0.40475
0.70103
0.20072
0.18556
0.25096
0.094391
0.28343
0.45103
0.78094
0.8714
0.3248
1.5989
0.5388
1.1917
0.58684
0.92807
0.27723
0.19627
0.092394
0.42354
1.1918
0.16105
0.2396
0.19527
1.1187
0.15573
0.11058
0.12347
0.57066
0.15585
0.19061
0.062837
0.14221
0.37356
0.73832
0.2856
0.72201
0.17076
0.50656
0.089567
0.25537
0.61007
1.2458
1.0704
0.68416
1.2704
0.38182
1.002
0.73409
0.073783
0.11224
1.2061
0.5376
0.65506
1.0563
0.22453
0.14647
0.55627
1.1097
0.081203
0.43083
0.42898
0.088928
0.72387
0.41331
0.35089
0.23013
0.15682
0.25259
1.589
1.1224
0.51526
0.22138
0.19019
0.09125
0.11831
0.11229
0.1126
0.46363
0.62259
1.2539
0.34591
0.21318
0.088039
0.4353
0.6532
0.083346
0.38318
0.29204
0.25338
0.37069
0.067774
0.14668
0.59031
0.073715
0.54533
0.93625
0.35333
0.19256
0.36747
0.65124
0.28785
0.066823
0.25454
0.1526
0.41362
0.18152
0.65823
0.085033
1.0681
0.14725
0.09157
0.10538
0.23373
0.28014
0.11854
0.13692
0.19445
0.84958
0.95321
0.50135
0.11243
0.13046
0.13357
0.17687
0.1249
1.1972
1.0587
0.23635
0.077612
0.93722
1.1205
0.14773
0.10425
0.85173
0.08577
0.52086
0.88576
0.10637
0.075058
0.81942
0.46717
0.72285
0.10736
0.20187
0.25902
0.45354
0.81759
1.0134
0.14348
0.19891
0.21124
0.10748
0.11128
0.10522
0.058681
0.38177
1.1959
0.22619
0.1334
0.76227
0.28745
0.48216
1.1978
0.32451
0.13264
0.29912
0.30054
0.16451
1.0258
0.25443
0.37127
0.13161
0.12781
0.20331
0.31754
0.21757
0.9738
0.58328
0.09874
0.17963
0.18689
0.066699
0.20809
0.1018
0.062743
0.08336
0.19382
0.1071
0.35089
0.42384
0.83863
0.94632
0.95745
1.014
1.175
0.098779
0.81038
0.81697
0.95214
1.193
0.30363
0.17586
1.1136
0.94924
1.6627
0.082397
1.172
0.22777
0.20714
0.173
0.23601
0.18835
0.67982
0.37167
0.11228
0.16687
0.30058
0.11874
1.0655
0.078027
0.1333
0.10162
0.13347
0.28135
0.78003
0.099015
1.1743
0.56615
0.13549
0.21974
0.37524
0.15712
0.20278
0.50461
0.20053
0.99011
0.12957
0.37991
0.68281
0.19033
0.15298
0.55454
0.93428
0.26483
1.2562
1.2961
0.51708
0.071935
0.40496
0.10189
0.11367
0.3106
0.46492
0.10034
0.11049
0.43673
0.31907
0.82034
0.10942
0.49174
0.14331
0.60068
0.10579
0.17955
0.70458
0.76896
0.13491
1.0571
0.082711
0.085937
1.3694
0.15529
0.13307
0.18178
0.40666
0.15561
0.31109
0.69775
0.97201
0.80041
0.177
0.55034
0.86321
0.13766
0.40866
0.37386
0.30579
0.16757
0.12996
0.77271
0.86388
0.15054
0.10422
0.8075
0.65375
0.29683
0.59242
0.17345
0.16201
0.21999
1.0435
0.23224
0.20146
0.36285
0.10603
0.47528
0.29572
0.21894
0.1167
0.12823
0.55341
0.21492
0.46542
0.095924
0.80522
0.40527
1.1457
0.3912
0.98841
0.44266
0.11214
0.53526
1.1357
0.54288
0.18254
0.42691
0.3494
1.0433
0.19988
0.67799
0.23035
0.35971
0.40005
0.40026
0.10911
0.10323
0.10243
0.14457
1.3976
0.12909
0.58968
0.084677
0.5635
0.39242
0.40253
0.75691
1.153
0.25297
0.67118
0.26768
0.9865
0.63589
0.28649
0.26007
0.13518
0.094468
1.1343
1.0454
0.16015
0.35745
0.091444
0.61771
0.13188
0.30405
0.70396
0.36942
0.43791
0.71969
0.072388
1.1088
0.72824
0.59886
0.13989
1.3583
0.077347
0.14183
0.20505
0.46781
0.76945
0.080712
0.28261
0.21168
0.072209
0.36936
0.10177
0.11689
0.92807
0.18638
0.12367
0.077537
0.58604
0.10979
0.41125
0.27677
0.10875
0.12081
0.84673
0.098444
0.17854
0.13633
0.40643
0.25344
0.35066
0.58791
0.10915
0.14161
0.14099
0.65711
0.39281
0.20546
0.65578
0.14921
0.31019
0.068555
0.25508
0.1489
0.78921
0.38454
0.068913
0.53139
0.12401
0.28245
0.3789
0.09644
0.13803
0.29126
0.14967
0.25458
0.5165
0.22009
1.2248
0.34594
0.44324
0.1299
0.11014
0.23717
1.2292
1.2991
0.16207
0.2924
1.0869
0.23976
0.23516
0.41045
1.1336
0.12743
0.92788
0.3416
0.53937
0.20042
0.46729
1.0779
0.21058
0.24424
1.3649
0.4844
0.21247
0.28082
1.1779
0.5349
0.42295
0.74063
0.10435
0.086578
0.40768
0.53285
0.27895
0.14476
0.093978
0.87798
0.2262
0.16047
0.38206
0.10087
0.15508
0.23451
0.11322
0.13999
0.12529
0.60133
0.31731
0.15708
0.17074
0.89722
0.32308
0.47943
0.60697
0.2651
0.44402
0.43823
0.80258
1.3569
0.20635
0.071754
0.59394
0.096708
0.36212
0.49476
0.5187
0.40718
0.1415
0.51713
0.13487
0.2083
1.0411
0.18368
0.37145
0.10505
0.63403
0.26042
0.13656
0.11177
0.31135
0.18769
0.31463
0.21111
0.11375
0.13199
0.17718
0.13132
0.72231
1.0111
1.2664
0.12433
0.068227
0.16666
0.18841
0.43396
1.1519
0.33737
0.13584
0.36927
0.10888
0.26963
0.66875
0.063355
0.661
0.12199
0.14083
0.18279
0.11986
1.2479
1.0055
0.16992
0.10803
0.081539
0.63869
0.11368
0.80712
0.7157
0.089356
0.14475
0.24184
0.75057
0.98214
0.97343
0.15592
0.30258
0.20067
0.86736
0.20065
0.67102
0.1663
0.32252
1.0102
0.090197
0.2278
0.12777
1.0352
0.5894
0.22864
1.014
0.076626
0.098453
0.20317
0.45735
0.14207
0.85986
0.876
0.29826
0.5137
0.21343
0.07415
1.0882
1.2652
0.12971
0.21727
0.4016
0.070597
0.095745
0.24927
0.20763
0.1241
0.090193
0.33788
1.0579
0.10557
1.1532
0.15014
0.20801
1.0023
0.1209
0.27906
0.51909
1.0832
0.075671
0.14872
1.1138
0.58394
0.28786
0.20491
0.12873
0.41988
0.080308
0.40992
0.18591
0.15197
0.10909
0.61213
0.86226
0.442
0.10826
0.22751
0.12862
0.62954
0.17588
0.13375
0.15784
0.69928
1.0216
0.12617
0.16989
0.13608
0.35658
0.29025
0.8077
0.34265
1.2089
1.0491
0.24901
0.10078
0.1929
0.095719
0.62384
0.82478
0.51371
0.31104
0.34162
0.088693
0.76142
0.14439
0.41746
1.1847
1.0212
0.23253
0.11648
0.22298
0.20916
0.95785
0.25899
0.33372
0.51152
0.94724
0.1383
0.28291
0.14952
0.33091
0.46367
0.57064
0.48289
0.64488
0.83273
0.26829
0.2095
0.26599
0.1923
0.80562
0.27678
0.09177
0.26678
0.25223
0.76409
0.5162
0.14269
0.52075
0.28968
0.38081
0.65122
0.17707
0.18169
0.32737
0.10083
0.49855
0.4268
0.10703
0.56503
0.063822
0.90844
0.099478
0.3594
0.38
0.12581
0.27906
0.21072
0.52113
0.4462
0.50687
0.13529
0.5392
0.22644
0.068631
1.1617
0.43819
0.25208
0.13464
0.701
0.86566
0.16763
0.97458
0.1974
0.27945
0.98133
0.64652
0.082233
0.30093
0.11913
1.0659
0.99547
0.27029
0.13217
0.093578
0.24059
0.35081
0.41456
0.54518
0.48517
1.2086
0.10981
0.56563
0.33385
1.2429
0.10608
0.26745
0.099626
0.89744
0.11479
0.33598
0.16946
0.5946
0.11234
0.39577
0.21489
0.23595
0.16128
0.20121
0.23539
0.71513
0.1027
0.47747
0.55887
1.0949
0.12978
0.18899
0.10852
0.096437
0.167
0.10717
0.35905
0.34199
0.69733
0.08361
0.51817
0.3724
0.19667
0.14979
1.0678
0.99426
0.10227
0.27472
0.78927
0.48744
0.16766
0.36665
1.2734
0.35852
0.13817
0.14286
0.30167
0.47281
0.19776
0.11541
0.22163
0.1097
0.137
0.60361
0.59514
0.27445
0.18223
0.27203
0.17809
0.68723
1.1652
1.2037
0.15811
1.2086
0.55165
0.16913
0.18957
1.0976
0.16488
0.091364
0.22251
0.70183
0.15802
0.12742
0.15922
0.4933
0.47971
0.34006
0.11934
0.51403
1.1596
0.1324
0.18473
0.15434
0.60571
0.28814
0.8241
0.25321
0.28411
0.17273
0.24388
0.75986
0.99167
0.26164
0.98234
0.29634
0.65262
0.1151
1.0962
0.098538
0.3429
0.25432
0.61409
0.32485
0.13476
0.37852
1.1074
0.22545
0.094698
0.41053
0.077049
0.092506
0.56164
0.56089
0.39978
0.38345
0.11267
0.36405
0.31491
0.71299
0.23133
1.0339
0.82844
0.19261
0.82704
0.31345
1.243
1.142
1.0557
0.18049
0.2387
0.40808
0.80712
0.46617
0.76682
0.10064
0.12862
1.1287
0.59033
0.63051
0.25823
0.14789
1.258
0.069364
0.39204
0.21625
0.1076
0.66796
0.52189
0.097804
0.090382
0.22648
0.075135
0.081744
0.19183
0.43232
0.1593
0.077978
0.40123
0.23013
0.43045
0.12151
0.091078
0.17625
0.44705
0.075698
0.1548
1.6184
0.16701
0.31725
1.039
0.97823
0.13943
0.32173
0.81269
0.42169
0.13628
0.26272
0.67052
0.77316
0.15166
0.46019
0.10129
0.69377
0.8774
0.22902
0.17032
0.43268
0.52042
0.7664
0.65145
1.2299
0.19599
0.19395
0.67256
0.63866
0.29897
0.4375
0.68532
0.28287
0.28321
0.11443
1.1106
0.57223
0.13472
0.11081
1.1112
0.78066
0.5658
1.0685
0.40248
1.0507
0.062404
0.28979
0.22741
1.1141
0.27146
0.1263
0.41982
0.39373
0.10027
0.21788
0.25449
0.54313
0.51191
0.11596
1.1868
0.61819
0.60408
0.13756
0.73541
0.1709
0.21723
1.0486
1.1577
0.28766
1.0837
0.17812
0.70427
0.27868
0.18316
0.186
0.064341
0.18478
0.53389
0.23926
0.19071
1.0527
0.22241
0.42046
0.40563
0.3186
1.1635
0.27309
0.11962
0.37319
0.14276
0.11935
0.22343
1.1887
1.2338
0.76329
0.1018
0.12132
0.66353
0.35037
0.25511
0.45807
0.14736
0.09513
0.085199
1.4264
0.10928
0.31983
0.86171
0.16377
0.44382
0.086488
0.089998
0.14688
0.14902
0.16765
0.28876
0.7898
0.73514
0.11625
0.15516
1.4005
1.4229
0.92265
0.29666
0.18467
0.36359
0.31046
0.067643
0.88661
0.86671
0.092375
0.21662
0.19365
0.29109
1.0515
0.12431
0.097732
0.09545
1.0595
0.082158
0.24842
0.14347
0.21864
0.30188
1.1406
0.10717
1.1118
0.67871
0.067499
0.54722
1.0938
0.088873
0.22911
0.64944
0.1155
0.63065
0.81996
0.72686
1.0343
0.85468
0.30571
0.22901
0.13077
0.95835
0.095488
1.4316
0.13388
0.098144
0.1293
0.14322
0.082572
0.93434
0.39584
1.1536
0.44757
0.43889
0.51235
0.73664
0.2277
0.98387
0.37538
0.31158
0.96396
0.54118
1.0871
0.8272
0.92095
0.46093
0.40042
0.12129
0.11564
0.59289
0.9408
0.36959
0.1145
0.095677
0.47019
0.16034
0.51549
1.0103
0.21332
0.65705
0.74354
0.13176
0.67977
1.0974
1.1166
0.38399
0.1141
0.16485
0.69286
0.49018
0.15565
0.089248
0.2214
0.16084
0.48801
0.14236
0.17385
0.10813
0.74959
0.10649
0.91125
0.56415
0.60265
0.49519
0.067427
0.16698
1.1685
0.10388
0.33097
0.32355
1.2014
0.1054
0.25613
0.73007
0.33654
0.22559
0.57398
0.555
0.21261
0.34252
0.56657
0.15971
0.49202
0.08769
1.0821
0.29069
0.35255
0.12664
1.2833
0.64043
0.17517
0.28359
1.121
0.40683
1.4376
0.27777
0.65166
0.47546
0.41932
0.15594
1.4178
0.14633
0.57576
0.5254
0.24119
0.3117
0.34605
0.23666
1.0858
0.67849
0.15508
0.75429
0.13443
0.14498
0.20578
0.085945
0.25512
0.057998
0.07862
1.1178
0.16419
1.0218
0.2272
1.1201
0.22255
1.1912
0.48655
0.15615
0.22994
0.13325
1.3866
0.9319
0.2722
1.3881
0.17313
0.91143
0.26872
0.8435
0.22191
0.75761
0.081227
0.14154
0.49793
0.14734
0.09358
0.99856
0.076837
1.1781
0.062263
0.2493
0.11607
0.26966
0.29449
0.10374
0.17975
1.1285
0.074817
0.1402
0.3091
0.079367
0.71009
0.13326
0.27634
1.0387
0.44015
0.12803
0.72841
0.079149
0.1381
1.0494
0.11371
0.77241
0.069117
0.50144
0.69523
0.11373
0.064143
0.25442
0.28895
0.63927
0.067574
0.30086
0.16302
0.22517
0.061285
0.49602
0.37449
0.092139
0.22983
0.43625
0.25003
0.38632
0.88308
0.094293
0.42304
0.054917
0.15125
1.2126
0.12747
0.29991
0.54761
0.64198
0.77897
0.11197
0.15366
1.1826
1.0503
0.24225
0.15265
0.10282
0.17774
0.37508
0.21575
0.29121
0.079488
0.33421
0.13442
0.86262
0.099757
0.088985
0.36599
0.23091
0.33071
0.30865
0.11788
0.78997
0.14206
0.71964
0.28964
0.43782
0.36371
0.20643
0.59082
0.77987
0.19402
0.22984
1.0091
0.31813
0.43953
0.12276
0.56737
0.34194
0.14452
0.17703
1.6938
0.77788
0.30446
0.081861
0.63131
0.28196
0.62259
0.85981
0.16677
0.085199
0.15378
0.092309
0.54228
1.083
0.88085
0.12286
0.14837
0.77477
0.71145
0.3898
0.12091
0.23734
0.27571
0.096837
0.12913
0.23001
0.65482
0.41402
1.2769
0.10029
0.19925
0.8981
0.15703
0.28983
0.42951
0.40111
0.11678
1.3044
0.15288
0.64241
0.34256
0.081728
0.17795
0.10692
0.96459
0.11418
0.6131
0.11844
0.93667
0.1524
0.10349
0.40743
0.34439
1.0541
1.098
0.11286
0.082325
0.13308
0.20738
0.14118
0.24873
1.1326
1.0641
0.21971
0.070386
0.21919
0.12351
0.15289
1.1902
0.15851
0.40907
0.43142
1.0269
0.35436
0.5715
0.60673
0.1504
0.39218
0.19436
0.7065
0.77415
0.073833
0.18222
0.37702
0.11332
0.23726
0.13844
0.14046
0.071074
0.39448
0.84866
0.12178
1.0012
0.22683
0.72037
0.10748
0.63494
0.31933
0.27417
0.10303
0.51767
0.1256
0.63141
0.94359
0.35654
0.36161
0.15253
0.089126
0.09117
0.49673
0.5359
0.13397
0.15371
0.093582
0.17709
0.38348
0.14016
0.16353
0.18095
0.087406
0.28317
0.38234
0.099189
0.53651
0.18407
0.81788
0.60199
1.0788
0.20764
0.47524
0.10063
0.083891
0.26894
1.0688
0.11253
0.12695
0.83357
0.21886
0.54338
0.74432
0.11923
0.092713
0.063889
0.20087
0.24167
0.094188
0.22727
0.16719
0.092992
1.0531
0.50933
0.14239
0.13608
0.43631
1.3223
0.5389
0.14577
0.20315
0.72121
0.083701
0.22299
0.23034
0.42373
0.46483
0.084785
0.36055
0.67611
0.089142
0.27754
0.11133
0.14872
0.51686
0.2912
0.23554
0.6503
0.11984
0.8343
0.24572
0.961
0.34814
0.13793
0.25986
0.67288
0.85553
0.099674
0.26607
0.72249
0.50791
1.2833
0.7665
0.13915
0.75451
0.51923
0.34844
0.27414
0.36548
0.40749
0.075616
0.51681
0.50483
0.23801
0.14169
0.29623
0.50869
0.75621
0.16723
0.095861
0.2843
0.49203
0.30149
0.33087
0.96246
0.48056
0.1606
0.18706
0.36724
0.65709
0.10244
0.077793
0.14514
0.39105
0.17287
0.17515
0.18867
0.1001
0.17182
0.13432
0.62639
0.37066
0.12828
0.45879
1.0938
0.15046
1.2575
0.11152
0.58753
0.12447
0.10676
0.10507
0.96076
0.44775
0.90098
0.3706
0.15489
0.16871
0.10916
1.2651
0.18346
0.13143
0.77265
0.095252
0.15713
0.18347
0.086602
0.29475
0.12443
0.090436
0.44426
0.38572
0.39934
0.16389
1.3053
0.65948
1.156
0.36062
0.074421
0.62331
0.2105
0.15003
0.21855
0.09493
0.34157
0.35589
0.14666
0.54264
0.094936
0.11269
0.2737
1.2039
0.08797
0.42595
0.23582
0.18376
0.70331
0.36756
0.10057
0.23788
0.10549
0.32062
0.071856
0.55619
0.17796
0.67591
0.35564
0.079482
0.20516
0.60956
0.34086
0.10142
0.14522
0.1503
0.099403
0.52721
0.84047
0.1039
0.58703
0.23927
1.0716
0.96354
0.56733
0.68959
0.72616
0.63046
0.23638
1.2122
1.2421
0.15089
0.71972
0.23953
0.69624
0.15141
0.78026
0.37603
1.0382
0.64719
0.29845
0.22903
0.4007
0.66624
0.14826
0.93086
0.2469
0.27267
0.21665
0.62974
0.8087
0.90486
0.18823
0.27023
0.94271
0.47896
1.1188
0.11609
0.27417
0.29562
0.76618
0.12677
0.36726
0.1185
1.1451
0.1791
0.085379
0.67489
0.26628
0.080975
0.30808
0.25157
0.92925
0.39794
0.67156
0.16926
0.10164
0.10763
0.30652
0.34138
0.29668
0.10355
0.26433
0.30468
0.11055
0.27819
0.19531
0.27781
0.26988
1.6857
0.46124
0.098059
1.149
0.33279
0.20671
0.68299
0.59819
0.52218
0.086759
0.15166
0.91981
0.068613
0.1668
0.089348
0.91179
1.3003
0.59426
1.2053
0.15861
0.30449
0.24578
0.087832
0.12356
0.26142
0.87658
0.84142
0.26534
0.15498
1.2497
0.70941
0.18823
0.22522
0.10497
0.23844
0.81588
0.42581
0.20137
0.41532
1.1264
0.13769
1.063
1.0275
0.91204
0.79037
0.32941
0.20315
1.0035
0.77678
0.85304
0.24513
0.26856
0.35935
0.12285
0.66404
0.43711
0.15048
0.25939
1.1292
0.23761
0.50965
0.42003
0.15341
0.31057
0.11356
0.13786
0.73998
0.081369
0.11829
0.51288
0.13819
0.12778
0.26011
0.23137
0.56927
0.13063
1.0479
0.31285
0.36519
0.27892
0.22334
0.098672
1.0259
0.26504
0.623
0.11167
0.351
0.46384
1.576
0.39127
0.16653
0.6093
0.23814
0.78196
0.11628
0.89981
0.24226
0.15468
0.71794
0.12334
0.17313
1.1142
0.21637
1.0531
0.1749
0.26112
0.13698
0.0873
0.80988
0.12566
0.34412
0.17151
0.81845
1.2313
0.24373
1.1864
0.90716
0.11425
0.94969
0.3657
0.32937
0.14854
0.13182
0.33689
0.34792
0.092617
0.41689
0.71836
0.76207
0.21559
0.13885
0.62145
1.0497
0.42839
0.80841
0.49047
0.78743
0.64217
1.1024
0.081939
0.6703
0.97492
0.91767
1.0264
0.53514
1.0719
0.090619
0.1091
0.079954
0.14177
0.17961
0.86734
0.16973
0.67594
1.2241
1.3498
0.91724
0.10981
0.92311
0.24325
1.1945
0.5605
0.32844
0.099865
0.35726
0.19423
0.078087
0.15465
0.10873
0.074682
0.073588
0.26973
0.35687
0.12082
0.37379
0.1585
0.32932
1.0983
0.22267
0.47652
0.20356
0.17247
0.15064
0.2452
0.18218
0.98369
0.070833
0.11231
0.73728
0.45554
0.39599
0.10779
0.23344
0.4124
0.37638
0.40694
0.12725
0.99222
0.4159
0.31877
0.48376
0.59438
0.26879
0.3748
0.10683
0.1699
0.56787
0.20966
0.53573
0.85171
0.21534
0.64499
0.063832
0.38842
0.47817
0.31894
0.35058
0.11983
0.11361
0.098945
0.31921
0.084485
0.089483
0.44677
0.51368
0.22332
0.96131
0.40141
0.15154
0.89894
0.077386
0.1183
0.20411
0.12683
0.18429
1.088
0.091905
0.13367
0.1602
0.070777
0.47554
1.6557
0.18872
0.38204
0.11601
0.093932
0.27825
0.10268
0.41308
0.69586
0.56632
0.80559
1.1296
0.061191
0.24914
0.18452
0.81304
0.19637
0.69761
0.13658
0.61825
0.2215
0.70145
0.28701
0.635
0.16452
0.34526
0.14483
0.20498
1.2232
0.10476
0.18347
0.52118
0.754
0.09047
0.17282
0.3589
0.10909
0.086195
0.88183
0.14766
0.29332
0.57373
0.081197
0.97034
0.54548
0.54152
0.14386
0.4605
0.7671
0.42424
0.12861
0.07264
0.097301
0.19244
0.25814
0.20912
0.089667
1.0527
0.50064
1.1778
0.052956
0.31511
0.18724
0.13981
0.16437
1.2388
0.21206
0.1449
0.40006
0.24169
0.10109
0.20341
0.074524
0.58949
0.9479
0.12503
0.11461
0.53463
0.29605
0.075773
0.32452
0.18152
0.092738
0.40114
0.92534
0.33326
0.086815
1.1084
0.16777
0.17341
0.11101
0.13744
0.1544
0.18769
0.085632
0.12334
0.1747
0.52175
0.11385
0.54428
0.068785
0.17033
0.083295
0.88388
0.56269
1.1013
0.79065
1.0174
0.50878
0.95737
0.17337
0.1071
0.11839
0.40857
0.15514
1.1745
0.094309
0.091792
1.1783
0.083341
0.46854
0.14571
0.095708
1.0184
0.16346
0.53388
0.44014
0.91429
0.11902
1.009
1.2907
1.1806
0.12928
0.26682
0.12317
0.096999
0.23476
0.11101
0.17127
0.082494
0.49485
0.093478
0.4782
0.31448
0.14422
0.62938
1.45
1.2018
0.12825
0.22014
0.12927
0.32009
0.078364
1.137
0.35114
0.33712
0.18325
0.18508
0.077149
0.74692
1.4256
0.57834
0.25929
0.90274
0.12884
0.72242
0.16959
0.20927
0.54837
0.66596
1.0655
0.72214
0.19603
0.14604
0.50067
0.12386
0.11308
0.17372
0.37933
0.89336
0.48923
0.77606
0.22075
0.32911
0.52813
0.19063
0.13683
1.0207
0.81759
0.37482
0.48318
0.41119
0.09246
1.0565
0.15802
0.33052
0.1583
0.12607
0.47265
0.41626
0.92936
0.19333
0.13496
0.98685
0.20741
0.067988
0.1131
0.64745
0.13061
0.86804
0.53583
1.0996
0.71242
0.98848
0.14545
0.10712
0.10871
0.15431
0.57358
0.26494
0.48172
0.25398
0.46559
0.16956
1.0064
0.15266
0.24633
0.49229
1.1493
0.068722
1.0604
0.86424
0.58358
0.26252
0.56161
0.21304
1.088
0.08022
0.27222
0.144
0.17665
0.088139
0.22736
0.073805
0.20605
1.0841
0.96837
1.0856
0.12328
0.10969
0.56165
0.75765
0.91308
0.13766
0.97589
0.14738
0.33519
1.061
1.3563
0.22223
0.94151
0.96862
0.22514
0.55068
0.1926
0.2132
0.1353
0.50412
0.10627
0.31159
0.20423
1.1234
0.11097
1.5455
0.18095
0.20139
0.085972
1.1002
1.1818
0.60618
0.080808
1.2746
1.1606
0.16259
0.22605
1.1267
0.10273
0.12447
0.30189
0.088271
0.077297
0.126
0.73148
0.32566
0.14899
0.1149
0.42402
0.082112
0.12907
0.096717
0.45553
0.34964
0.095243
0.29212
0.46305
0.53761
0.25754
0.052726
0.397
0.60247
0.72701
0.085853
0.30085
0.5755
0.21986
1.1589
0.2978
0.22179
0.071546
0.15934
0.18305
0.90423
0.15933
0.14373
0.35441
0.43951
0.48819
0.99945
0.27164
0.13566
0.16831
0.80703
1.1256
0.32724
0.25085
0.41756
1.0203
0.34727
0.3186
0.30821
0.073909
0.074573
1.1936
0.1087
0.76857
0.37657
0.15605
0.32115
0.39422
0.1006
0.09244
0.47031
0.07936
0.23883
0.28
0.20351
1.281
0.25635
0.20676
0.98925
0.34065
0.1072
0.46887
0.22608
0.39921
0.34374
0.13786
0.126
0.44733
0.33149
0.11282
0.20069
1.6212
0.13991
0.25753
0.41007
0.19131
0.10624
0.68419
0.84417
1.2908
0.13743
0.87832
0.51803
0.24126
0.30672
0.11866
0.13542
0.68314
0.53035
0.15229
0.15758
0.15331
0.10019
0.19282
0.084144
0.88224
0.10064
1.0252
0.23346
1.2144
1.1407
0.70237
0.080386
0.31886
0.20192
0.11085
0.099157
1.1358
0.1991
0.38494
1.1749
0.23126
0.092044
1.1452
1.2771
0.2895
0.17396
0.26556
0.14476
0.13087
0.25081
1.2016
0.73009
1.3929
0.97045
0.11727
0.08254
0.92591
0.15145
0.11997
0.66294
0.79772
0.92719
0.14037
0.12949
0.12781
1.1813
0.11864
0.094641
0.12429
0.16214
0.081416
1.001
0.14433
1.0408
0.15831
1.0183
0.47171
0.39833
0.24425
0.48131
0.14024
0.97852
0.37463
0.32578
0.12673
0.12543
0.64109
0.1547
0.22594
0.40268
0.077786
0.081413
0.11534
0.84285
0.15198
1.1828
0.1102
0.58424
1.2469
0.56658
0.059199
0.20666
1.0707
0.2972
0.22383
0.090301
0.17263
0.20647
1.0228
0.42901
0.13863
0.36353
0.16818
0.13526
0.93805
0.075803
0.67448
0.23661
0.28593
0.80456
0.086808
0.27642
0.085055
0.086012
0.076454
0.16231
0.11139
0.16204
0.13431
0.74891
0.071403
1.1774
0.098835
0.37477
0.77468
0.083404
0.18982
0.35201
0.44446
0.89927
0.14466
0.14667
0.20499
0.54008
0.623
0.11296
0.19174
0.1738
0.32975
0.40496
1.3023
0.31009
0.1368
0.10324
0.22089
0.97535
0.085815
0.12516
0.083159
0.10644
0.5614
0.37176
0.52829
0.21561
0.72084
1.0925
0.25495
0.71019
0.66076
0.98556
0.39217
0.10393
0.10875
0.25983
0.22888
0.68745
1.0199
0.4562
0.14644
0.098661
0.16889
0.12773
0.80704
0.17767
0.43857
0.54963
0.35873
0.97797
0.81256
0.15928
0.67539
0.36664
0.22048
0.18373
0.10234
0.11224
0.19834
0.76435
0.075371
0.5586
0.35149
0.16472
0.12732
1.121
0.55719
0.37103
0.33191
0.89352
0.75794
0.28803
1.1682
0.34136
0.5174
0.35328
0.51831
0.06839
0.13997
0.51552
0.28792
0.1534
0.6678
0.15476
0.14139
0.24786
0.67942
0.095976
0.14802
0.13591
0.31191
0.10736
0.17266
0.5713
0.43894
0.49798
0.79669
0.14569
0.078981
0.89362
0.304
0.13413
0.732
0.28649
0.20408
0.08124
0.77222
0.52894
0.12197
0.61081
0.56957
0.66189
0.095581
0.75108
0.16566
0.57342
0.87361
0.071755
0.12488
0.08499
0.5251
1.2282
0.10677
0.10727
1.2518
0.091338
0.3162
0.40129
0.42586
0.091128
0.40932
0.32694
0.75536
0.24707
0.23313
0.30013
0.22724
0.71322
1.034
0.76929
0.35514
0.16253
0.42476
0.085594
0.087878
0.14787
0.36296
0.12411
0.82351
0.54244
0.72692
0.12621
0.77483
0.39372
1.1343
0.75863
0.34048
0.27618
0.345
0.13664
1.2591
0.95464
0.86353
0.67376
0.46676
0.60915
0.22149
1.0997
0.065087
0.54293
0.083554
0.20169
0.16404
0.57589
0.77795
0.1795
0.36697
0.99083
1.0221
0.10843
0.13153
0.10138
0.10121
0.099028
0.19282
0.33854
0.76377
0.11446
0.90005
0.48751
0.5783
0.15851
0.17784
1.5109
0.3251
0.33718
0.081664
0.11794
0.22536
0.19359
0.3942
0.94687
0.80282
0.092755
1.1746
0.57018
0.9454
0.14721
0.24858
0.13424
0.38168
0.097812
0.32601
0.072097
0.28377
0.23782
0.19361
1.3725
1.0311
0.25185
0.067029
0.13814
1.1424
0.21102
0.11397
0.26403
1.6224
0.97958
0.93572
0.15189
0.91651
0.1748
0.25161
0.096111
0.15751
0.077259
0.72228
0.090309
1.2196
1.0189
0.45066
0.48988
0.18457
0.29535
0.24883
1.0148
0.16622
0.16863
0.2199
0.60524
0.31219
0.1345
0.11499
0.16005
0.092419
0.17277
1.1614
0.91131
0.50305
0.43686
0.20659
0.27916
1.0105
1.0717
0.28401
0.10693
0.49746
0.10906
0.75622
0.40475
0.70103
0.50576
0.25311
0.9736
0.1432
0.095153
0.52128
0.17709
0.63589
0.076115
1.0743
0.5388
0.10909
0.092118
0.17283
0.62272
0.18119
0.69415
0.14949
0.99343
0.093184
0.30926
0.13918
0.69794
0.083224
0.097256
0.15922
0.80993
0.51778
0.32385
0.14288
0.3372
0.37356
0.36243
1.1829
0.1264
0.12921
0.47566
0.089567
0.19559
0.28487
0.19827
1.0704
0.55252
0.25968
0.14666
0.24293
1.0998
0.15142
0.67277
0.25243
0.23614
0.071152
0.24758
0.12426
0.14647
0.55627
0.18356
0.24369
0.35002
0.4325
0.12696
1.2188
0.19232
1.0445
0.97942
0.2036
0.33267
1.589
1.18
0.41301
0.093902
0.14888
0.37822
0.11831
0.16342
0.11943
0.16587
0.07782
0.1389
0.55005
0.2033
0.65845
0.19032
0.17729
0.23421
0.090615
1.1638
0.48362
1.1654
0.71131
0.15208
0.16547
0.08787
0.13759
0.54068
0.12717
0.67918
0.71103
0.36749
0.37149
0.78213
0.11174
0.54838
0.70532
0.29112
0.1501
0.083039
0.26054
0.34628
0.12719
0.91297
0.29093
0.1838
0.11077
1.1559
0.26346
0.67973
1.101
0.50135
0.57521
1.2077
0.085419
0.8341
0.15781
0.10033
1.2901
0.23635
0.91499
0.1407
0.88669
0.18064
0.90681
0.95159
0.27932
0.52086
0.53663
0.3444
0.21438
1.4014
0.46717
0.12748
0.13795
0.17097
0.31981
0.17556
0.66661
0.20151
0.15447
0.2111
0.49964
0.71029
0.071549
0.1697
0.076679
0.8767
0.37014
0.39677
0.22907
1.0704
0.35594
0.12168
1.1978
1.1213
0.62954
1.0146
1.0715
0.83773
0.17187
0.84839
0.14042
0.17716
0.10672
1.0152
1.1053
1.0069
0.20424
0.10196
0.076124
0.28395
0.63243
0.29996
0.22365
0.86142
0.11836
0.08336
0.46315
0.32408
0.4468
0.32489
0.14242
0.2341
0.83816
0.38322
1.175
1.0755
0.32215
0.46024
0.084253
0.26867
1.272
0.094761
0.17376
0.24577
0.83295
0.4098
0.76038
0.30576
0.40766
0.078307
0.23601
0.12374
0.97649
0.65531
0.06497
0.16687
0.57786
0.2671
0.22807
0.31238
0.10812
0.16035
0.15674
0.080674
0.21407
0.58922
0.097504
0.36932
0.1635
0.21974
0.26285
0.15712
0.23954
0.19123
0.094677
1.1343
0.29111
0.081429
1.094
0.079963
0.086282
0.55454
0.29846
1.0704
0.086223
0.10801
1.1217
0.44922
0.42316
0.27401
0.48185
0.35481
0.61841
0.10034
0.15105
0.17665
1.3702
0.23923
0.31925
0.19424
0.097967
0.89731
1.1098
0.12982
0.080431
0.56408
0.33638
0.17124
1.0257
0.095219
0.098191
0.33248
0.68146
0.13492
0.11543
0.75335
0.25303
0.10868
0.092131
0.076116
1.1356
0.70287
0.09565
0.10715
0.40866
0.37386
0.43459
0.07103
0.13758
0.50881
0.12431
0.11774
1.0137
0.37564
0.083107
0.50295
0.078244
0.62581
0.16201
0.20559
0.46622
0.43952
0.11118
0.29246
0.12434
0.22215
0.10773
0.23314
0.10748
1.2757
0.12915
0.1066
0.81493
0.12593
1.1478
0.31675
0.31744
0.10514
0.11584
0.19496
0.094326
0.51491
0.89762
0.15631
0.18254
0.77812
0.17133
1.0325
1.1229
0.81731
0.78104
0.59849
0.094328
0.90365
0.55205
0.086656
0.13508
0.32163
0.078982
0.37772
0.12983
0.90081
0.90799
1.2674
0.10578
0.75691
0.12051
0.29646
0.06794
0.32789
0.42964
0.53435
1.1968
0.40791
0.30214
0.094468
0.35989
0.14175
0.51748
0.12773
0.38166
0.78031
0.25363
0.075936
1.1683
0.63849
0.1289
0.10514
0.78494
0.13311
0.58477
0.37272
0.19641
0.23014
0.77346
0.11829
0.79796
0.46781
0.76945
0.081586
0.09067
0.25523
0.22456
0.22404
0.28499
0.9727
0.097634
0.24519
0.84914
0.37498
0.13566
0.10979
0.16421
0.16295
0.44914
0.12465
0.49026
0.096299
0.13527
1.1977
0.14249
0.25344
0.095473
0.65179
0.085162
0.1745
0.089908
0.060954
0.67839
0.20546
0.17186
0.24959
0.13332
1.3647
0.25508
0.10324
0.78921
0.28358
0.14076
1.1579
0.25838
0.15896
0.55008
1.1771
0.34761
0.29126
0.62707
0.40994
0.11101
0.57378
0.39833
0.29211
0.44324
0.1299
0.11014
0.4018
0.98456
1.1364
0.19153
0.088565
0.45825
0.49148
0.23516
0.31076
0.77745
0.30604
0.22844
0.15374
0.26657
0.29803
0.086709
0.27204
0.12189
0.17984
0.2532
0.4045
1.1053
1.0777
0.27342
0.25183
0.42295
0.11365
0.10435
0.20255
0.11655
0.11956
0.27895
0.86906
0.25169
0.44193
0.1544
0.10486
0.33583
0.3336
1.1531
0.13134
0.93257
0.31999
1.072
0.42225
0.25811
0.94457
0.24307
0.081414
0.12926
0.47943
1.2345
0.58411
0.11493
0.21528
0.46081
0.27632
0.71587
0.17547
1.1896
0.22912
0.6363
0.49476
0.21558
0.27011
0.1258
0.33199
0.19686
0.21168
0.15218
0.11647
0.16696
0.14784
0.88588
0.241
0.077467
0.80634
0.19693
0.15286
0.11682
0.21111
0.51845
0.87948
0.10922
0.16373
0.20522
0.43946
0.16523
0.49761
0.09349
0.64813
0.56486
0.074861
0.97111
0.33737
0.70381
1.0858
0.63604
0.17324
0.081926
0.11731
0.25193
0.12199
0.23696
0.087719
0.55817
1.2479
1.1669
0.16992
0.28253
0.081539
1.2266
0.079579
0.12481
0.21673
0.33842
0.20248
0.55802
0.19187
0.98214
0.40253
0.14339
0.85512
0.11379
0.15322
0.37871
0.46553
0.14403
0.061428
1.0102
0.21393
0.15201
0.079406
1.0352
0.5894
0.26447
0.10819
0.19508
0.46671
0.20317
0.80506
0.15941
1.0583
0.61497
0.25396
0.32589
0.15518
0.07415
1.0659
0.090394
0.36362
0.71933
0.23724
0.36702
0.65482
0.82459
0.14078
0.63343
0.10311
0.23819
0.58904
0.12238
0.22397
0.11598
0.14571
1.0023
0.83998
0.073321
0.51909
1.0832
0.52295
1.0302
0.17086
0.11091
0.3755
0.099203
0.23042
0.95656
0.11171
1.1163
0.18591
0.13796
0.39868
0.080308
0.31005
0.11161
0.42504
0.20139
0.12862
0.14381
0.17588
0.15348
0.09514
0.69928
0.11192
0.61578
0.069029
0.89442
0.35658
0.088006
0.1229
0.087051
0.67615
0.11056
0.17044
1.247
0.22242
0.27439
1.1595
0.63409
0.090913
0.41071
0.23041
0.10933
0.75569
0.14439
0.13866
0.089489
0.41798
1.2903
0.20322
0.22298
0.44052
0.093549
0.15951
0.15067
0.25592
0.18385
0.73838
0.25111
0.17677
0.14529
0.14547
0.09013
0.42883
0.29488
0.25225
0.13153
0.27738
0.13544
0.1923
0.47553
1.0986
0.17575
1.1554
0.20759
0.65307
0.093056
0.29484
1.4851
0.8195
0.34704
0.65122
0.31648
0.14412
0.11546
0.40694
0.088131
0.17649
0.076069
0.31229
0.27805
0.13385
0.5789
0.41598
0.10549
0.071701
0.17626
0.21072
1.1331
0.43427
0.13661
0.14929
0.5392
0.26827
0.34616
1.2008
0.2185
0.19961
0.098701
0.701
0.83129
0.37333
0.083964
0.089098
0.62788
0.62384
0.066127
0.14559
0.12853
0.19991
0.17301
0.36298
0.11202
0.14603
0.42107
0.17571
1.4437
1.0818
0.46494
0.071477
0.18808
0.26965
0.16078
0.33385
1.0232
0.27291
0.075344
0.21815
0.27958
0.11479
0.71625
0.42093
0.5946
0.11234
0.067925
0.21489
1.1166
0.43805
0.3015
0.17554
0.63808
0.35113
0.10081
0.22206
0.31378
0.22637
0.33432
1.2708
0.46587
0.066538
0.29303
0.11473
0.26462
0.37464
1.0911
0.99106
0.1766
0.12223
0.14979
0.47005
1.5343
0.19283
0.30842
0.12847
0.19771
0.15184
1.2456
1.1777
0.11426
0.097859
0.41833
0.93411
0.61336
0.84498
0.11541
0.080816
0.18217
0.69755
0.11679
0.59514
0.18301
1.465
0.27203
0.2894
0.68292
0.3935
0.084622
0.56266
0.069327
1.0719
0.10458
0.15781
0.19728
0.12273
0.99839
0.5183
0.13829
0.22391
0.11376
0.30007
0.21232
0.11622
0.59842
0.11934
0.10135
0.10256
0.1324
0.18473
0.074952
0.31686
0.15373
0.43665
1.0777
0.1364
0.3326
0.29678
0.67419
0.2338
0.16963
0.068093
0.18265
1.1025
0.65935
0.091707
0.11339
1.2063
0.36799
0.263
0.098012
0.21794
1.1893
1.1074
0.80548
1.1294
0.70327
0.077049
0.12345
0.1414
0.12778
0.32604
0.26765
0.83421
1.0299
0.31491
0.28517
0.18304
1.0339
0.083652
0.17236
0.16124
0.31345
1.251
0.12521
0.63138
0.55421
0.2387
0.042191
0.086395
0.10713
1.0989
0.094063
1.1638
0.16133
0.083831
0.85138
0.11379
0.32317
1.124
0.24801
0.72328
0.19452
1.0447
0.14714
0.4503
0.90067
0.15637
0.33456
0.075135
1.2541
0.18781
0.10655
0.52226
1.206
0.14839
0.62795
0.89786
0.50938
0.2711
1.0212
0.11408
0.49621
0.12707
0.15081
0.20428
0.31556
1.1348
0.13241
0.66088
0.46299
0.082358
0.37581
1.1015
0.14345
0.83976
0.10776
0.986
0.46019
0.7853
0.12521
0.43729
0.22902
0.10147
0.92041
0.066652
0.14305
1.0391
1.2228
0.8318
0.10816
0.99252
0.40575
0.18329
0.18011
0.1092
0.23099
0.12613
0.37352
1.1106
0.080633
0.53114
0.5069
0.34164
0.43599
0.09439
0.2036
0.11845
0.97668
0.18093
0.29024
0.28171
0.075899
0.23702
1.2229
0.32358
0.083694
1.1472
0.17811
0.25449
0.14191
0.18939
0.11596
0.14074
0.61819
0.12526
0.13756
0.11132
0.10828
0.32177
0.18704
0.40142
0.092846
0.2115
0.1778
0.24199
0.10706
0.32215
0.10281
0.11073
0.092762
0.16806
0.64767
0.19071
1.0527
0.17774
1.1184
0.30635
0.058044
0.96114
0.28333
0.14343
0.10661
1.0692
0.99053
1.1756
0.1024
0.52274
0.76329
0.23438
0.34731
0.43118
0.15178
0.12011
0.45807
0.067634
0.27838
1.0047
0.25089
0.31167
0.36562
0.27311
0.15495
0.44382
0.26009
0.1177
0.20839
0.26912
0.086169
0.43026
0.97488
0.73514
0.3708
0.15516
0.2904
0.36672
1.1295
0.74161
0.2779
0.18818
0.11805
0.44995
0.88661
0.55101
0.85729
0.21662
0.37923
0.11292
0.82975
0.64106
0.18546
1.0805
0.87375
0.082158
0.25233
0.14347
0.094154
0.63799
0.84143
0.1318
0.19696
0.082139
0.1042
0.36254
0.2467
1.076
0.20469
1.013
0.46664
0.85736
0.28858
0.19127
0.35491
0.67988
0.10696
0.22901
0.13077
0.74476
0.20179
0.12319
0.13388
0.2894
0.1293
0.67118
1.0147
1.2604
0.22219
0.24808
0.47461
0.67547
0.13712
0.53572
1.2477
0.98387
0.38446
0.14508
0.41098
0.11422
1.0871
0.12423
0.098373
0.72393
0.19864
0.30575
0.27971
0.50424
0.29194
0.092289
0.87801
1.1717
0.13132
0.35941
0.23574
0.3513
0.26946
1.0212
0.23785
0.18039
0.80004
0.2778
0.73492
0.081625
0.63384
0.18904
1.0294
0.12825
0.098556
0.089248
0.08014
0.16084
0.49513
0.14236
0.14318
0.10813
0.061133
1.2307
0.86053
0.068947
0.34656
0.28328
0.3802
1.1623
0.11231
0.33519
0.43295
0.04739
1.2014
0.11045
0.093342
0.31325
1.1277
0.4675
0.57398
0.13876
0.21142
0.078328
0.16275
0.17395
0.13379
0.094213
0.16436
1.0458
0.52002
0.14508
0.11807
0.3099
0.084216
0.29536
0.39221
0.10473
0.39231
0.27457
0.6946
0.12525
1.0773
0.34297
0.45084
1.3268
0.1825
0.10668
0.19745
0.091087
0.92856
0.2392
0.43926
0.48279
0.67665
0.75429
0.0853
0.93185
1.0417
0.1446
0.1053
0.057998
0.13245
1.2456
0.33274
0.36692
0.12925
0.10318
0.22255
0.46722
0.14524
0.12788
0.11933
0.13816
0.45845
0.96817
1.2376
0.14455
0.3045
0.17662
0.30223
0.42548
0.095411
0.9835
1.0156
0.35928
0.091681
0.24793
0.17178
0.11063
0.23398
0.52415
0.062263
0.20739
0.11607
0.26966
0.29449
0.464
1.0521
0.26205
0.11316
0.71489
0.2351
1.3206
0.71009
0.16363
0.75248
0.61764
0.1285
0.61388
0.72841
0.39761
0.74814
1.0494
0.16231
0.11857
0.13127
0.88776
0.25008
0.7721
0.23171
0.18272
0.47618
0.37674
0.12506
0.1368
0.73856
0.71252
0.061285
0.67502
0.79042
0.12233
0.1074
0.077585
0.14618
0.19609
0.11967
0.12964
0.30313
0.10184
0.16301
0.15941
0.45878
0.1341
0.14397
0.32364
0.16151
0.12864
1.1568
0.47242
0.5058
0.38466
0.15265
0.46471
0.4176
0.76364
0.155
0.10355
0.11452
0.1132
0.81549
0.47949
0.17406
0.33303
0.61587
0.16115
0.6444
0.15609
0.11788
1.1987
0.63059
0.13739
0.10483
0.22637
0.088488
0.1259
0.16395
0.17045
0.097749
1.1263
0.16092
0.39266
0.30427
0.89247
0.18653
0.34194
0.31494
0.17703
0.75918
0.12096
0.16718
0.10586
0.63131
0.42392
0.3005
0.20253
0.16677
1.2493
0.28431
0.17621
0.54228
0.23757
0.084873
1.4807
0.45367
0.20838
0.23445
0.53909
0.16067
0.5872
0.29368
0.524
0.27194
0.8945
0.36927
0.12432
0.25684
0.11743
1.7963
0.36654
0.10471
0.28983
0.42951
0.15362
0.5296
0.13305
0.12158
0.75354
0.060451
0.99531
0.63765
0.088797
0.075045
0.19421
0.75912
0.11844
0.93667
0.5902
0.088892
0.66456
0.84292
0.33765
0.23121
0.53021
0.082325
0.094593
1.1141
0.15752
0.21541
0.95979
0.16272
1.046
0.18757
0.48208
0.92325
0.31964
0.40146
0.15851
0.74772
1.1753
0.10371
0.2785
0.24203
0.85789
0.35619
0.19032
0.12072
0.7065
0.18299
0.26705
0.093876
0.13323
0.11332
0.1936
0.092735
0.14046
0.35313
0.4058
1.3472
0.1442
1.1211
0.62162
0.18735
0.29976
1.2682
0.2675
0.94921
0.45774
0.16165
0.094535
0.63141
0.091814
0.89175
0.099364
0.20494
0.29855
0.79224
0.10443
0.16375
0.44418
0.22309
1.2287
0.11821
0.41476
0.49469
1.0992
0.3401
0.23527
0.28317
0.78184
0.099189
0.53651
0.18407
0.81788
0.60199
1.0788
0.20764
0.47524
0.10063
0.083891
0.26894
1.0688
0.11253
0.12695
0.83357
0.21886
0.54338
0.74432
0.11923
0.092713
0.063889
0.20087
0.24167
0.094188
0.22727
0.16719
0.092992
1.0531
0.50933
0.14239
0.13608
0.43631
1.3223
0.5389
0.14577
0.20315
0.72121
0.083701
0.22299
0.23034
0.42373
0.46483
0.084785
0.36055
0.67611
0.089142
0.27754
0.11133
0.14872
0.51686
0.2912
0.23554
0.6503
0.11984
0.8343
0.24572
0.961
0.34814
0.13793
0.25986
0.67288
0.85553
0.099674
0.26607
0.72249
0.50791
1.2833
0.7665
0.13915
0.75451
0.51923
0.34844
0.27414
0.36548
0.40749
0.075616
0.51681
0.50483
0.23801
0.14169
0.29623
0.50869
0.75621
0.16723
0.095861
0.2843
0.49203
0.30149
0.33087
0.96246
0.48056
0.1606
0.18706
0.36724
0.65709
0.10244
0.077793
0.14514
0.39105
0.17287
0.17515
0.18867
0.1001
0.17182
0.13432
0.62639
0.37066
0.12828
0.45879
1.0938
0.15046
1.2575
0.11152
0.58753
0.12447
0.10676
0.10507
0.96076
0.44775
0.90098
0.3706
0.15489
0.16871
0.10916
1.2651
0.18346
0.13143
0.77265
0.095252
0.15713
0.18347
0.086602
0.29475
0.12443
0.090436
0.44426
0.38572
0.39934
0.16389
1.3053
0.65948
1.156
0.36062
0.074421
0.62331
0.2105
0.15003
0.21855
0.09493
0.34157
0.35589
0.14666
0.54264
0.094936
0.11269
0.2737
1.2039
0.08797
0.42595
0.23582
0.18376
0.70331
0.36756
0.10057
0.23788
0.10549
0.32062
0.071856
0.55619
0.17796
0.67591
0.35564
0.079482
0.20516
0.60956
0.34086
0.10142
0.14522
0.1503
0.099403
0.52721
0.84047
0.1039
0.58703
0.23927
1.0716
0.96354
0.56733
0.68959
0.72616
0.63046
0.23638
1.2122
1.2421
0.15089
0.71972
0.23953
0.69624
0.15141
0.78026
0.37603
1.0382
0.64719
0.29845
0.22903
0.4007
0.66624
0.14826
0.93086
0.2469
0.27267
0.21665
0.62974
0.8087
0.90486
0.18823
0.27023
0.94271
0.47896
1.1188
0.11609
0.27417
0.29562
0.76618
0.12677
0.36726
0.1185
1.1451
0.1791
0.085379
0.67489
0.26628
0.080975
0.30808
0.25157
0.92925
0.39794
0.67156
0.16926
0.10164
0.10763
0.30652
0.34138
0.29668
0.10355
0.26433
0.30468
0.11055
0.27819
0.19531
0.27781
0.26988
1.6857
0.46124
0.098059
1.149
0.33279
0.20671
0.68299
0.59819
0.52218
0.086759
0.15166
0.91981
0.068613
0.1668
0.089348
0.91179
1.3003
0.59426
1.2053
0.15861
0.30449
0.24578
0.087832
0.12356
0.26142
0.87658
0.84142
0.26534
0.15498
1.2497
0.70941
0.18823
0.22522
0.10497
0.23844
0.81588
0.42581
0.20137
0.41532
1.1264
0.13769
1.063
1.0275
0.91204
0.79037
0.32941
0.20315
1.0035
0.77678
0.85304
0.24513
0.26856
0.35935
0.12285
0.66404
0.43711
0.15048
0.25939
1.1292
0.23761
0.50965
0.42003
0.15341
0.31057
0.11356
0.13786
0.73998
0.081369
0.11829
0.51288
0.13819
0.12778
0.26011
0.23137
0.56927
0.13063
1.0479
0.31285
0.36519
0.27892
0.22334
0.098672
1.0259
0.26504
0.623
0.11167
0.351
0.46384
1.576
0.39127
0.16653
0.6093
0.23814
0.78196
0.11628
0.89981
0.24226
0.15468
0.71794
0.12334
0.17313
1.1142
0.21637
1.0531
0.1749
0.26112
0.13698
0.0873
0.80988
0.12566
0.34412
0.17151
0.81845
1.2313
0.24373
1.1864
0.90716
0.11425
0.94969
0.3657
0.32937
0.14854
0.13182
0.33689
0.34792
0.092617
0.41689
0.71836
0.76207
0.21559
0.13885
0.62145
1.0497
0.42839
0.80841
0.49047
0.78743
0.64217
1.1024
0.081939
0.6703
0.97492
0.91767
1.0264
0.53514
1.0719
0.090619
0.1091
0.079954
0.14177
0.17961
0.86734
0.16973
0.67594
1.2241
1.3498
0.91724
0.10981
0.92311
0.24325
1.1945
0.5605
0.32844
0.099865
0.35726
0.19423
0.078087
0.15465
0.10873
0.074682
0.073588
0.26973
0.35687
0.12082
0.37379
0.1585
0.32932
1.0983
0.22267
0.47652
0.20356
0.17247
0.15064
0.2452
0.18218
0.98369
0.070833
0.11231
0.73728
0.45554
0.39599
0.10779
0.23344
0.4124
0.37638
0.40694
0.12725
0.99222
0.4159
0.31877
0.48376
0.59438
0.26879
0.3748
0.10683
0.1699
0.56787
0.20966
0.53573
0.85171
0.21534
0.64499
0.063832
0.38842
0.47817
0.31894
0.35058
0.11983
0.11361
0.098945
0.31921
0.084485
0.089483
0.44677
0.51368
0.22332
0.96131
0.40141
0.15154
0.89894
0.077386
0.1183
0.20411
0.12683
0.18429
1.088
0.091905
0.13367
0.1602
0.070777
0.47554
1.6557
0.18872
0.38204
0.11601
0.093932
0.27825
0.10268
0.41308
0.69586
0.56632
0.80559
1.1296
0.061191
0.24914
0.18452
0.81304
0.19637
0.69761
0.13658
0.61825
0.2215
0.70145
0.28701
0.635
0.16452
0.34526
0.14483
0.20498
1.2232
0.10476
0.18347
0.52118
0.754
0.09047
0.17282
0.3589
0.10909
0.086195
0.88183
0.14766
0.29332
0.57373
0.081197
0.97034
0.54548
0.54152
0.14386
0.4605
0.7671
0.42424
0.12861
0.07264
0.097301
0.19244
0.25814
0.20912
0.089667
1.0527
0.50064
1.1778
0.052956
0.31511
0.18724
0.13981
0.16437
1.2388
0.21206
0.1449
0.40006
0.24169
0.10109
0.20341
0.074524
0.58949
0.9479
0.12503
0.11461
0.53463
0.29605
0.075773
0.32452
0.18152
0.092738
0.40114
0.92534
0.33326
0.086815
1.1084
0.16777
0.17341
0.11101
0.13744
0.1544
0.18769
0.085632
0.12334
0.1747
0.52175
0.11385
0.54428
0.068785
0.17033
0.083295
0.88388
0.56269
1.1013
0.79065
1.0174
0.50878
0.95737
0.17337
0.1071
0.11839
0.40857
0.15514
1.1745
0.094309
0.091792
1.1783
0.083341
0.46854
0.14571
0.095708
1.0184
0.16346
0.53388
0.44014
0.91429
0.11902
1.009
1.2907
1.1806
0.12928
0.26682
0.12317
0.096999
0.23476
0.11101
0.17127
0.082494
0.49485
0.093478
0.4782
0.31448
0.14422
0.62938
1.45
1.2018
0.12825
0.22014
0.12927
0.32009
0.078364
1.137
0.35114
0.33712
0.18325
0.18508
0.077149
0.74692
1.4256
0.57834
0.25929
0.90274
0.12884
0.72242
0.16959
0.20927
0.54837
0.66596
1.0655
0.72214
0.19603
0.14604
0.50067
0.12386
0.11308
0.17372
0.37933
0.89336
0.48923
0.77606
0.22075
0.32911
0.52813
0.19063
0.13683
1.0207
0.81759
0.37482
0.48318
0.41119
0.09246
1.0565
0.15802
0.33052
0.1583
0.12607
0.47265
0.41626
0.92936
0.19333
0.13496
0.98685
0.20741
0.067988
0.1131
0.64745
0.13061
0.86804
0.53583
1.0996
0.71242
0.98848
0.96974
0.11242
0.22932
1.2052
0.23318
0.2526
0.15008
0.99657
1.0155
0.09838
0.13163
0.27944
0.07592
0.30516
0.45155
0.075037
0.13898
0.14462
0.65633
0.41504
0.31788
0.070415
1.088
0.4745
1.0096
0.11975
0.52682
1.2302
1.0159
1.4941
0.7249
0.096425
0.87371
0.27948
0.42203
0.10969
0.20197
0.54135
0.62045
0.13766
0.11808
0.082859
0.14125
0.081584
0.94511
0.10556
0.35305
0.96862
0.066593
0.55068
0.6046
0.31444
0.14316
0.083821
0.23494
0.21609
0.15704
0.094932
0.083007
1.2364
0.18095
0.15978
0.30627
0.20448
0.40349
0.21664
0.59739
0.50923
0.10468
0.16259
0.62706
1.1267
0.08458
0.34372
0.74726
0.16958
0.077297
0.11176
0.73148
0.32566
0.25105
0.27694
0.25977
0.49909
0.61786
0.4835
0.92758
0.45906
0.26719
0.24067
0.16191
0.11372
0.13466
0.98072
0.397
0.66287
0.33555
0.1595
0.12242
0.3468
1.2495
0.15737
0.44478
1.155
0.30381
0.15934
0.399
0.90423
0.15933
1.1732
0.39842
0.11955
0.12442
0.97268
0.10869
0.13566
0.11639
0.80703
0.35592
0.20995
0.54799
0.41187
0.2367
0.67816
0.3186
0.10482
0.073909
0.074573
0.1419
0.15552
0.12507
0.37657
0.81805
0.1578
0.10227
0.40263
0.58254
0.47031
0.21781
0.23883
1.532
0.086873
1.0604
0.13342
0.31587
0.64382
0.1624
0.1068
0.1554
0.22608
0.41874
1.1079
0.53112
0.126
0.4086
0.22096
0.28685
1.1429
0.078625
0.17427
0.87544
0.097433
1.0793
0.22753
0.23416
0.84417
0.21639
0.1263
0.13916
0.15374
0.11933
1.1915
0.11866
0.55913
0.065768
0.098422
0.39103
1.1189
0.098994
1.4272
0.12766
0.39387
0.15375
0.25289
0.12925
0.56681
0.90441
0.89856
0.11915
0.60983
1.2007
0.13604
0.21475
0.20469
0.19058
0.47595
0.57672
0.38819
0.23126
0.3122
0.27453
1.2771
0.21161
1.1162
0.16368
0.2335
0.13087
0.22045
0.085475
0.32871
0.37801
1.1121
0.71149
0.37913
0.11375
0.15145
0.87459
0.16791
0.090701
0.59516
0.3919
0.077688
0.24749
0.78381
0.99135
0.113
0.28126
0.17364
0.99079
0.17754
0.093427
0.34263
0.47204
0.29961
0.10164
0.39833
0.26355
0.48131
0.90605
0.57737
0.075881
0.71301
1.0708
0.1086
0.93921
0.23796
0.22594
0.063725
0.14325
0.20941
0.16762
0.14215
0.12358
0.082292
0.35263
0.11881
0.27326
0.31723
0.083834
0.37209
0.35177
0.15304
0.33277
1.2932
0.17263
0.074901
0.29746
0.28649
0.17323
0.095591
1.2519
0.20142
0.83674
1.219
0.17287
0.76462
0.15911
0.56241
0.086808
0.15976
0.090072
0.51394
0.91189
1.354
0.31864
0.04454
0.60847
1.4027
0.44531
0.078572
0.19827
0.57899
0.89298
1.0422
0.42676
0.35201
0.13534
0.34506
1.1631
0.32408
0.19499
0.1058
0.21358
0.39344
0.12536
0.1738
0.32975
0.40496
0.094098
0.23855
0.80253
0.10324
0.5669
0.1461
0.26727
0.2976
0.8003
0.1939
0.14739
0.37176
0.52829
0.11281
0.30052
1.0925
0.25495
0.57358
0.93831
0.98556
0.39217
0.33072
0.070693
0.25983
0.25871
0.68745
0.11613
1.4369
0.12611
1.247
0.45513
1.1037
1.0798
0.41669
0.43857
0.29059
0.14727
1.4301
0.44607
0.42743
0.12629
0.071006
0.22048
0.28191
0.13095
0.40957
0.27283
0.11668
0.14282
0.72335
0.088025
0.93082
0.32845
0.7374
0.16186
0.24147
0.074947
1.1278
0.75794
0.63907
1.1682
1.1902
0.4047
1.1437
0.078182
0.46206
0.13689
0.085637
0.40274
0.11064
0.28953
0.19758
0.064066
0.48462
0.69076
1.4937
0.31613
0.10524
0.31191
0.10736
0.22201
0.51498
0.77209
0.34094
0.097477
0.19523
0.67332
0.45536
0.11743
0.069683
0.74958
0.09385
0.12959
0.13198
0.092701
0.7294
0.22247
0.61081
0.09237
0.16326
0.095581
0.074108
0.16566
0.43864
0.27646
1.4159
0.12697
1.4805
0.96756
1.2282
0.22372
0.68302
0.10678
0.15997
0.3162
0.082633
0.36996
0.73622
0.51887
0.32694
0.068005
1.0146
0.24333
1.1622
1.2262
0.55562
0.19188
0.15725
0.10442
0.16253
0.094487
0.2432
0.11268
0.93223
0.36296
0.52185
0.10087
0.31606
0.15621
0.57961
0.12178
0.24577
1.211
1.1119
0.34048
0.38144
0.15348
0.097153
0.1105
0.097533
0.2441
0.86348
0.29038
0.16924
0.30095
0.11881
0.56532
0.38897
0.095715
0.11466
0.95077
0.97948
0.42816
1.1779
0.082709
1.1515
0.28641
0.28481
0.2405
1.2244
0.64676
0.1854
0.099576
0.061259
0.077447
0.76744
0.18081
0.48751
0.59202
0.36729
0.11541
0.70688
0.21826
0.30255
0.073488
0.15301
0.2448
0.21649
0.3942
0.76466
0.20679
0.15208
1.1457
0.093867
0.4595
0.26396
0.24858
0.67652
0.087059
0.28561
0.24492
1.1155
0.86873
0.50774
0.91799
0.12428
0.15184
0.088592
0.47244
0.060658
0.18977
0.14855
0.58059
0.55333
1.6224
0.060474
0.099179
0.15189
0.15531
0.6948
0.34396
0.11029
0.22286
1.1321
1.2455
0.54757
0.076919
0.41724
0.42838
0.15222
1.0576
0.26768
0.41178
0.31009
0.23927
0.087568
0.36695
1.0092
0.56508
0.28234
0.17873
0.18876
0.14672
0.2191
0.25916
1.0234
0.14951
0.91746
0.20659
0.1081
1.0105
0.68284
0.86079
0.29942
0.11091
0.1104
0.082271
0.1566
0.23598
0.28263
0.1187
0.29444
0.16209
0.21718
0.24202
0.59189
0.11744
0.076115
0.16563
1.0798
0.27033
0.42416
0.122
0.24382
0.09376
0.66045
0.22037
0.99343
0.093184
0.14548
0.69118
0.5216
0.33325
0.12481
0.70992
0.52434
0.12333
0.26521
0.32803
0.1525
0.058229
1.1736
1.1829
0.13099
0.12921
0.63715
0.47992
1.0154
0.28487
1.0238
0.11969
0.16426
0.55563
0.94285
0.61942
0.20167
0.094545
0.12022
0.82498
1.0742
0.27402
1.2082
0.71441
1.1722
0.94418
1.0199
0.11971
1.4683
1.1222
0.21674
1.1363
0.15023
1.0079
0.97942
0.31341
0.27471
1.2914
0.29538
0.41301
0.35102
1.2098
0.624
0.81329
0.18608
0.11943
1.2568
0.17492
0.19708
0.6022
0.41164
1.0854
0.12983
0.67409
1.182
0.16893
0.42129
0.47255
0.40299
0.87922
0.18089
0.16547
0.85514
1.0348
0.54068
0.99545
0.45365
0.14943
0.14171
0.072187
0.60404
0.2598
1.0398
0.51979
0.29112
1.0336
0.069453
0.14342
0.34628
0.33761
1.227
0.10193
0.21676
0.077018
1.1164
0.11664
0.080606
1.101
1.07
0.57521
0.09361
0.10672
0.8341
0.15781
0.31378
0.080077
1.1389
0.18684
0.42868
1.0543
0.11762
0.90681
0.52932
0.36365
0.66745
0.24627
0.61591
1.0987
0.26262
0.17975
0.12781
0.13795
0.27112
0.98014
1.3607
0.38188
1.0347
0.077599
0.37204
1.1154
0.29909
0.51721
0.53045
0.41352
0.22672
0.45163
0.58891
0.13617
0.33429
0.69714
0.12168
0.50536
1.0332
0.29523
1.0146
0.083155
0.070233
0.17187
0.84839
1.2347
0.072334
0.34795
0.41903
0.44111
0.27413
0.49751
0.41298
0.60907
0.28957
0.11107
0.34428
0.1332
1.1206
0.31582
0.085121
0.075441
0.34872
0.10969
0.38315
0.096061
1.7489
0.21746
0.93069
0.10009
1.1351
0.17464
0.092484
0.26697
0.14763
0.090024
0.24545
0.11614
0.25055
0.21721
0.097112
0.12962
0.30576
0.1663
0.68701
1.4469
1.0737
0.97649
0.65531
0.24352
0.63344
0.19842
0.12855
0.23944
0.29028
0.1827
0.71325
0.20189
0.1635
0.14898
0.072246
1.4094
0.89679
1.0886
0.23577
0.26285
0.09621
0.3862
0.11398
0.97427
0.25359
0.22441
0.18088
0.8644
0.096536
0.3745
0.28923
0.23383
0.56223
0.24959
0.1643
1.044
0.73524
0.23819
0.13537
0.68883
1.0094
0.44308
0.14681
0.15105
0.14605
0.093334
1.0748
0.13848
0.32772
0.097967
0.17257
0.10768
1.1554
0.15294
1.0286
0.77851
0.14973
0.16171
0.099941
0.18081
1.4617
0.68146
0.2693
0.066038
0.75594
0.39676
0.48779
0.092131
0.32613
0.804
0.83129
0.088184
0.10715
0.27227
0.10917
0.35761
0.19336
0.13758
0.10157
0.2357
1.2373
1.0137
0.43829
0.40566
0.43196
1.0456
1.1987
0.16201
0.38128
0.58983
0.257
0.10619
0.27857
0.15467
0.095371
0.6603
0.49163
0.15308
0.17381
0.12915
0.22023
0.077985
0.12593
0.69994
0.26398
0.43989
0.10514
0.79576
0.13596
0.72845
0.1395
0.10192
0.11923
0.76531
0.77623
0.97558
0.076407
0.70683
0.24975
1.2103
0.96071
0.19512
0.32141
0.10353
0.20812
0.36966
0.29983
0.20998
0.099696
1.0682
0.57467
0.12708
0.24309
0.19997
0.7567
1.1752
0.28598
0.12379
0.098042
0.14283
0.085634
0.09878
0.59197
0.072201
0.06651
0.42433
0.9031
0.23351
0.12773
0.11092
0.098462
0.2095
0.13431
0.30231
0.10484
0.20907
0.50912
0.13744
0.24747
0.62925
0.37272
0.2669
0.091624
0.16258
0.25291
0.11807
0.59937
0.73137
0.22185
1.277
0.32209
0.8949
1.0579
0.21785
0.1624
0.62786
0.28953
0.19454
0.10467
0.13566
0.17692
0.16421
0.13154
0.59739
0.12465
0.37957
0.52767
0.47827
0.14878
0.66359
0.54161
0.8316
0.084105
0.1326
0.12228
0.072395
0.11001
0.077721
0.9264
0.11331
0.24959
0.43622
0.5257
0.088706
0.10324
0.38967
0.26043
0.077495
0.10329
0.33739
0.30718
1.0817
0.15669
0.086539
0.109
0.43177
0.116
0.075357
1.0049
0.37511
0.92516
0.44324
1.1244
0.21936
0.16514
1.2789
0.15074
0.17597
0.285
0.21864
0.1113
0.38261
1.0402
0.93833
0.77648
0.20371
0.59366
0.17296
1.1054
0.39622
1.1855
0.17889
1.1702
0.92722
0.8253
0.68578
0.23669
1.1726
0.4866
0.13791
0.22233
0.90783
0.23477
0.13645
0.24136
0.1315
0.078098
0.25169
0.11921
0.19752
0.07634
0.28482
0.3336
0.095503
0.22179
0.095634
1.1481
1.4434
0.34259
0.25811
1.1456
0.24566
0.10833
0.35037
0.079366
0.23113
1.3797
0.42506
0.21528
0.60511
0.22785
0.26848
0.46255
0.13597
0.4562
0.3158
0.49476
0.18525
1.0339
0.057845
0.33199
0.31078
0.79536
0.44672
0.16191
0.34296
0.11465
0.17905
0.83755
0.20503
0.68475
0.1313
0.15286
0.18132
0.531
0.16924
0.077772
0.29879
0.36175
0.31839
0.68586
0.35299
0.096891
0.13885
0.7529
0.65177
0.68863
1.0582
0.1674
0.6957
0.17481
0.22011
0.13401
0.16118
0.29958
1.0959
1.186
0.91914
0.25164
0.39419
0.50323
1.4012
0.29946
0.7738
0.32039
1.2274
0.079579
0.96661
0.21673
1.2629
0.070241
0.070388
0.087213
0.16005
0.13598
0.25125
0.18478
0.79846
1.0912
0.22213
0.27265
0.19277
0.43067
0.32079
0.43981
0.51951
0.37964
0.21467
0.22674
0.14049
1.2535
0.61589
1.1394
0.36577
0.90088
0.1383
0.59118
1.1957
0.092099
0.32589
0.11977
0.073277
1.0659
0.5862
0.9958
0.075301
0.23724
0.33279
0.75865
0.82459
0.10411
0.1507
0.14459
0.23801
0.18016
0.12238
0.5796
1.2144
0.80608
0.2304
0.85422
1.1241
0.29114
0.13576
0.22777
0.07898
0.75631
0.35405
0.23144
0.16233
0.42476
0.95656
0.84695
1.0244
0.14145
0.87096
0.38432
0.18277
0.5824
0.1477
0.42504
0.14201
0.42879
0.24674
0.41793
0.15348
0.53261
0.88731
0.074016
0.26513
0.12761
0.34314
0.62183
0.088006
0.082818
0.29817
0.95421
0.15916
1.3075
1.247
0.068935
0.27439
0.52781
1.2065
1.1795
0.33296
0.21118
0.093521
0.39354
0.33302
0.092487
0.089489
0.10163
0.38925
0.16787
0.1295
0.6307
0.093549
0.064699
0.20597
0.26279
0.46914
0.73514
0.61672
0.11366
0.087201
0.18189
0.13802
0.42883
0.33562
0.16048
1.1488
0.52981
0.33021
0.2082
1.0058
1.3395
0.14729
0.62082
1.6077
0.40167
0.072193
0.097409
1.0182
0.81917
0.51193
0.80781
0.091459
0.5514
0.22235
0.096229
0.3927
0.11861
0.39868
0.074834
0.52992
0.13385
1.1269
0.21306
0.24937
0.18044
0.4894
0.21072
0.14253
0.88442
0.2626
0.14929
0.31239
0.15425
0.11596
0.20565
0.20653
0.19106
0.081097
0.6137
0.14861
0.37333
0.095098
0.17387
0.44614
1.0883
1.1172
0.84756
0.12853
0.19991
0.92791
0.084172
0.11202
0.19954
0.42107
0.14434
0.090951
0.21992
0.6768
0.088403
0.18808
0.32567
0.65285
0.23622
0.26348
0.42378
0.36046
0.1451
0.35856
1.076
1.2135
0.42093
0.13893
0.11234
0.075085
0.10947
0.41521
0.42085
0.17381
0.17554
0.63808
0.35113
0.10081
1.0272
0.78241
0.47425
0.63438
0.58626
0.25561
1.3936
0.13511
0.15313
0.40798
0.22636
0.090689
0.27997
0.63167
0.21673
0.079703
0.22854
0.095764
0.66339
1.0956
0.27222
0.11085
0.85987
1.1414
0.29302
0.22165
0.51674
0.078805
0.4276
0.44735
0.11
0.27865
0.48693
0.20916
0.16947
0.92203
1.0765
0.79526
0.17582
0.13509
0.14126
0.18876
0.232
1.1431
0.18907
0.54622
0.28587
0.42694
0.15781
0.82549
0.1955
0.13496
0.16888
0.12112
0.21056
0.11302
0.085527
0.09454
1.2178
0.23973
0.43273
0.9767
0.41217
0.96989
0.26896
0.12468
1.1272
0.12159
0.87066
0.32609
0.115
0.3326
0.29678
0.55569
0.80043
0.83246
0.068093
1.6039
0.69023
0.15915
0.16541
0.11339
1.2063
1.3366
0.263
0.058823
0.15111
0.7617
0.98315
0.80548
0.10862
0.11317
0.2397
0.47554
0.084203
0.62064
0.45381
0.26076
0.12182
0.14062
0.091985
0.10639
0.15562
1.2528
0.86024
0.17908
0.34543
0.17866
0.76942
0.085543
1.0149
1.0873
0.08086
0.042191
1.1601
0.18942
0.22517
0.17323
1.0822
0.93696
0.11425
0.17511
0.42162
0.11316
0.52896
1.1953
0.72328
0.23856
0.086602
0.089195
1.1575
0.17988
0.15606
0.39872
0.20064
1.2541
0.1686
0.27766
0.3774
1.206
0.11738
0.81072
0.54175
0.44629
0.5258
0.39872
0.18507
0.24571
0.69786
1.0479
1.3779
0.31556
0.076934
0.32461
0.10427
0.17615
0.08379
0.37581
0.080883
1.148
1.0931
0.54518
0.75318
0.16013
0.11719
0.23524
0.16146
0.3403
1.1507
0.68645
1.1613
1.1146
0.19044
0.11729
0.11155
0.43028
0.62388
0.08787
0.37035
0.18011
0.57291
0.23099
0.44034
0.11
1.0146
0.080633
1.1413
0.58009
0.34164
0.23206
0.53373
0.37536
0.2956
0.29883
0.24792
0.083349
0.29923
0.65297
0.099421
0.08102
0.36261
0.065349
0.17238
1.1581
0.20762
0.19585
0.44467
1.2533
0.34501
1.2965
0.37621
0.085378
0.24312
1.0026
0.32177
0.099808
0.84628
0.098954
1.0788
0.47038
0.12655
1.1125
0.063177
0.11637
0.14408
0.24072
0.26822
1.0084
0.29633
0.18739
0.60744
0.63946
0.30635
0.18792
0.61413
0.57377
0.086796
0.68854
0.094306
0.99053
0.12385
0.1024
0.33521
1.0525
1.2025
0.60193
0.088529
0.72136
0.55169
0.71472
0.36397
0.85858
0.11419
0.64419
0.40776
0.90548
0.3011
0.30961
0.37921
0.75682
0.13189
0.099334
0.23731
0.27864
0.19864
1.3194
0.73514
0.47213
0.28785
0.20789
0.37119
1.1315
0.74161
0.11286
0.44444
0.075113
0.44995
0.14504
0.73981
0.088271
0.32897
0.37923
0.10341
0.59952
1.1377
1.1064
0.96671
0.18864
1.2739
0.19079
0.28582
0.081521
0.85644
0.11052
0.17178
0.21813
0.082139
0.10602
0.88411
0.19517
0.11562
0.25282
0.17343
0.59742
0.085758
0.29407
0.10892
0.6936
0.53554
0.38476
0.17249
0.16564
0.42572
0.10835
0.24984
0.13388
0.097145
1.4066
0.67118
0.22529
1.1592
0.22219
1.2786
0.12655
0.21599
0.46397
0.53572
0.069121
0.42645
0.67843
0.44966
1.0737
0.11107
0.22892
0.13835
0.33606
1.318
0.19864
0.27173
0.18055
0.50424
0.7849
0.75937
0.16164
0.08001
0.10314
0.10225
0.53085
0.32109
0.26946
0.70416
0.77236
0.18039
0.068521
0.12396
1.6759
0.11373
1.0274
0.39758
0.53592
0.13936
0.41018
0.21238
0.13434
0.93122
0.49513
0.24227
0.81073
0.052784
0.1194
0.8631
0.86053
0.21632
0.34656
0.14356
0.87223
0.078984
0.11231
0.1327
1.036
0.56388
1.2014
1.0307
1.0422
0.076112
0.16663
0.10809
0.27364
0.13876
0.21142
1.1637
0.16474
0.68984
0.10429
0.69661
0.44081
0.11912
1.1369
0.52578
0.11405
0.097845
0.15836
0.58392
0.37424
0.13122
0.35124
0.20444
0.10006
0.076519
0.078115
0.34297
0.1831
1.3268
1.2236
0.096589
0.39835
0.78666
0.75572
0.087265
0.14576
1.1821
0.29092
0.15942
0.26256
0.93185
0.24032
0.69333
1.1629
0.096508
0.24353
0.15413
0.19282
0.45448
0.20486
0.10318
0.10812
0.54705
0.55843
0.11985
0.17798
0.15381
0.079281
0.63303
1.2376
0.44264
0.67612
0.10057
0.12856
1.0318
0.63893
0.9835
0.29379
0.17311
0.12625
0.24793
0.52422
0.8019
1.2171
0.21345
0.53805
0.20739
0.79028
0.26966
0.39906
0.13619
0.26389
0.08665
0.36937
0.32335
0.50035
0.4399
0.066769
0.73967
0.06646
0.37924
0.10853
0.27403
0.20423
0.22967
0.42978
0.23554
1.246
0.12096
0.15333
0.12518
0.60136
0.34156
0.95305
0.054892
0.47618
0.87763
0.12506
0.1368
0.58466
0.084288
0.59142
0.1368
1.1276
0.18771
0.15498
0.47442
0.31684
0.81124
0.46781
0.12964
0.1014
0.32961
0.43887
0.13795
0.073115
0.17682
0.42646
0.080886
0.36765
0.19697
1.1568
0.47242
1.1047
0.09925
0.34852
0.99062
1.0049
0.61217
0.23948
0.47238
0.29223
0.1132
0.61859
1.3085
1.221
0.24285
0.50775
0.18362
1.1978
0.94793
0.9332
0.2907
0.1476
0.14784
0.61994
0.22637
0.1265
0.41063
0.16395
0.92156
1.1308
1.1263
1.09
0.11193
0.1133
0.20266
1.0008
0.21994
0.23441
0.088501
0.75918
0.48685
0.96509
0.10842
0.13759
0.24802
0.22243
0.15335
0.17711
0.19553
0.28431
0.17621
0.14129
0.84861
0.92838
1.4807
0.32758
0.43987
0.3087
0.2393
0.16067
0.26001
0.57821
0.077789
0.13104
0.8945
0.23173
0.51327
0.19746
0.12634
0.55187
0.36654
0.095895
0.09081
0.29489
0.12097
0.22409
0.3436
0.091013
1.1398
0.1938
0.99531
0.2207
0.31441
0.075045
0.19648
0.56611
0.17908
0.18178
0.22481
1.1256
0.26759
0.22145
0.79404
0.23121
0.15051
0.082325
0.094593
1.1141
0.15752
0.21541
0.95979
0.16272
1.046
0.18757
0.48208
0.92325
0.31964
0.40146
0.15851
0.74772
1.1753
0.10371
0.2785
0.24203
0.85789
0.35619
0.19032
0.12072
0.7065
0.18299
0.26705
0.093876
0.13323
0.11332
0.1936
0.092735
0.14046
0.35313
0.4058
1.3472
0.1442
1.1211
0.62162
0.18735
0.29976
1.2682
0.2675
0.94921
0.45774
0.16165
0.094535
0.63141
0.091814
0.89175
0.099364
0.20494
0.29855
0.79224
0.10443
0.16375
0.44418
0.22309
1.2287
0.11821
0.41476
0.49469
1.0992
0.3401
0.23527
0.28317
0.78184
0.099189
0.53651
0.18407
0.81788
0.60199
1.0788
0.20764
0.47524
0.10063
0.083891
0.26894
1.0688
0.11253
0.12695
0.83357
0.21886
0.54338
0.74432
0.11923
0.092713
0.063889
0.20087
0.24167
0.094188
0.22727
0.16719
0.092992
1.0531
0.50933
0.14239
0.13608
0.43631
1.3223
0.5389
0.14577
0.20315
0.72121
0.083701
0.22299
0.23034
0.42373
0.46483
0.084785
0.36055
0.67611
0.089142
0.27754
0.11133
0.14872
0.51686
0.2912
0.23554
0.6503
0.11984
0.8343
0.24572
0.961
0.34814
0.13793
0.25986
0.67288
0.85553
0.099674
0.26607
0.72249
0.50791
1.2833
0.7665
0.13915
0.75451
0.51923
0.34844
0.27414
0.36548
0.40749
0.075616
0.51681
0.50483
0.23801
0.14169
0.29623
0.50869
0.75621
0.16723
0.095861
0.2843
0.49203
0.30149
0.33087
0.96246
0.48056
0.1606
0.18706
0.36724
0.65709
0.10244
0.077793
0.14514
0.39105
0.17287
0.17515
0.18867
0.1001
0.17182
0.13432
0.62639
0.37066
0.12828
0.45879
1.0938
0.15046
1.2575
0.11152
0.58753
0.12447
0.10676
0.10507
0.96076
0.44775
0.90098
0.3706
0.15489
0.16871
0.10916
1.2651
0.18346
0.13143
0.77265
0.095252
0.15713
0.18347
0.086602
0.29475
0.12443
0.090436
0.44426
0.38572
0.39934
0.16389
1.3053
0.65948
1.156
0.36062
0.074421
0.62331
0.2105
0.15003
0.21855
0.09493
0.34157
0.35589
0.14666
0.54264
0.094936
0.11269
0.2737
1.2039
0.08797
0.42595
0.23582
0.18376
0.70331
0.36756
0.10057
0.23788
0.10549
0.32062
0.071856
0.55619
0.17796
0.67591
0.35564
0.079482
0.20516
0.60956
0.34086
0.10142
0.14522
0.1503
0.099403
0.52721
0.84047
0.1039
0.58703
0.23927
1.0716
0.96354
0.56733
0.68959
0.72616
0.63046
0.23638
1.2122
1.2421
0.15089
0.71972
0.23953
0.69624
0.15141
0.78026
0.37603
1.0382
0.64719
0.29845
0.22903
0.4007
0.66624
0.14826
0.93086
0.2469
0.27267
0.21665
0.62974
0.8087
0.90486
0.18823
0.27023
0.94271
0.47896
1.1188
0.11609
0.27417
0.29562
0.76618
0.12677
0.36726
0.1185
1.1451
0.1791
0.085379
0.67489
0.26628
0.080975
0.30808
0.25157
0.92925
0.39794
0.67156
0.16926
0.10164
0.10763
0.30652
0.34138
0.29668
0.10355
0.26433
0.30468
0.11055
0.27819
0.19531
0.27781
0.26988
1.6857
0.46124
0.098059
1.149
0.33279
0.20671
0.68299
0.59819
0.52218
0.086759
0.15166
0.91981
0.068613
0.1668
0.089348
0.91179
1.3003
0.59426
1.2053
0.15861
0.30449
0.24578
0.087832
0.12356
0.26142
0.87658
0.84142
0.26534
0.15498
1.2497
0.70941
0.18823
0.22522
0.10497
0.23844
0.81588
0.42581
0.20137
0.41532
1.1264
0.13769
1.063
1.0275
0.91204
0.79037
0.32941
0.20315
1.0035
0.77678
0.85304
0.24513
0.26856
0.35935
0.12285
0.66404
0.43711
0.15048
0.25939
1.1292
0.23761
0.50965
0.42003
0.15341
0.31057
0.11356
0.13786
0.73998
0.081369
0.11829
0.51288
0.13819
0.12778
0.26011
0.23137
0.56927
0.13063
1.0479
0.31285
0.36519
0.27892
0.22334
0.098672
1.0259
0.26504
0.623
0.11167
0.351
0.46384
1.576
0.39127
0.16653
0.6093
0.23814
0.78196
0.11628
0.89981
0.24226
0.15468
0.71794
0.12334
0.17313
1.1142
0.21637
1.0531
0.1749
0.26112
0.13698
0.0873
0.80988
0.12566
0.34412
0.17151
0.81845
1.2313
0.24373
1.1864
0.90716
0.11425
0.94969
0.3657
0.32937
0.14854
0.13182
0.33689
0.34792
0.092617
0.41689
0.71836
0.76207
0.21559
0.13885
0.62145
1.0497
0.42839
0.80841
0.49047
0.78743
0.64217
1.1024
0.081939
0.6703
0.97492
0.91767
1.0264
0.53514
1.0719
0.090619
0.1091
0.079954
0.14177
0.17961
0.86734
0.16973
0.67594
1.2241
1.3498
0.91724
0.10981
0.92311
0.24325
1.1945
0.5605
0.32844
0.099865
0.35726
0.19423
0.078087
0.15465
0.10873
0.074682
0.073588
0.26973
0.35687
0.12082
0.37379
0.1585
0.32932
1.0983
0.22267
0.47652
0.20356
0.17247
0.15064
0.2452
0.18218
0.98369
0.070833
0.11231
0.73728
0.45554
0.39599
0.10779
0.23344
0.4124
0.37638
0.40694
0.12725
0.99222
0.4159
0.31877
0.48376
0.59438
0.26879
0.3748
0.10683
0.1699
0.56787
0.20966
0.53573
0.85171
0.21534
0.64499
0.063832
0.38842
0.47817
0.31894
0.35058
0.11983
0.11361
0.098945
0.31921
0.084485
0.089483
0.44677
0.51368
0.22332
0.96131
0.40141
0.15154
0.89894
0.077386
0.1183
0.20411
0.12683
0.18429
1.088
0.091905
0.13367
0.1602
0.070777
0.47554
1.6557
0.18872
0.38204
0.11601
0.093932
0.27825
0.10268
0.41308
0.69586
0.56632
0.80559
1.1296
0.061191
0.24914
0.18452
0.81304
0.19637
0.69761
0.13658
0.61825
0.2215
0.70145
0.28701
0.635
0.16452
0.34526
0.14483
0.20498
1.2232
0.10476
0.18347
0.52118
0.754
0.09047
0.17282
0.3589
0.10909
0.086195
0.88183
0.14766
0.29332
0.57373
0.081197
0.97034
0.54548
0.54152
0.14386
0.4605
0.7671
0.42424
0.12861
0.07264
0.097301
0.19244
0.25814
0.20912
0.089667
1.0527
0.50064
1.1778
0.052956
0.31511
0.18724
0.13981
0.16437
1.2388
0.21206
0.1449
0.40006
0.24169
0.10109
0.20341
0.074524
0.58949
0.9479
0.12503
0.11461
0.53463
0.29605
0.075773
0.32452
0.18152
0.092738
0.40114
0.92534
0.33326
0.086815
1.1084
0.16777
0.17341
0.11101
0.13744
0.1544
0.18769
0.085632
0.12334
0.1747
0.52175
0.11385
0.54428
0.068785
0.17033
0.083295
0.88388
0.56269
1.1013
0.79065
1.0174
0.50878
0.95737
0.17337
0.1071
0.11839
0.40857
0.15514
1.1745
0.094309
0.091792
1.1783
0.083341
0.46854
0.14571
0.095708
1.0184
0.16346
0.53388
0.44014
0.91429
0.11902
1.009
1.2907
1.1806
0.12928
0.26682
0.12317
0.096999
0.23476
0.11101
0.17127
0.082494
0.49485
0.093478
0.4782
0.31448
0.14422
0.62938
1.45
1.2018
0.12825
0.22014
0.12927
0.32009
0.078364
1.137
0.35114
0.33712
0.18325
0.18508
0.077149
0.74692
1.4256
0.57834
0.25929
0.90274
0.12884
0.72242
0.16959
0.20927
0.54837
0.66596
1.0655
0.72214
0.19603
0.14604
0.50067
0.12386
0.11308
0.17372
0.37933
0.89336
0.48923
0.77606
0.22075
0.32911
0.52813
0.19063
0.13683
1.0207
0.81759
0.37482
0.48318
0.41119
0.09246
1.0565
0.15802
0.33052
0.1583
0.12607
0.47265
0.41626
0.92936
0.19333
0.13496
0.98685
0.20741
0.067988
0.1131
0.64745
0.13061
0.86804
0.53583
1.0996
0.71242
0.98848
0.2714
0.15861
0.10652
0.39937
0.97033
0.2526
0.39763
0.37946
0.57564
1.3581
0.11305
0.16537
0.2035
0.094367
0.17803
0.62367
0.73695
0.1437
0.62432
0.41504
0.34476
0.47337
0.62163
0.45011
0.085613
0.67879
0.2205
0.60282
0.96198
0.15558
0.10686
0.42635
0.18083
0.20021
1.2163
0.31697
0.24669
0.41162
0.11248
0.11246
0.63245
0.1659
0.090961
0.16751
0.38077
0.11427
0.53279
0.18267
0.78952
1.0892
1.2901
0.10128
0.18526
0.84665
0.079761
0.17904
0.22758
0.94528
0.083007
0.17499
0.59357
0.10864
0.90194
0.20835
0.40349
0.19638
0.14945
0.57763
0.21134
0.59037
0.62706
0.13909
0.83946
0.15492
0.16471
1.0175
0.22092
0.12889
0.13158
0.088416
0.13482
1.0904
0.093527
0.49909
0.56075
1.0817
0.6412
0.77793
1.0994
0.42394
0.18634
1.0759
0.12879
0.83819
0.30806
0.49733
0.077801
0.51222
0.21965
0.37912
1.2495
0.31338
0.19757
1.1785
0.41002
0.39197
0.44912
0.11874
0.4811
0.28838
1.6021
0.12076
0.12442
0.17079
0.65463
0.25456
0.15219
0.22969
0.35592
0.1096
0.32074
0.65219
0.0777
0.069226
0.12846
0.4239
0.073909
0.14869
0.93468
0.19794
0.87102
0.41308
0.078614
0.1578
0.18999
0.14797
0.14898
0.71591
1.1702
0.78856
1.136
0.77407
0.082089
0.40543
0.12043
0.1276
0.43098
0.16811
0.18869
1.1158
0.49167
0.44101
0.78545
0.126
0.15739
0.969
0.75888
0.098702
0.3987
0.082543
0.99251
0.24072
1.0963
1.174
0.40429
0.09206
0.68001
0.12284
0.176
0.68782
0.4287
0.41131
0.080689
0.13074
0.55998
0.090614
0.26639
0.89941
0.1464
1.1636
0.92913
0.10692
0.099152
0.36656
0.5043
0.28727
0.44541
0.24306
0.11915
0.52736
1.2007
0.55216
0.97788
0.20469
0.099127
0.15198
0.34977
0.066817
0.1453
0.36486
0.19524
0.099408
0.80161
0.65921
0.42315
0.53915
0.50538
0.083369
0.30388
0.11436
0.73874
0.66706
1.3136
0.37913
0.13375
0.4788
0.49733
0.53747
0.090701
0.080561
0.3919
1.0122
0.13235
0.11763
0.99135
0.43005
0.3671
0.15987
0.55883
0.42632
0.09336
1.2313
0.37923
0.096241
0.1524
0.75049
0.13618
0.40719
0.41505
0.31995
0.075881
0.15006
0.12043
0.25759
0.14298
0.20675
0.13924
0.063725
0.23237
0.10639
0.1455
0.57169
1.4927
0.082292
0.44288
0.11881
0.35847
0.72021
0.078412
0.12517
0.1273
0.15304
0.13644
0.49412
0.91818
0.074901
0.57331
0.14295
0.082665
0.092554
0.075883
0.31495
1.5989
0.45655
1.0876
0.10227
0.92867
0.15156
0.35673
0.08563
0.12314
0.4609
0.29143
0.28386
1.0709
0.26928
0.11639
0.13353
0.33319
0.38008
1.1022
0.11718
1.1209
0.63007
0.060702
0.39087
0.7123
0.87895
0.20925
0.28892
0.056683
0.090976
1.4812
0.39344
0.20184
1.4177
0.40177
0.45652
0.085492
0.56071
0.58379
0.35524
0.15173
0.56917
0.058615
0.43756
0.095774
0.10916
1.2719
0.12378
0.20366
0.31523
0.19085
0.15347
0.37604
0.23053
0.46404
0.16653
0.090381
0.089145
0.44009
0.18245
1.1497
0.070079
0.15969
1.4369
0.2372
1.0689
0.090755
0.46452
0.14244
0.11786
0.42899
0.23844
0.53234
1.4301
0.09622
0.29654
0.12629
0.52579
0.22048
0.92752
0.26607
0.18854
0.13374
0.11936
0.61783
1.2824
0.1778
0.08221
0.59337
0.66123
0.13577
0.2001
0.72305
0.12664
0.43529
0.082091
0.094693
0.41532
0.56091
0.4205
0.39383
0.15032
0.20366
1.0127
1.0501
1.1596
0.28953
0.32425
0.50395
0.21576
0.98976
1.4937
0.088486
0.86283
0.25222
0.82675
0.24399
0.16767
0.77209
0.1046
0.30149
1.1311
0.24533
0.18471
0.33016
1.1687
0.62931
0.51336
0.66972
0.19235
1.2013
0.088498
0.16411
0.39284
0.57537
0.73925
0.27158
0.7162
0.25243
0.32928
0.13999
0.090427
0.93361
1.1017
0.96756
1.0928
0.22372
0.25259
0.11812
0.40206
0.16222
0.074108
0.13584
0.12571
0.78923
0.98669
0.86074
1.0146
0.10718
0.06626
0.14627
0.55562
0.11934
0.56528
0.10442
0.2465
0.10401
0.073795
0.18877
0.2164
0.21282
0.2098
0.19043
0.10618
0.26511
0.57961
0.12178
0.22226
0.092352
1.1119
0.21912
0.40874
0.11466
0.10479
0.20285
0.15403
0.45934
0.13876
0.29038
0.20068
0.064639
0.11881
0.10016
0.25079
0.53657
0.53032
0.13031
0.97948
0.60159
0.11897
0.43085
1.1629
0.089226
0.19328
0.2405
0.14465
0.37103
0.39746
0.10005
0.11706
0.41287
0.38393
0.18081
1.0456
0.52235
0.65867
0.11541
0.73583
0.3242
0.93777
1.3062
0.12059
0.37033
0.27292
0.77433
0.3981
0.080411
0.96472
0.13794
1.1835
0.080043
0.33391
0.85077
0.37632
0.087059
0.22089
0.35175
0.32746
0.55075
0.3079
0.12859
0.15453
0.5049
0.22884
0.47244
1.1438
0.18977
0.16682
0.55116
0.10015
0.10104
0.10799
1.2451
0.60235
0.10717
0.26411
0.30771
0.20509
0.088354
0.33741
0.15503
0.54757
0.23896
0.3053
0.42838
1.0709
0.12351
0.21169
1.1277
0.2644
0.38512
1.6299
0.54257
0.10535
0.10359
0.06974
0.86486
0.26045
1.2075
0.94847
1.0422
0.20836
0.25092
0.98112
0.57743
0.24925
0.70279
0.20442
0.094327
0.2294
0.13533
0.10762
0.89259
0.1566
0.16673
0.13853
0.22687
0.15517
0.090151
0.14627
0.086068
0.18991
1.1264
0.26053
1.4205
0.13994
0.78221
1.1981
0.1497
0.07189
1.0006
0.23367
1.1405
0.61349
0.093184
0.37356
0.69118
0.64642
0.3672
0.1819
0.37104
1.4368
0.11426
0.11515
1.1652
0.26652
0.51008
0.10436
0.36128
0.36325
0.12921
0.45921
1.2095
0.70049
0.29046
0.23316
0.27157
0.43986
0.91912
0.43954
0.61942
0.23544
0.17342
0.09452
0.82498
0.080505
0.81699
0.65796
1.0215
0.20093
0.6067
0.3986
0.29162
0.7027
0.98739
0.60142
0.25808
0.20058
1.0079
0.62162
1.1652
0.17837
0.090763
0.19062
1.1623
0.35102
0.090297
0.41614
0.36224
0.20166
0.34009
0.36552
0.080997
0.19708
0.35088
0.7354
0.19745
0.34889
0.16732
0.14583
0.1564
0.18161
0.12994
0.45962
0.1043
0.71048
0.13945
0.12287
0.16046
0.98568
0.13783
0.16517
0.21349
0.45074
0.072187
0.15757
0.204
0.67594
0.29377
0.19216
1.0336
0.14828
0.21907
0.37498
0.6569
1.227
0.26647
0.11033
0.28619
1.0507
0.18521
0.080606
1.101
0.23227
1.2031
0.09361
0.079799
0.74012
0.064359
0.086734
0.2826
1.1389
0.079022
0.083653
0.21803
0.65993
1.1913
0.16982
0.12161
0.14331
0.89284
1.1491
0.090084
0.3211
0.74732
0.35143
1.575
0.29725
0.98014
0.19044
1.0866
0.53758
0.70004
0.21829
1.1154
0.13627
0.70915
0.53045
0.8043
0.49298
0.19213
0.10487
0.38217
0.49547
0.69714
0.38634
0.27994
0.66897
0.14126
0.16211
0.12373
0.070233
1.5204
0.89907
0.17524
0.56798
0.34795
0.29802
0.090879
0.47531
0.16104
0.1039
0.14289
0.28957
0.15028
0.19382
1.0774
0.52671
0.31269
0.45835
0.075441
0.076337
0.4554
0.38315
0.11438
0.12491
0.21746
0.22932
0.19761
0.62035
0.17464
0.33818
0.16846
1.0428
0.34786
0.21056
0.14413
0.46528
1.2722
0.80234
0.22663
1.4279
0.080932
0.47655
1.4469
1.1102
0.18176
0.20677
0.40324
0.35344
0.19842
0.51699
0.22072
0.13799
0.1827
1.0145
0.16854
0.22249
0.37731
0.51873
0.86874
0.14993
0.4063
0.2672
0.4895
0.15569
0.097663
0.091913
1.1263
0.12166
0.4128
1.0545
0.8644
0.13745
1.1142
0.11651
0.28441
0.088438
0.097319
1.1625
0.1191
0.47582
0.4508
0.15415
0.14707
0.095348
0.23778
0.058335
0.15105
0.070484
0.10487
0.25457
0.12101
0.32772
1.0022
1.0189
0.67061
0.40313
0.082804
0.11699
0.85079
0.29224
0.16171
0.22097
0.27611
0.13699
0.68146
0.76153
0.49493
1.252
0.19577
0.48779
0.15126
0.077662
0.069799
1.2514
0.1024
0.40151
1.0061
0.20085
0.47776
0.37136
0.65032
0.1587
0.13209
0.87736
0.076337
0.069696
0.12034
0.084985
0.84985
0.43976
0.18283
0.40489
0.091557
0.26633
0.28792
0.18215
0.77567
0.22773
0.36034
0.94589
0.20795
0.64345
0.29804
0.1377
0.077985
0.57887
1.3025
0.33345
0.28203
0.53914
0.092679
0.24267
0.6893
0.25977
0.31255
0.24021
0.76531
0.77623
0.97558
0.11773
0.13577
0.18493
0.35766
0.84374
0.25224
0.13964
0.29853
0.11712
0.17497
0.36025
0.20998
0.3154
1.2799
1.0671
0.099099
0.93602
0.08246
0.093546
0.43957
1.215
0.82687
0.46222
0.13708
1.0893
0.52419
0.17136
0.19466
0.82042
0.8125
0.11842
0.16051
0.13603
0.11092
0.098462
0.16831
0.13431
1.2513
0.10484
0.21041
1.0752
0.2849
1.0078
0.1666
0.32988
0.54331
0.18753
0.56976
0.65233
0.23148
0.50584
0.22365
0.083904
0.6088
0.32209
0.079378
0.53514
0.44477
0.31513
0.17533
0.28953
1.0751
0.23308
0.95207
0.17486
0.77887
0.3682
0.67541
0.84089
0.16353
0.71371
0.22171
0.12825
0.46162
1.2602
0.53788
1.1213
0.12732
0.20537
0.09866
0.24637
0.11963
0.9264
0.062784
0.24959
0.34727
0.41863
0.71568
0.16987
0.1968
0.098338
0.7133
0.45091
0.17535
0.20987
0.29687
0.99155
0.66081
0.54624
0.36962
1.1402
0.075357
0.35134
0.37511
0.4925
0.22827
1.2006
0.12738
0.4039
0.73888
0.33737
0.17597
0.13186
0.1373
0.088661
0.19886
0.53474
0.11888
0.46685
0.75907
0.8449
0.17296
0.84632
0.2537
0.20263
0.24874
0.28681
0.25261
0.11562
0.23659
0.26916
0.096445
0.66605
0.13791
0.21147
0.10172
0.13613
0.13907
0.63631
0.14816
0.085352
0.25169
0.26211
0.1641
1.4994
0.11073
0.16689
0.084395
0.25493
0.54709
0.064004
0.59089
1.0715
0.64618
0.12271
0.66882
0.2652
1.3651
0.21366
1.2548
0.59954
0.15442
0.17256
0.086954
0.83545
0.16374
0.12455
0.66888
0.15548
0.41789
0.49476
0.25781
0.24274
0.53462
0.078524
1.099
0.11166
0.15552
1.133
0.49928
0.085545
0.97888
0.1161
0.52009
0.62104
0.44894
0.083793
0.15642
0.21032
0.61062
0.077772
0.19033
0.38538
0.31839
0.10508
0.10991
0.18603
0.13501
0.25588
0.075034
0.47914
1.5012
0.99536
0.1214
0.18018
0.42019
0.80883
0.28285
1.0367
0.40867
0.11499
0.27565
0.64393
0.14088
0.36018
0.95241
0.24908
0.52881
0.11251
0.32806
0.11058
0.71627
0.21673
0.91539
0.1382
0.20237
0.29611
0.63521
0.28255
0.25125
0.24119
0.56763
1.0896
0.72836
0.79936
0.26266
0.12201
0.17737
0.58805
0.079751
0.37964
1.0817
0.12718
0.13324
0.43389
0.48733
0.17625
0.20605
0.090672
0.21023
0.32121
0.93875
1.1069
0.19716
1.5732
0.9219
0.126
0.62032
0.083734
1.0393
0.15084
0.22879
0.91956
0.1928
0.19052
0.20693
0.49618
0.62428
0.96845
0.12238
0.38252
0.12809
0.20021
0.16214
0.23442
1.1241
0.29114
0.28734
0.10109
0.25744
0.6265
1.1457
0.12723
0.52371
0.42476
0.71165
1.2142
1.0797
0.19108
1.3023
1.1922
0.4445
0.22876
0.1477
0.092527
0.2973
0.42879
0.25925
0.16299
0.60447
1.1438
1.1739
0.26378
0.13954
0.68147
0.81523
0.10268
0.15573
0.15186
1.3807
0.12367
0.10238
0.21514
0.85879
0.81489
1.2849
0.13518
0.13564
0.47203
0.13374
0.1254
0.24009
0.14792
0.47025
0.12061
0.11454
0.18427
1.1529
0.51259
0.4385
0.14104
0.093549
0.34379
0.20597
0.16004
0.23899
0.29891
0.23994
0.11366
0.99014
0.91526
0.13802
0.2813
0.65713
0.26755
0.82836
0.21122
0.30226
1.1308
0.24922
1.0351
0.2373
0.44337
0.17932
1.509
0.59873
0.097409
0.11049
0.18236
0.51193
0.29652
0.64818
0.28021
0.22235
0.25072
0.96646
0.078359
0.079937
0.074834
1.1143
0.16336
0.18154
1.2489
0.29326
0.060128
0.27907
0.19264
0.14991
0.16692
1.0008
0.16861
0.19081
0.088583
0.1155
1.1063
0.63145
0.29625
0.95005
0.57315
0.08913
0.5075
0.1293
0.17387
1.2573
0.39263
0.22198
0.18206
0.17612
0.36143
0.26643
0.29919
0.46301
0.39519
0.10434
0.14434
0.53821
0.21992
0.6768
0.11325
0.82309
0.32567
0.16344
0.08234
0.45796
0.28428
0.17649
0.15642
0.41461
0.34019
0.083095
0.33593
0.21703
1.2782
0.17235
0.53314
0.25606
0.77533
0.27151
0.27119
0.63808
0.35113
0.15281
1.1931
0.46843
0.41063
0.65637
1.0255
0.83356
0.10952
0.074834
0.19216
1.1182
1.7191
0.10058
0.29956
0.68109
1.355
0.45603
0.12805
0.11402
0.079951
1.1943
0.69228
0.47546
0.11142
0.60832
0.57623
0.086578
0.084153
0.19171
0.4276
0.17881
0.65141
0.084915
0.071565
0.20916
0.059358
0.92203
0.21539
0.2092
0.32451
0.21499
0.80356
0.088058
0.13988
0.18289
0.15392
0.54622
0.4412
0.12118
0.16665
0.12915
0.83388
0.36633
0.92123
0.149
0.54776
0.20488
0.085527
0.76244
0.35877
0.22316
0.51422
1.1545
1.1594
0.090017
0.15412
0.62384
0.085247
0.81927
0.094653
1.0766
0.69635
0.58698
0.096654
0.46659
0.074264
1.5968
0.22596
0.24258
0.24152
0.4617
0.24344
0.11339
0.30955
0.195
0.263
0.12562
0.81335
0.11014
0.46743
0.072322
0.20702
0.72356
1.1543
0.98536
0.43725
1.2251
0.10092
0.18143
0.32762
0.82773
0.19896
0.35486
1.0469
1.2752
0.2315
0.60651
0.30965
0.1908
0.76942
0.12555
1.0149
1.157
0.40772
0.51266
0.87034
0.21232
0.22517
0.12303
1.0822
0.12049
0.85754
0.20808
0.20601
1.5903
1.0992
0.11121
0.72328
0.40516
0.094792
1.2527
0.14172
0.67322
0.21118
0.28431
0.075465
0.4987
0.14913
0.27766
0.15637
0.11688
0.11738
0.63474
0.54175
0.39319
0.30501
0.58464
0.84156
0.15049
0.70135
0.25615
1.3779
1.0993
0.23582
0.17732
0.24445
0.32784
0.63263
0.60234
0.068568
1.148
1.0931
0.32067
0.31847
0.98689
1.0239
0.23524
0.18329
0.46887
0.22221
0.16254
0.30583
0.36553
0.95377
0.18648
0.098647
1.1547
0.24026
0.076549
0.37035
0.48298
0.23994
0.1135
0.15865
1.3283
0.71859
0.76936
0.094407
0.17956
0.76512
1.1383
0.3422
0.30247
0.22766
0.24485
0.18286
0.17997
0.86567
0.2205
0.73978
0.44115
0.2227
0.33362
0.18069
1.1581
0.1256
0.32497
0.076743
0.19036
0.36721
0.1044
0.30963
0.71487
0.24312
0.48662
0.22355
0.2398
0.84628
0.2299
1.0064
0.09279
0.28704
0.43617
0.13803
0.11637
0.076117
0.18914
0.18695
0.57237
0.17674
0.6951
0.62554
1.1431
0.65812
0.11855
0.11057
0.57377
0.22942
0.063703
0.13267
0.057757
0.21235
0.33265
0.21986
0.5888
0.21191
0.20364
0.16292
0.31358
0.36014
1.0686
0.36397
0.42968
0.38958
0.18767
0.978
0.12195
0.20496
0.18408
0.11181
0.40324
0.43115
0.32415
1.5716
0.31021
0.077888
0.20722
0.21426
0.17615
0.69264
0.49553
1.0683
0.4131
0.16896
0.077742
1.1974
0.19533
0.12813
0.22396
0.20454
0.46292
0.085977
0.37923
0.10715
0.56894
1.1377
0.2119
0.12301
0.10093
0.084775
0.20241
0.14328
1.0659
0.4877
0.11052
0.11464
0.10117
0.068804
0.10602
0.10022
0.43579
0.11562
0.25282
0.49967
0.59742
0.20252
0.12421
0.93972
1.1494
0.86084
0.28738
0.49789
0.85922
0.11071
0.088953
1.2146
1.1065
0.52013
0.26339
0.17062
0.58201
1.0859
0.49276
0.95887
0.31567
0.07591
0.074812
0.69703
0.35082
0.77797
0.66194
0.44966
0.21923
0.25735
0.23859
0.58115
0.097366
1.1334
0.59449
0.27173
0.22572
0.11868
0.12988
1.0745
1.0176
1.098
0.18029
0.10225
0.53085
0.32109
0.84591
0.70053
0.74051
0.11474
0.45645
1.3635
0.21223
0.34506
0.43309
1.2066
1.1918
0.089752
0.52212
0.91528
0.13434
0.17409
0.49432
0.25179
0.25035
0.95234
0.62257
0.087596
0.18879
0.16722
0.11995
0.18991
0.87223
0.12977
0.11231
0.25488
0.36815
0.98227
0.22341
0.32484
1.5778
0.094661
0.124
1.1563
0.38068
1.0776
0.10959
1.0824
0.31368
0.87746
0.2592
0.63524
0.1747
0.072983
0.43113
0.11149
0.08119
0.23169
0.38733
0.58392
0.10853
0.13122
0.11152
0.22998
0.36312
0.076519
0.68646
0.34297
0.1831
0.09048
0.76468
0.84916
0.41787
0.78666
0.21033
0.087265
1.1015
0.12569
1.3692
0.84785
0.26256
1.2511
0.12134
0.20244
0.32841
0.27113
0.22492
1.2433
0.14023
0.92214
0.10031
0.45728
0.85244
0.53373
0.19686
0.090243
0.27469
0.10281
0.52175
0.71139
1.0786
0.33715
0.16782
0.29529
0.12939
1.0318
0.20567
0.26957
0.29379
0.12071
0.21685
0.20226
1.1589
0.11541
0.35178
0.99997
0.70797
0.15942
0.15908
0.23017
0.67745
0.23155
0.12699
0.08665
0.16271
1.1694
0.50035
0.66495
0.57639
0.087826
0.43872
1.1185
0.70188
0.27802
0.18397
0.22967
0.2085
0.85194
0.2377
0.12837
0.10895
1.0517
0.15464
0.1665
0.28388
0.10344
0.29907
0.11993
1.422
0.33855
0.12772
0.084288
0.59142
0.1368
0.54052
0.73647
0.4737
0.3471
0.28593
0.13649
0.28973
0.37954
0.1014
1.1377
0.94893
0.13795
0.1401
0.13247
0.079805
0.2372
1.6415
0.11085
0.43091
0.12387
0.72393
0.1906
0.14043
0.99124
1.0049
0.14591
0.23948
0.092822
0.14403
0.20183
0.14807
0.35396
0.24246
0.46503
1.7408
1.1416
0.076643
0.24068
0.076294
0.18927
0.13946
0.48276
0.22497
1.2089
1.0767
0.07796
0.17353
0.14346
1.1308
0.078472
0.14404
1.5067
0.1133
0.20266
0.48101
0.093409
0.13038
0.10996
0.32874
0.48685
0.12254
0.10842
0.81994
0.35797
0.70286
0.09755
0.19519
0.12829
0.29548
0.62735
0.27066
0.84861
0.2346
0.89996
0.11925
0.35225
0.14255
0.17046
0.59699
0.14184
0.12901
0.60937
0.58807
0.58564
1.2619
0.47805
0.070858
1.1831
0.55187
0.81627
0.17433
0.35823
1.2205
0.085675
0.16099
0.10013
0.18954
0.14678
0.24674
0.28012
0.2207
0.092444
0.51319
0.26981
1.2467
0.22276
0.12379
0.12506
0.84069
0.26759
0.33663
0.79404
1.2395
0.72039
0.2772
0.20499
0.093121
0.31984
0.20282
1.1067
0.17146
0.27918
0.10411
0.35385
1.1525
0.27085
0.11584
0.22288
0.51542
0.18316
0.16852
0.23881
0.68268
0.85789
0.12178
0.20833
1.05
0.85199
0.080864
0.30169
0.3334
0.15579
0.13205
0.10436
0.24676
0.25516
1.171
0.4058
0.10588
0.1442
0.10917
0.43565
0.76708
0.086094
1.0907
0.2675
0.40488
0.24099
0.11918
0.71383
1.0821
0.23159
0.068643
1.1313
0.22069
0.11101
0.27613
0.10443
0.16375
0.44418
0.22309
1.2287
0.11821
0.41476
0.49469
1.0992
0.3401
0.23527
0.28317
0.78184
0.099189
0.53651
0.18407
0.81788
0.60199
1.0788
0.20764
0.47524
0.10063
0.083891
0.26894
1.0688
0.11253
0.12695
0.83357
0.21886
0.54338
0.74432
0.11923
0.092713
0.063889
0.20087
0.24167
0.094188
0.22727
0.16719
0.092992
1.0531
0.50933
0.14239
0.13608
0.43631
1.3223
0.5389
0.14577
0.20315
0.72121
0.083701
0.22299
0.23034
0.42373
0.46483
0.084785
0.36055
0.67611
0.089142
0.27754
0.11133
0.14872
0.51686
0.2912
0.23554
0.6503
0.11984
0.8343
0.24572
0.961
0.34814
0.13793
0.25986
0.67288
0.85553
0.099674
0.26607
0.72249
0.50791
1.2833
0.7665
0.13915
0.75451
0.51923
0.34844
0.27414
0.36548
0.40749
0.075616
0.51681
0.50483
0.23801
0.14169
0.29623
0.50869
0.75621
0.16723
0.095861
0.2843
0.49203
0.30149
0.33087
0.96246
0.48056
0.1606
0.18706
0.36724
0.65709
0.10244
0.077793
0.14514
0.39105
0.17287
0.17515
0.18867
0.1001
0.17182
0.13432
0.62639
0.37066
0.12828
0.45879
1.0938
0.15046
1.2575
0.11152
0.58753
0.12447
0.10676
0.10507
0.96076
0.44775
0.90098
0.3706
0.15489
0.16871
0.10916
1.2651
0.18346
0.13143
0.77265
0.095252
0.15713
0.18347
0.086602
0.29475
0.12443
0.090436
0.44426
0.38572
0.39934
0.16389
1.3053
0.65948
1.156
0.36062
0.074421
0.62331
0.2105
0.15003
0.21855
0.09493
0.34157
0.35589
0.14666
0.54264
0.094936
0.11269
0.2737
1.2039
0.08797
0.42595
0.23582
0.18376
0.70331
0.36756
0.10057
0.23788
0.10549
0.32062
0.071856
0.55619
0.17796
0.67591
0.35564
0.079482
0.20516
0.60956
0.34086
0.10142
0.14522
0.1503
0.099403
0.52721
0.84047
0.1039
0.58703
0.23927
1.0716
0.96354
0.56733
0.68959
0.72616
0.63046
0.23638
1.2122
1.2421
0.15089
0.71972
0.23953
0.69624
0.15141
0.78026
0.37603
1.0382
0.64719
0.29845
0.22903
0.4007
0.66624
0.14826
0.93086
0.2469
0.27267
0.21665
0.62974
0.8087
0.90486
0.18823
0.27023
0.94271
0.47896
1.1188
0.11609
0.27417
0.29562
0.76618
0.12677
0.36726
0.1185
1.1451
0.1791
0.085379
0.67489
0.26628
0.080975
0.30808
0.25157
0.92925
0.39794
0.67156
0.16926
0.10164
0.10763
0.30652
0.34138
0.29668
0.10355
0.26433
0.30468
0.11055
0.27819
0.19531
0.27781
0.26988
1.6857
0.46124
0.098059
1.149
0.33279
0.20671
0.68299
0.59819
0.52218
0.086759
0.15166
0.91981
0.068613
0.1668
0.089348
0.91179
1.3003
0.59426
1.2053
0.15861
0.30449
0.24578
0.087832
0.12356
0.26142
0.87658
0.84142
0.26534
0.15498
1.2497
0.70941
0.18823
0.22522
0.10497
0.23844
0.81588
0.42581
0.20137
0.41532
1.1264
0.13769
1.063
1.0275
0.91204
0.79037
0.32941
0.20315
1.0035
0.77678
0.85304
0.24513
0.26856
0.35935
0.12285
0.66404
0.43711
0.15048
0.25939
1.1292
0.23761
0.50965
0.42003
0.15341
0.31057
0.11356
0.13786
0.73998
0.081369
0.11829
0.51288
0.13819
0.12778
0.26011
0.23137
0.56927
0.13063
1.0479
0.31285
0.36519
0.27892
0.22334
0.098672
1.0259
0.26504
0.623
0.11167
0.351
0.46384
1.576
0.39127
0.16653
0.6093
0.23814
0.78196
0.11628
0.89981
0.24226
0.15468
0.71794
0.12334
0.17313
1.1142
0.21637
1.0531
0.1749
0.26112
0.13698
0.0873
0.80988
0.12566
0.34412
0.17151
0.81845
1.2313
0.24373
1.1864
0.90716
0.11425
0.94969
0.3657
0.32937
0.14854
0.13182
0.33689
0.34792
0.092617
0.41689
0.71836
0.76207
0.21559
0.13885
0.62145
1.0497
0.42839
0.80841
0.49047
0.78743
0.64217
1.1024
0.081939
0.6703
0.97492
0.91767
1.0264
0.53514
1.0719
0.090619
0.1091
0.079954
0.14177
0.17961
0.86734
0.16973
0.67594
1.2241
1.3498
0.91724
0.10981
0.92311
0.24325
1.1945
0.5605
0.32844
0.099865
0.35726
0.19423
0.078087
0.15465
0.10873
0.074682
0.073588
0.26973
0.35687
0.12082
0.37379
0.1585
0.32932
1.0983
0.22267
0.47652
0.20356
0.17247
0.15064
0.2452
0.18218
0.98369
0.070833
0.11231
0.73728
0.45554
0.39599
0.10779
0.23344
0.4124
0.37638
0.40694
0.12725
0.99222
0.4159
0.31877
0.48376
0.59438
0.26879
0.3748
0.10683
0.1699
0.56787
0.20966
0.53573
0.85171
0.21534
0.64499
0.063832
0.38842
0.47817
0.31894
0.35058
0.11983
0.11361
0.098945
0.31921
0.084485
0.089483
0.44677
0.51368
0.22332
0.96131
0.40141
0.15154
0.89894
0.077386
0.1183
0.20411
0.12683
0.18429
1.088
0.091905
0.13367
0.1602
0.070777
0.47554
1.6557
0.18872
0.38204
0.11601
0.093932
0.27825
0.10268
0.41308
0.69586
0.56632
0.80559
1.1296
0.061191
0.24914
0.18452
0.81304
0.19637
0.69761
0.13658
0.61825
0.2215
0.70145
0.28701
0.635
0.16452
0.34526
0.14483
0.20498
1.2232
0.10476
0.18347
0.52118
0.754
0.09047
0.17282
0.3589
0.10909
0.086195
0.88183
0.14766
0.29332
0.57373
0.081197
0.97034
0.54548
0.54152
0.14386
0.4605
0.7671
0.42424
0.12861
0.07264
0.097301
0.19244
0.25814
0.20912
0.089667
1.0527
0.50064
1.1778
0.052956
0.31511
0.18724
0.13981
0.16437
1.2388
0.21206
0.1449
0.40006
0.24169
0.10109
0.20341
0.074524
0.58949
0.9479
0.12503
0.11461
0.53463
0.29605
0.075773
0.32452
0.18152
0.092738
0.40114
0.92534
0.33326
0.086815
1.1084
0.16777
0.17341
0.11101
0.13744
0.1544
0.18769
0.085632
0.12334
0.1747
0.52175
0.11385
0.54428
0.068785
0.17033
0.083295
0.88388
0.56269
1.1013
0.79065
1.0174
0.50878
0.95737
0.17337
0.1071
0.11839
0.40857
0.15514
1.1745
0.094309
0.091792
1.1783
0.083341
0.46854
0.14571
0.095708
1.0184
0.16346
0.53388
0.44014
0.91429
0.11902
1.009
1.2907
1.1806
0.12928
0.26682
0.12317
0.096999
0.23476
0.11101
0.17127
0.082494
0.49485
0.093478
0.4782
0.31448
0.14422
0.62938
1.45
1.2018
0.12825
0.22014
0.12927
0.32009
0.078364
1.137
0.35114
0.33712
0.18325
0.18508
0.077149
0.74692
1.4256
0.57834
0.25929
0.90274
0.12884
0.72242
0.16959
0.20927
0.54837
0.66596
1.0655
0.72214
0.19603
0.14604
0.50067
0.12386
0.11308
0.17372
0.37933
0.89336
0.48923
0.77606
0.22075
0.32911
0.52813
0.19063
0.13683
1.0207
0.81759
0.37482
0.48318
0.41119
0.09246
1.0565
0.15802
0.33052
0.1583
0.12607
0.47265
0.41626
0.92936
0.19333
0.13496
0.98685
0.20741
0.067988
0.1131
0.64745
0.13061
0.86804
0.53583
1.0996
0.71242
0.98848
0.07989
0.15861
1.073
0.084105
0.07916
0.74409
0.1338
0.10373
0.1397
0.72322
0.98077
0.16537
0.091647
0.25338
1.2744
0.081421
0.20576
0.157
0.14141
0.1347
0.27213
0.76905
0.16449
0.64235
1.2695
0.10805
0.2205
0.60282
0.48355
0.16769
0.39003
0.1432
1.2574
0.20021
1.2163
0.28719
0.16375
0.4185
0.16963
0.36115
1.1364
1.1075
0.13378
0.16751
0.59775
0.19748
0.91526
0.61834
0.78952
0.18286
0.33351
0.95117
0.16968
0.18038
1.3653
0.14531
0.59923
0.25385
0.2205
0.45485
0.49263
0.10864
0.18548
0.58223
0.59088
0.13142
0.99883
0.66541
0.83422
0.41826
0.29609
0.085965
0.83946
0.38796
0.12731
0.46811
0.081422
0.38312
1.1515
0.090633
0.13848
0.26333
0.24746
0.49909
0.39174
0.61109
0.33043
0.13275
1.1917
0.45692
0.63018
0.42373
0.56797
0.72088
1.1521
0.63574
0.085466
0.30701
0.21056
0.089446
0.55499
0.11659
1.0778
0.3404
1.1323
0.084359
1.1599
1.0463
0.5496
0.28838
1.1192
0.12076
0.60914
0.41981
0.65463
0.25456
0.36259
0.81081
0.57331
0.1096
1.6336
0.20058
0.0777
0.0961
0.88123
0.22731
0.2554
0.27319
0.24108
0.87331
0.21524
0.12079
0.078614
1.1406
0.94338
0.76044
0.14898
0.10402
0.39288
0.062331
0.40047
0.5266
0.061889
0.15972
0.31047
0.40197
0.40155
0.24816
0.20894
0.61535
0.36622
0.64504
1.2355
0.11583
0.15115
0.969
0.10606
0.10911
0.075143
0.082543
0.23884
0.58143
0.13169
1.174
0.40429
0.63578
0.085344
0.9861
0.49038
0.10421
0.84943
0.87386
0.080689
0.44766
0.084012
0.090614
0.13082
0.17624
0.064807
0.050844
0.12156
0.15733
0.55342
0.77378
0.20036
1.1519
0.44541
0.24306
0.416
0.13777
0.68793
0.11794
0.56086
1.0385
0.29814
0.16953
1.5191
0.14886
1.153
0.10431
0.098007
0.35537
0.80161
0.65393
0.15813
0.33293
0.47921
0.30501
0.20972
0.11436
0.28377
0.11676
1.3136
0.37913
0.083017
0.083173
0.083736
1.0842
0.51554
0.67674
1.2376
1.6153
0.8147
0.10004
0.079486
0.2347
0.91817
0.15987
1.0133
0.089885
0.18278
0.22972
0.59787
0.12134
0.25463
0.078573
0.46223
0.25681
0.41505
0.60963
0.23271
0.43946
0.79986
0.25041
0.7452
0.14964
0.46611
0.27228
0.15027
0.21424
1.0989
0.11602
1.4807
0.28929
1.319
0.31506
0.11513
0.15257
0.44196
0.53114
0.5346
0.14596
0.21392
1.126
0.91818
0.22224
0.15074
0.14295
0.38471
0.15594
0.95416
1.0332
0.088713
0.1468
0.18417
0.25504
0.92867
0.54712
0.41209
0.87196
0.088736
0.2692
0.54947
0.55816
0.782
0.24162
0.57195
0.093841
0.2402
0.48198
1.1022
0.18592
1.2397
0.63007
0.16025
0.089653
0.18391
0.13231
0.14466
0.78001
0.15772
0.22193
1.3962
0.065159
1.1165
0.096855
0.72625
0.45652
1.0978
0.29108
0.49002
1.5061
0.11568
0.34816
0.17299
1.1167
0.15744
0.064712
0.11701
0.13952
0.7669
0.60683
0.12071
0.11988
0.1359
0.23053
1.0674
1.0191
0.93011
0.077435
0.57017
0.10847
0.81405
1.2076
0.15969
0.33921
0.2372
0.60598
0.090755
0.19678
0.22674
0.3831
0.30772
0.23844
0.11509
0.51073
0.88945
0.96378
0.086646
0.13386
1.0844
0.59955
0.1022
0.11637
0.45673
0.094134
0.66659
0.21441
0.65303
1.0577
0.11456
0.075908
0.40326
0.7931
0.065502
0.52843
0.35992
0.082091
0.26583
0.72911
0.1987
0.26931
0.40938
0.17668
0.29979
1.0127
0.059053
0.12031
0.37476
1.3315
0.12367
0.11521
0.4
0.51049
0.85183
0.69269
0.31116
0.90948
0.26788
0.44269
0.15389
0.13621
0.56999
1.1311
0.085491
0.18471
0.57761
0.42634
0.40253
0.20716
0.11033
0.26307
0.93617
0.69725
0.12372
0.095756
0.57537
0.46321
0.65797
0.99254
0.09673
0.32928
0.35289
0.31788
0.93361
0.3819
0.43599
0.96108
0.056285
0.2983
1.2795
0.40206
0.082642
1.0651
0.37294
0.11206
0.50512
0.16195
0.20474
0.27492
0.11821
0.39491
0.82585
0.31399
0.14995
0.14255
0.73621
0.1613
0.13494
0.17505
0.50494
0.6132
1.2608
0.17988
0.63629
0.30305
0.56878
1.1152
0.75734
0.072691
0.2805
0.31401
0.1622
0.21715
0.46171
1.2362
0.20285
0.15403
0.32837
0.13876
0.29038
0.20068
0.064639
0.25243
0.20319
0.6564
0.53657
0.093907
0.090339
0.97948
1.3882
1.316
0.43085
0.27184
0.089226
0.35615
0.30551
0.090401
0.15063
0.58457
0.14871
0.39684
1.0671
0.51759
0.18081
1.0456
0.23523
0.14581
1.5517
0.19046
0.3242
0.2091
0.06736
0.12059
0.35195
1.1412
0.77433
0.10672
1.059
0.096445
0.75155
0.099726
1.0297
1.3352
0.5235
0.08903
1.5664
0.22089
0.35175
0.1296
0.55075
0.49524
1.4674
0.23638
0.435
0.50689
0.80981
1.0196
0.28877
0.11889
0.062649
0.58597
0.10001
1.1394
1.2451
0.33261
0.59222
0.17
0.070734
0.62676
0.088354
0.143
0.51422
0.085645
0.33053
0.16597
0.12072
0.40919
0.074627
0.21169
0.92489
0.94522
0.095936
1.6299
0.24641
0.9423
0.10359
0.1756
0.86486
0.37236
0.82438
0.59166
0.38297
0.20836
0.17228
0.11618
0.079346
0.28298
0.077792
0.45125
0.11573
0.65139
0.93283
0.36281
1.0811
0.26278
0.34079
0.28721
0.30579
0.2943
0.17939
0.14627
0.5552
0.88839
0.19594
0.06022
0.13873
0.088949
0.18826
1.1662
0.64327
0.12735
0.13561
0.18918
0.72951
0.39175
0.095179
0.37356
0.078451
0.18647
0.14987
0.17018
0.42056
0.35502
0.18621
0.11515
0.1869
0.12078
0.15604
1.2139
0.095771
0.1811
0.94985
1.0605
0.75979
0.15122
0.074842
0.65018
0.24641
0.32643
1.0252
0.32738
0.12321
0.3004
0.31479
0.065974
0.44636
0.10123
0.6662
0.25564
1.0215
1.4675
0.10714
0.3986
0.31018
0.088113
0.13609
1.1714
0.25808
0.73867
0.2153
0.20018
0.50762
0.19946
0.23572
0.45987
1.1623
0.52508
1.0522
0.12626
0.18113
0.086242
0.18292
0.26821
0.27689
1.0934
0.80169
0.15136
0.43112
0.13462
0.61416
0.12559
0.15149
1.1028
0.097336
0.14125
0.71292
0.30895
0.11535
0.13267
0.53963
0.58091
0.48739
0.16517
0.11159
0.45074
0.37145
0.09802
0.23956
0.67594
0.20051
0.096804
0.32965
0.44387
0.10238
0.28376
0.35774
1.227
0.78019
0.92856
0.28619
0.11373
0.10927
0.60474
1.101
0.46269
0.096791
0.58122
0.78619
0.13297
0.11867
0.13909
0.2826
0.69597
0.076677
0.29152
0.21803
0.96996
0.23615
0.58921
0.48544
0.20472
0.93385
0.26093
0.1165
1.0047
0.74732
0.35143
0.67736
0.50527
0.16822
0.4126
1.0974
0.53758
1.2101
0.25819
1.1078
0.1248
0.39815
1.1741
0.22618
0.167
1.1622
0.97827
0.07911
0.15454
0.62679
0.38634
0.27994
0.66897
0.50651
0.39681
1.037
0.10117
0.15379
1.1384
0.62263
0.58332
1.27
0.21177
0.1331
0.97499
0.37005
0.26064
0.37782
0.23596
0.8631
0.4077
0.12417
1.1245
0.32761
0.99076
0.084132
1.1233
1.2418
1.3098
0.23674
0.12491
0.18984
0.18521
0.13834
1.1551
0.23782
0.16697
0.087956
0.12359
0.34786
1.0335
0.98781
0.5201
0.24261
0.52335
0.32594
0.1337
0.20456
0.24072
1.1272
0.23091
1.1748
0.11744
0.30859
0.46947
0.31403
0.5947
0.56424
0.5475
0.15278
0.16624
0.16854
0.58454
0.15203
0.22298
0.18514
0.094471
1.0458
0.31964
0.35099
0.80311
0.34308
0.060119
0.74536
0.18686
0.4128
0.23154
0.43186
0.16756
0.14893
0.51831
1.1353
1.2182
0.28932
0.79701
0.29093
0.20157
0.5865
0.079371
0.16159
0.26091
0.07464
0.50911
0.10447
0.32745
0.93607
0.84966
0.13105
0.1035
0.31114
0.22941
1.2757
1.1098
0.14829
0.2499
0.82966
0.29026
0.075883
0.22097
0.27611
0.14713
0.68146
0.075018
1.1299
0.061341
0.096708
0.37721
0.18351
0.060978
0.30506
0.69607
0.28919
0.37531
0.20393
0.15927
0.59583
0.10458
0.25352
0.1587
0.13569
0.21164
0.14017
0.069696
0.41689
0.084985
0.21325
1.193
0.20303
0.44822
0.24311
0.26633
0.90965
0.18215
0.099782
0.67961
0.67571
0.44613
0.20795
0.64345
0.337
0.1377
0.70126
0.19117
0.093067
0.11922
0.28203
0.1318
0.15012
0.24267
0.29511
0.090438
0.24654
1.2244
0.30226
0.076007
0.12061
0.11773
0.13577
0.20438
0.68034
0.22652
1.0928
1.2163
1.3926
0.25486
0.88488
1.2761
0.24375
0.064867
0.45588
0.25599
0.11244
1.1001
0.12679
0.21219
0.31609
0.080916
0.12032
0.17281
0.1267
0.070695
0.25283
0.17136
1.2663
0.097053
0.8125
0.99308
0.17398
0.84825
0.18364
0.45929
0.16831
0.34466
0.99904
0.30461
0.18577
0.1095
0.11689
0.37903
0.22627
1.1887
0.18918
0.12169
0.11489
0.93017
0.090237
0.16556
1.1303
0.263
0.19523
0.13466
0.80176
0.81095
0.98547
0.31513
0.17533
0.23741
0.84362
0.23308
0.52555
0.80416
0.33063
1.1936
1.0418
0.17631
0.544
0.12444
0.6972
0.20496
0.42383
0.086903
0.18994
1.1213
0.11108
0.63106
0.17182
0.51802
0.97627
0.15111
0.14186
0.32563
0.092187
1.1942
0.10757
0.2228
0.070156
0.1159
0.7133
0.11057
0.75376
0.48368
0.29763
0.25706
1.2904
0.82395
0.66417
0.55979
1.3021
0.33693
0.21474
0.30389
0.91306
1.2006
0.14285
0.65544
1.2456
0.23852
0.41259
0.73933
0.46221
0.51625
0.19886
0.44539
0.644
0.46685
0.16075
0.088177
1.3351
1.2492
0.077402
0.29285
0.12565
0.28681
0.85644
0.44441
0.57702
0.1428
0.096445
0.66605
0.17455
1.1013
0.11801
0.20871
0.096879
0.078374
1.1997
0.15085
0.30828
1.142
0.19755
0.17399
0.11073
0.31707
0.27109
0.80403
0.18877
0.10993
0.89219
1.0715
0.67601
0.15388
0.66882
0.52449
0.74037
0.20574
0.17415
0.56888
0.10908
0.17256
0.5533
0.46243
0.97811
0.20635
0.33798
0.51164
0.18825
0.26285
0.31194
1.0273
0.40822
1.0527
1.0433
0.85784
1.0182
0.18168
0.11837
0.42953
0.558
1.1355
0.066208
0.18314
0.86432
0.33003
0.11922
0.21032
0.48361
0.10174
0.063495
0.31122
0.41344
0.79018
0.4622
0.18603
1.1682
0.25588
0.30031
0.52149
1.0654
0.095427
0.094371
0.09004
0.33841
0.53441
0.28285
1.0736
0.41517
0.25879
0.072556
0.15835
0.11956
0.36018
0.19439
0.41295
0.52881
0.43824
0.23284
0.17275
1.2123
0.23145
0.12199
0.21477
0.20237
0.94031
0.078243
0.86664
0.84092
0.17759
0.10595
0.056817
0.077608
0.47374
0.24938
0.15539
1.2047
0.58805
0.25221
0.19065
1.0817
0.80143
0.22968
0.39819
0.99732
0.29342
0.28236
0.090672
0.18949
0.18837
0.43238
1.211
0.092568
0.26613
1.162
0.12738
0.10213
0.083734
1.0204
0.10787
0.29128
0.077937
0.90177
0.67796
0.10857
0.34082
0.19262
0.45614
0.32882
0.1761
0.2448
0.07448
0.62019
0.23442
1.1241
1.179
0.14542
0.34245
0.35552
0.6265
0.91969
0.66204
0.23897
0.42476
1.055
0.12234
0.25726
0.1983
1.3023
0.21872
0.072051
0.07756
0.1411
1.0863
0.10741
0.18098
0.15827
0.25934
0.96381
0.84844
0.43205
0.21221
0.09124
0.12572
1.4343
0.91803
0.3923
0.53546
1.3807
0.12367
0.76891
0.19799
0.36712
0.16138
0.091375
0.49288
0.98074
0.32317
0.78634
0.62491
0.25064
0.30986
0.2094
0.15054
0.31383
1.1081
1.1022
0.15146
0.089448
0.43749
0.1239
1.0715
0.229
0.16004
0.60819
1.1996
0.22599
0.24674
0.35972
0.91526
1.197
1.0037
0.65713
0.077475
0.092144
0.11002
0.30226
0.66387
0.1008
0.087853
1.1197
0.21196
0.61898
1.3173
1.0771
0.097409
0.23735
0.094419
0.11184
0.28164
0.64341
0.32189
0.12802
0.3983
0.98454
0.078359
1.044
1.0081
1.2441
0.099434
0.12727
0.1721
0.077669
0.092167
0.27907
1.4609
0.6384
1.2588
0.11575
0.50606
0.7669
0.088583
0.58058
0.17615
0.12215
0.29625
1.1025
0.10029
0.57689
0.41526
0.14693
0.26188
0.10428
0.51032
0.22198
0.093804
0.49671
0.71123
0.35434
1.1407
0.46301
0.43475
0.10434
0.12644
0.55385
0.11842
0.8072
0.66037
0.39427
0.0868
1.2266
0.20819
0.58316
0.56069
0.17649
0.40158
0.7331
0.34019
0.19973
0.39422
0.10589
1.1694
0.52115
0.15742
0.094685
0.82856
0.072471
0.13049
0.76603
0.22829
0.83125
0.28924
0.076742
1.0203
0.55998
0.71108
0.20094
0.7388
0.072571
0.19216
1.502
1.7191
0.10304
0.29956
0.10327
0.15014
0.10951
0.39787
0.17409
0.079951
0.96361
0.99166
0.40281
0.11142
0.12734
1.0169
0.16463
0.084153
0.97663
0.7003
0.079368
0.15401
0.13547
0.4575
0.20916
0.17338
0.92203
0.38726
0.10942
0.32451
0.14564
0.32626
0.13116
0.10979
0.29327
1.1012
0.609
0.14059
0.095311
0.13234
0.09126
0.74793
0.15037
0.62945
0.216
0.24086
0.069462
0.37343
0.31066
0.20829
0.40628
0.10353
0.51641
0.41183
0.80254
0.28402
1.3014
0.68352
0.50813
0.45036
1.0766
0.1325
0.47213
1.232
1.1581
0.14683
1.5968
0.2237
0.26588
0.60911
0.73744
0.16325
0.11339
0.16895
0.43195
0.1406
0.97272
0.29857
0.094571
0.58452
0.39976
0.31202
0.075116
0.19203
0.26564
0.23856
0.13564
0.34748
0.088278
0.74119
0.50792
0.089607
0.62791
0.8597
1.2752
0.25094
0.6122
0.1231
0.65706
0.76942
0.12555
0.10288
1.157
0.60893
0.10861
0.24159
0.19967
0.1888
0.76277
0.77393
0.10594
0.63168
0.15964
0.24391
0.28047
1.0992
0.082102
0.64653
0.1254
0.071921
1.565
0.38599
0.29965
1.6505
1.1042
0.88496
0.32854
1.2102
0.91216
0.089251
0.44079
0.10623
0.052786
1.2137
0.39319
0.10421
0.14795
0.59168
1.0658
0.14142
0.070324
0.19045
0.41168
0.17827
0.67782
0.29811
0.44337
0.63263
0.33849
0.068568
0.12217
0.63775
0.3087
0.092806
0.1598
0.32346
0.13344
0.18944
0.16704
0.30519
0.16254
0.29254
0.18021
0.35884
1.0637
0.57405
0.099889
0.26218
0.50486
0.32991
0.19449
0.13765
0.42863
0.15865
1.2999
0.43771
0.3052
0.67021
0.17956
0.085186
0.073694
0.37051
0.30391
0.22085
0.099561
0.10067
0.10308
0.63179
0.97642
0.15873
0.44115
0.2227
0.45176
0.14033
0.15887
0.13852
0.23649
0.076743
0.70814
0.097756
0.71647
0.69083
1.0261
0.2322
0.48662
0.15262
1.1825
0.95558
0.36694
0.10038
0.09279
0.33122
0.11026
0.22654
0.39207
0.28909
1.0317
0.19364
0.16408
0.11236
1.32
0.32098
0.09796
0.26168
0.11553
0.38273
0.51814
1.3262
0.13334
1.2763
0.82723
0.071774
0.22778
0.21986
0.37562
1.0867
1.2307
0.16292
0.87711
0.48088
0.10155
1.3941
0.42968
0.1534
0.10758
1.1569
0.12195
0.20496
0.54714
0.33118
0.19807
0.15401
0.13454
0.19436
0.14541
0.15919
0.12706
0.17395
0.36668
0.29632
1.0284
1.0683
0.1523
0.16896
0.61587
0.16558
0.10801
0.42103
0.13958
0.86153
0.10596
0.14415
0.13043
1.5444
1.4067
1.0585
0.80928
0.23801
0.88754
1.4332
0.20241
0.11883
0.072913
0.13105
0.93719
0.16589
1.1668
0.45523
0.6487
0.77605
0.15605
0.065676
0.93799
0.89784
0.58677
0.20252
0.083217
0.08175
1.1494
0.86084
0.33719
0.19527
1.2919
0.27266
0.15174
0.068582
0.91802
0.11574
0.43863
1.2272
0.066987
1.0859
0.96389
0.31986
0.4957
0.068125
0.074812
0.13555
0.11409
0.77797
0.13078
0.15872
0.24589
0.40107
0.31594
0.24688
0.097366
0.39464
0.6533
0.33068
0.70593
1.091
0.06849
1.0248
0.098583
0.38247
0.11362
0.97484
0.86941
0.76506
1.0375
0.22739
0.52218
0.10966
0.39438
0.3195
0.41829
0.34506
0.12359
0.30236
0.74823
0.19923
0.11652
0.87256
0.28569
0.99411
0.49432
0.12242
0.17514
0.13012
0.9295
0.10151
0.33936
0.35381
0.5751
0.3129
0.33747
0.72424
0.28943
1.0413
0.36815
0.34476
0.22341
0.39724
0.61793
0.63412
0.124
0.13649
0.17947
0.7161
0.095625
0.20075
0.6766
0.37329
0.2592
0.93301
0.1747
0.072983
0.55116
0.10274
0.29241
0.23169
0.38733
0.48247
0.1229
0.14623
0.6971
0.21469
0.66534
0.076519
0.10881
0.13037
0.50381
0.16222
0.19081
1.1407
0.41787
0.16563
0.32706
0.51555
0.37375
0.63275
0.28699
0.23945
0.75526
0.34108
0.12549
0.60723
0.066924
0.33121
0.22492
1.2433
0.94839
0.17656
0.1064
0.51851
0.16204
0.17673
0.51386
0.77486
1.1283
0.10533
0.19462
0.38062
0.15029
0.46986
0.14253
1.2283
0.12939
0.26687
0.095045
0.26957
0.29379
0.12071
0.21685
0.3441
0.19415
0.2019
0.18624
0.26546
0.96575
0.41155
0.10123
0.21852
0.21741
0.10905
0.12699
0.4315
0.092728
0.35041
0.28186
0.31498
1.0643
0.68474
0.24217
0.20269
0.6039
1.1361
0.43226
0.1727
0.2085
0.85194
0.095924
0.47625
1.0029
0.37482
0.7628
0.5522
0.28388
0.10344
0.29907
0.46082
0.52337
0.11497
0.098749
0.25326
0.51953
1.0004
0.54052
0.14731
0.4737
1.2295
0.28593
0.083783
0.20066
1.1691
0.12234
0.19985
0.25126
0.97576
0.17331
0.37155
0.34908
0.65576
0.22994
0.23723
0.34479
0.3125
0.43741
0.12382
1.1866
0.085185
0.11658
0.079636
0.16012
0.19129
0.10655
1.3989
0.99354
0.35396
1.0368
0.33865
1.7408
0.51232
0.44303
0.37811
0.28731
0.18927
0.084419
0.56119
0.22497
1.5901
0.32271
1.1627
0.17353
1.1669
0.95804
1.1205
0.074857
0.44599
0.31384
0.11177
0.15202
1.2092
0.17643
0.52221
0.062731
0.20221
1.1935
0.97523
0.097401
0.16411
0.17729
0.09755
0.13291
0.077561
0.29801
0.62735
0.30965
0.60327
0.2346
0.93135
0.11925
0.63245
0.50974
0.25228
0.45882
0.21081
0.1615
0.40514
0.33818
0.23214
0.97449
0.095789
0.17575
0.096123
0.098198
0.12619
0.25446
1.1412
0.71376
0.17094
0.13113
0.11047
0.6538
0.23739
0.63253
0.16719
0.2207
0.092444
0.76826
0.10131
0.1558
0.22276
0.8145
0.12317
0.37321
0.26759
0.11014
0.086587
1.2395
0.32097
0.85597
0.1416
0.083248
0.31984
0.20282
1.1067
0.17146
0.27918
0.10411
0.35385
1.1525
0.27085
0.11584
0.22288
0.51542
0.18316
0.16852
0.23881
0.68268
0.85789
0.12178
0.20833
1.05
0.85199
0.080864
0.30169
0.3334
0.15579
0.13205
0.10436
0.24676
0.25516
1.171
0.4058
0.10588
0.1442
0.10917
0.43565
0.76708
0.086094
1.0907
0.2675
0.40488
0.24099
0.11918
0.71383
1.0821
0.23159
0.068643
1.1313
0.22069
0.11101
0.27613
0.10443
0.16375
0.44418
0.22309
1.2287
0.11821
0.41476
0.49469
1.0992
0.3401
0.23527
0.28317
0.78184
0.099189
0.53651
0.18407
0.81788
0.60199
1.0788
0.20764
0.47524
0.10063
0.083891
0.26894
1.0688
0.11253
0.12695
0.83357
0.21886
0.54338
0.74432
0.11923
0.092713
0.063889
0.20087
0.24167
0.094188
0.22727
0.16719
0.092992
1.0531
0.50933
0.14239
0.13608
0.43631
1.3223
0.5389
0.14577
0.20315
0.72121
0.083701
0.22299
0.23034
0.42373
0.46483
0.084785
0.36055
0.67611
0.089142
0.27754
0.11133
0.14872
0.51686
0.2912
0.23554
0.6503
0.11984
0.8343
0.24572
0.961
0.34814
0.13793
0.25986
0.67288
0.85553
0.099674
0.26607
0.72249
0.50791
1.2833
0.7665
0.13915
0.75451
0.51923
0.34844
0.27414
0.36548
0.40749
0.075616
0.51681
0.50483
0.23801
0.14169
0.29623
0.50869
0.75621
0.16723
0.095861
0.2843
0.49203
0.30149
0.33087
0.96246
0.48056
0.1606
0.18706
0.36724
0.65709
0.10244
0.077793
0.14514
0.39105
0.17287
0.17515
0.18867
0.1001
0.17182
0.13432
0.62639
0.37066
0.12828
0.45879
1.0938
0.15046
1.2575
0.11152
0.58753
0.12447
0.10676
0.10507
0.96076
0.44775
0.90098
0.3706
0.15489
0.16871
0.10916
1.2651
0.18346
0.13143
0.77265
0.095252
0.15713
0.18347
0.086602
0.29475
0.12443
0.090436
0.44426
0.38572
0.39934
0.16389
1.3053
0.65948
1.156
0.36062
0.074421
0.62331
0.2105
0.15003
0.21855
0.09493
0.34157
0.35589
0.14666
0.54264
0.094936
0.11269
0.2737
1.2039
0.08797
0.42595
0.23582
0.18376
0.70331
0.36756
0.10057
0.23788
0.10549
0.32062
0.071856
0.55619
0.17796
0.67591
0.35564
0.079482
0.20516
0.60956
0.34086
0.10142
0.14522
0.1503
0.099403
0.52721
0.84047
0.1039
0.58703
0.23927
1.0716
0.96354
0.56733
0.68959
0.72616
0.63046
0.23638
1.2122
1.2421
0.15089
0.71972
0.23953
0.69624
0.15141
0.78026
0.37603
1.0382
0.64719
0.29845
0.22903
0.4007
0.66624
0.14826
0.93086
0.2469
0.27267
0.21665
0.62974
0.8087
0.90486
0.18823
0.27023
0.94271
0.47896
1.1188
0.11609
0.27417
0.29562
0.76618
0.12677
0.36726
0.1185
1.1451
0.1791
0.085379
0.67489
0.26628
0.080975
0.30808
0.25157
0.92925
0.39794
0.67156
0.16926
0.10164
0.10763
0.30652
0.34138
0.29668
0.10355
0.26433
0.30468
0.11055
0.27819
0.19531
0.27781
0.26988
1.6857
0.46124
0.098059
1.149
0.33279
0.20671
0.68299
0.59819
0.52218
0.086759
0.15166
0.91981
0.068613
0.1668
0.089348
0.91179
1.3003
0.59426
1.2053
0.15861
0.30449
0.24578
0.087832
0.12356
0.26142
0.87658
0.84142
0.26534
0.15498
1.2497
0.70941
0.18823
0.22522
0.10497
0.23844
0.81588
0.42581
0.20137
0.41532
1.1264
0.13769
1.063
1.0275
0.91204
0.79037
0.32941
0.20315
1.0035
0.77678
0.85304
0.24513
0.26856
0.35935
0.12285
0.66404
0.43711
0.15048
0.25939
1.1292
0.23761
0.50965
0.42003
0.15341
0.31057
0.11356
0.13786
0.73998
0.081369
0.11829
0.51288
0.13819
0.12778
0.26011
0.23137
0.56927
0.13063
1.0479
0.31285
0.36519
0.27892
0.22334
0.098672
1.0259
0.26504
0.623
0.11167
0.351
0.46384
1.576
0.39127
0.16653
0.6093
0.23814
0.78196
0.11628
0.89981
0.24226
0.15468
0.71794
0.12334
0.17313
1.1142
0.21637
1.0531
0.1749
0.26112
0.13698
0.0873
0.80988
0.12566
0.34412
0.17151
0.81845
1.2313
0.24373
1.1864
0.90716
0.11425
0.94969
0.3657
0.32937
0.14854
0.13182
0.33689
0.34792
0.092617
0.41689
0.71836
0.76207
0.21559
0.13885
0.62145
1.0497
0.42839
0.80841
0.49047
0.78743
0.64217
1.1024
0.081939
0.6703
0.97492
0.91767
1.0264
0.53514
1.0719
0.090619
0.1091
0.079954
0.14177
0.17961
0.86734
0.16973
0.67594
1.2241
1.3498
0.91724
0.10981
0.92311
0.24325
1.1945
0.5605
0.32844
0.099865
0.35726
0.19423
0.078087
0.15465
0.10873
0.074682
0.073588
0.26973
0.35687
0.12082
0.37379
0.1585
0.32932
1.0983
0.22267
0.47652
0.20356
0.17247
0.15064
0.2452
0.18218
0.98369
0.070833
0.11231
0.73728
0.45554
0.39599
0.10779
0.23344
0.4124
0.37638
0.40694
0.12725
0.99222
0.4159
0.31877
0.48376
0.59438
0.26879
0.3748
0.10683
0.1699
0.56787
0.20966
0.53573
0.85171
0.21534
0.64499
0.063832
0.38842
0.47817
0.31894
0.35058
0.11983
0.11361
0.098945
0.31921
0.084485
0.089483
0.44677
0.51368
0.22332
0.96131
0.40141
0.15154
0.89894
0.077386
0.1183
0.20411
0.12683
0.18429
1.088
0.091905
0.13367
0.1602
0.070777
0.47554
1.6557
0.18872
0.38204
0.11601
0.093932
0.27825
0.10268
0.41308
0.69586
0.56632
0.80559
1.1296
0.061191
0.24914
0.18452
0.81304
0.19637
0.69761
0.13658
0.61825
0.2215
0.70145
0.28701
0.635
0.16452
0.34526
0.14483
0.20498
1.2232
0.10476
0.18347
0.52118
0.754
0.09047
0.17282
0.3589
0.10909
0.086195
0.88183
0.14766
0.29332
0.57373
0.081197
0.97034
0.54548
0.54152
0.14386
0.4605
0.7671
0.42424
0.12861
0.07264
0.097301
0.19244
0.25814
0.20912
0.089667
1.0527
0.50064
1.1778
0.052956
0.31511
0.18724
0.13981
0.16437
1.2388
0.21206
0.1449
0.40006
0.24169
0.10109
0.20341
0.074524
0.58949
0.9479
0.12503
0.11461
0.53463
0.29605
0.075773
0.32452
0.18152
0.092738
0.40114
0.92534
0.33326
0.086815
1.1084
0.16777
0.17341
0.11101
0.13744
0.1544
0.18769
0.085632
0.12334
0.1747
0.52175
0.11385
0.54428
0.068785
0.17033
0.083295
0.88388
0.56269
1.1013
0.79065
1.0174
0.50878
0.95737
0.17337
0.1071
0.11839
0.40857
0.15514
1.1745
0.094309
0.091792
1.1783
0.083341
0.46854
0.14571
0.095708
1.0184
0.16346
0.53388
0.44014
0.91429
0.11902
1.009
1.2907
1.1806
0.12928
0.26682
0.12317
0.096999
0.23476
0.11101
0.17127
0.082494
0.49485
0.093478
0.4782
0.31448
0.14422
0.62938
1.45
1.2018
0.12825
0.22014
0.12927
0.32009
0.078364
1.137
0.35114
0.33712
0.18325
0.18508
0.077149
0.74692
1.4256
0.57834
0.25929
0.90274
0.12884
0.72242
0.16959
0.20927
0.54837
0.66596
1.0655
0.72214
0.19603
0.14604
0.50067
0.12386
0.11308
0.17372
0.37933
0.89336
0.48923
0.77606
0.22075
0.32911
0.52813
0.19063
0.13683
1.0207
0.81759
0.37482
0.48318
0.41119
0.09246
1.0565
0.15802
0.33052
0.1583
0.12607
0.47265
0.41626
0.92936
0.19333
0.13496
0.98685
0.20741
0.067988
0.1131
0.64745
0.13061
0.86804
0.53583
1.0996
0.71242
0.98848
0.55928
0.90375
0.2784
0.17749
0.14708
0.87996
0.47258
0.63132
0.17093
0.71667
0.15766
0.16537
0.091647
0.25338
1.1815
0.38633
0.091524
0.79025
0.14141
0.80135
0.27213
0.19463
0.16449
1.184
0.10909
0.46191
0.33473
0.60282
0.24293
1.0066
0.20741
0.87245
0.20582
0.28898
0.30176
0.14033
1.0478
0.067006
0.07869
0.7116
1.3248
0.21193
1.4865
1.2071
0.46469
0.19748
0.63593
0.41028
0.917
1.0272
0.089582
0.082585
0.11876
0.14521
0.77747
0.77797
0.15189
0.67455
0.18933
0.20378
0.10534
0.33574
0.22968
0.58223
0.07943
0.65374
0.56386
0.11363
1.6173
0.21317
0.29609
0.084746
0.23589
0.33413
0.10085
0.84221
0.081422
0.15698
0.48664
0.8878
0.24305
0.15094
0.24903
0.10246
0.11292
0.077796
0.71121
1.3335
0.70549
0.47089
0.31128
0.27502
0.24026
0.20119
0.239
0.42575
0.13651
1.2866
0.14825
0.099196
0.57738
0.34247
0.23631
0.17841
0.64948
0.25537
0.95233
0.17624
0.15991
0.092182
0.55993
0.24756
0.1211
0.81798
0.86783
0.095974
0.11741
0.81081
0.20361
0.10579
0.11378
0.16699
0.15433
0.25687
0.34567
0.087892
0.090548
0.14451
0.27172
0.59948
0.21524
0.50841
0.18025
0.87077
0.073929
0.17826
1.6124
0.12229
0.80958
0.062331
0.35226
0.5266
0.36939
0.92077
0.10506
0.394
0.25985
0.24816
0.092098
0.14739
0.23366
0.64504
0.095465
0.12014
0.083797
0.16502
0.77057
0.78911
0.5442
0.11013
1.1194
0.5754
1.0008
1.174
0.44097
0.2683
0.13528
0.53232
0.79595
0.086101
0.21301
1.0689
0.1629
0.73591
0.084012
0.13158
0.065923
0.31975
0.35002
0.40746
0.18551
0.15124
0.93305
0.77378
0.28399
0.11234
0.30753
0.089582
0.25007
0.10192
0.072942
0.43063
0.061976
1.2592
0.20488
0.10122
0.42331
0.60443
0.23346
0.16141
0.20104
0.61092
0.10805
0.3739
0.14325
0.33293
0.1537
0.27982
0.27883
0.10672
0.094179
1.0898
1.3136
0.75167
1.3285
0.30249
0.18058
0.88802
0.11263
0.67674
0.085366
0.25935
0.86646
0.068465
1.1745
1.2344
0.10726
0.27697
0.083752
0.089885
0.13699
0.16316
0.15133
0.67176
0.17412
0.52949
0.96337
0.91249
0.08548
0.18834
0.23271
0.40425
0.14861
0.25041
0.25877
0.39233
0.38875
0.27228
0.14451
0.20775
0.13015
0.20248
0.17975
0.088925
0.2395
1.0974
1.2237
0.80136
0.44196
0.34212
0.10736
1.2281
0.52492
1.126
0.91818
0.18606
0.66543
0.085699
0.2357
0.26558
0.95416
1.5677
0.13902
0.087877
0.085856
0.12347
0.15464
0.10793
0.1527
0.087555
0.097225
0.47936
0.40439
1.294
0.34502
0.17284
0.58666
0.093841
0.93299
0.48198
1.1409
1.1041
0.10602
0.9259
0.15141
0.54262
1.1462
0.29092
0.080695
0.15505
0.29252
0.22193
0.82161
0.15727
0.87447
0.092051
1.2776
0.13331
0.084553
0.31018
0.13358
0.13242
0.11568
0.45966
0.9498
0.13448
1.0624
0.4498
0.80033
0.99013
0.52691
0.26746
0.15819
0.26877
0.1778
0.099974
0.14867
0.84809
0.052086
1.2605
0.089145
0.82498
0.81405
0.16329
0.11406
0.17627
0.63393
0.08632
0.18083
0.081607
0.80181
0.34312
0.30772
0.10651
0.11509
0.64594
1.0278
0.20273
0.66973
1.6126
0.82627
0.39612
0.1022
0.5712
0.099728
0.94637
0.66659
0.21441
0.65303
0.31908
1.7214
0.12875
0.12866
0.1559
0.2276
0.52843
0.083199
0.20874
0.1098
0.29633
0.29614
1.0262
0.11179
1.1328
1.0455
0.1022
0.32998
1.0239
0.16477
0.29113
0.11584
0.13135
0.074924
0.51049
0.30239
0.37875
0.1063
0.90948
0.47547
0.71353
0.15389
0.13621
1.0487
0.38741
0.35717
0.18471
0.86771
0.22475
1.123
0.23253
0.16996
0.084917
0.93617
0.13797
0.11052
0.21999
0.11978
1.3022
0.18955
0.33731
0.34939
0.1058
0.36428
0.15563
0.40156
0.11178
0.36234
0.43527
0.40048
0.64258
0.15481
0.31254
0.48991
0.41491
0.41301
0.18339
0.72164
0.58821
0.62407
0.27492
0.41292
0.5658
0.61931
0.10544
0.16893
0.98933
0.32583
0.21381
0.74101
1.385
0.67636
0.4724
0.56998
0.19037
0.20904
0.1838
0.96168
1.1152
0.094273
0.23898
0.73055
0.092154
0.27165
0.10427
0.087205
0.13444
0.22188
0.26403
0.34112
0.16434
0.62967
0.26609
0.12818
0.25691
0.4618
0.33564
0.073656
0.86675
0.65587
0.090613
0.41472
0.3319
0.40815
0.61139
0.39193
1.0932
0.99037
0.16914
0.16831
0.2949
0.74388
0.2122
1.0183
1.2259
0.1085
0.076356
0.23523
0.14581
0.11531
0.5728
0.72109
0.2091
0.095941
0.15796
0.20661
1.1412
0.56572
0.655
0.43787
0.29893
1.1007
0.18783
1.0297
1.3352
0.10119
0.08903
0.41135
0.19418
0.35175
0.21181
0.28878
0.070208
1.0678
0.65058
0.43165
1.3174
0.29447
0.16431
1.0683
1.1276
0.062649
0.58597
0.1049
1.1951
1.2451
0.081313
0.59222
0.40382
0.11998
0.62676
0.25918
0.14443
0.43281
0.25962
0.20103
0.099156
0.52054
0.1612
0.33737
0.21169
1.5613
0.77722
0.10901
0.086327
0.19051
0.9423
0.99573
0.12866
0.15493
0.29001
1.0744
0.59166
0.2244
0.12032
0.13439
1.0256
0.18877
0.072404
0.48112
0.86818
0.11573
1.1501
0.97082
0.36281
0.74456
0.11868
0.10631
0.69127
0.1564
0.3702
0.12338
0.13575
0.44564
0.12651
0.19594
0.91735
1.1809
0.088949
0.097363
0.11542
0.71134
0.13137
0.14783
0.46632
0.34799
1.2421
0.16861
0.37356
0.22504
1.1885
0.78711
0.17018
0.10529
1.5935
0.16858
0.24356
0.1869
0.26073
0.15604
0.27355
0.36207
0.14513
0.14274
1.0605
0.20615
0.87994
0.19734
0.1753
1.002
0.32257
1.138
0.18389
0.16137
0.06798
0.16558
0.065974
0.086976
0.68361
0.29875
0.25564
0.18218
0.15076
0.21154
1.1603
0.56934
0.088113
0.54884
0.25778
0.69037
0.73867
0.2592
0.3979
0.2906
0.14943
0.10794
0.29318
0.096123
1.1859
1.2398
0.4673
1.3939
0.79154
0.13396
0.11416
0.68291
0.24145
0.4271
0.15136
0.064227
0.80862
0.096594
0.11579
0.24308
0.30751
0.22817
0.14125
0.32254
0.095528
0.17921
0.31186
0.24723
0.3246
0.074516
0.11904
0.45867
1.6026
0.41174
0.59184
0.46755
0.15766
0.17924
0.14268
0.21337
0.44387
0.45792
0.10449
0.18821
0.47155
1.4698
0.92856
0.15086
0.12252
0.37534
0.15392
0.20387
0.17743
0.12365
0.22608
0.07185
0.20794
0.11867
0.14351
1.1529
1.1708
1.1214
0.94835
0.91489
0.076137
0.23615
0.080576
0.075603
0.31351
0.90073
0.50187
0.24003
0.46844
0.45935
0.35143
0.13366
0.50527
1.3013
0.12145
0.93805
0.42844
1.1339
0.30787
1.2718
0.95065
0.15659
0.35087
0.88623
0.21932
0.14081
0.97827
0.07911
0.2049
0.29031
0.38634
0.27994
0.19498
0.18541
0.12632
1.037
0.94102
0.15379
0.16733
0.44076
0.13481
0.52473
0.21177
0.34113
0.34913
0.37005
0.6986
0.22353
1.0466
1.0551
0.16141
0.20421
0.91377
0.88501
1.1549
0.35086
0.95724
0.13519
0.0905
0.10051
0.3001
0.94709
0.43452
0.15367
0.103
0.31645
0.16697
1.0611
1.1233
0.25506
1.0335
0.14503
0.99997
0.27261
0.67202
0.32594
0.38374
0.20456
0.15378
0.59625
0.29488
0.47026
0.53017
0.66245
0.17959
0.77053
0.10863
0.06286
1.1288
0.54948
0.1325
0.16854
0.17234
0.1778
0.22298
0.3543
0.32829
0.28315
0.19354
0.44045
1.3654
0.34308
0.12846
0.090567
1.2584
0.083202
0.16499
0.090533
0.10775
0.28291
0.20393
0.56691
0.22371
0.22659
0.41018
0.25901
0.058364
0.38903
0.10553
0.84424
0.62686
0.074639
0.58223
0.28213
0.39178
0.94112
1.0746
0.36986
1.2294
0.33828
0.76572
0.27269
1.1755
0.1072
0.20229
0.82966
1.5305
0.31488
1.6444
0.95126
0.19995
0.6436
0.27772
0.10822
0.39545
0.096708
0.1653
0.18351
0.083617
0.60962
0.40642
0.72455
0.31264
0.55392
0.34802
0.14208
0.11475
0.4773
1.2214
0.13569
0.98507
0.10729
0.59
0.15446
0.19526
0.21325
0.25491
0.26106
1.2188
1.0545
0.25974
0.90965
0.42969
0.72844
1.1408
0.17656
1.1662
0.23042
0.64345
0.804
0.19125
0.1021
0.19117
0.13104
0.24587
1.1447
0.38532
1.0609
0.10211
0.060416
0.24345
0.22934
0.38582
0.18964
1.1234
0.10378
0.31624
0.87334
0.44013
0.53872
0.77907
1.1385
0.14963
0.12965
0.54013
0.88488
0.65881
0.18201
0.29377
0.45588
0.66315
0.36234
1.2479
0.064959
0.24028
0.88791
0.19609
0.75573
0.23291
0.28194
0.52414
0.25283
0.12995
0.18572
1.0217
0.90101
0.13548
0.54632
0.24791
0.60873
0.45929
0.16831
0.18184
0.99904
0.17197
0.93873
0.16636
0.11689
1.2725
0.93954
0.11204
0.13739
0.077582
0.3039
0.17439
1.3263
0.091262
0.93188
0.074058
0.20584
0.13466
0.27795
0.38688
0.34091
0.41121
0.081336
1.3622
0.19196
0.20113
0.14122
0.2366
0.086683
0.099408
1.0418
0.70429
0.62206
0.34388
1.0716
0.20496
0.13368
0.74722
0.30533
0.087123
0.85384
0.066481
0.10916
0.17117
1.0885
0.15111
0.1303
0.32563
1.0026
0.68588
0.2491
0.28002
0.17165
0.42663
0.23136
0.27348
0.54093
0.10924
0.11404
0.70245
0.10264
0.42618
0.36487
0.55979
0.47715
0.86048
0.38556
0.30389
0.32213
0.76586
0.1827
0.65544
0.070512
0.072551
0.41259
0.13169
0.46221
0.20644
0.11595
0.54195
0.644
0.5323
0.22731
0.11022
1.4353
0.18656
0.29248
0.16039
0.1858
0.14574
0.35045
0.16705
0.57702
1.1841
0.59307
0.43925
0.17455
1.1013
1.2462
0.4603
1.0938
0.51201
0.98023
0.39387
0.13534
0.2223
0.87276
1.2194
0.36318
0.27514
0.21143
0.60134
0.18877
0.14928
0.77195
0.59954
0.25563
0.099114
0.15252
0.85416
0.60024
0.20574
0.10982
0.69551
0.23987
0.38214
0.09011
0.46243
0.5002
1.1467
0.28021
0.26196
0.11385
0.76588
0.24238
0.39795
0.34797
0.096227
0.16425
0.27282
0.99533
1.3746
0.11837
0.81702
0.82231
0.081604
0.35356
1.0813
0.86432
0.11107
0.16607
0.20488
0.48361
0.085159
0.26084
0.75585
0.41344
0.090715
0.75105
0.55759
0.22458
0.38375
0.09416
0.31997
0.65705
0.65831
0.71545
0.09004
0.83646
0.897
0.28285
0.21966
0.90688
0.28102
0.37449
0.16627
0.088828
0.098893
0.18092
0.92988
0.24299
0.10504
0.40208
0.17275
0.080731
0.3864
0.12199
0.23262
1.0275
1.2084
0.74856
0.12284
0.32976
0.40646
0.74744
1.1574
0.18722
0.52978
0.38006
0.15539
0.16549
0.19448
0.11662
0.68132
0.092119
0.57808
0.12912
0.10184
0.99732
0.11849
1.0926
1.0103
0.084547
0.18325
0.14205
0.14902
0.096113
0.11912
0.077921
0.059256
0.28523
0.3523
0.10634
0.25463
0.172
0.47437
0.12049
0.21909
0.115
0.45113
0.12304
0.45614
0.18961
0.075992
0.67393
1.0391
0.62019
0.57591
0.22801
1.179
0.22986
0.46271
1.2707
0.27577
0.14367
0.66204
0.23897
0.17933
0.12669
0.10932
0.065837
0.13938
0.36786
0.097289
0.64727
0.80981
0.19094
0.23251
0.62867
0.20508
1.0962
0.81441
0.82403
0.14909
0.10121
1.0102
0.18455
0.20188
0.11146
0.077471
0.42121
0.83568
0.09732
0.10985
0.23911
0.24536
0.076996
0.34389
0.11947
0.49288
0.98074
0.16327
0.91926
0.21141
0.3066
0.42886
0.40428
0.2909
0.11046
0.31295
1.1022
0.15146
0.55138
0.23997
0.095586
0.33818
0.16572
0.2532
0.0812
0.39147
0.24706
0.4959
0.13576
0.19034
1.3192
1.1111
0.24495
0.077475
0.19871
0.14609
0.30276
0.11271
0.44695
0.23635
0.28324
0.32846
0.61898
0.087963
0.17004
0.7912
0.12221
0.099839
0.71223
0.37217
0.64341
0.10957
0.74253
0.15368
0.13873
0.92684
0.064337
1.0081
0.66858
0.084671
0.12727
0.074116
0.4781
0.23787
0.33093
0.1257
0.32829
0.63689
0.86143
0.15202
0.61239
0.088583
0.6412
0.089815
0.12215
0.13362
0.42919
0.074214
0.075232
0.41526
0.5098
0.80703
0.4661
0.21541
0.70189
0.27321
0.49671
0.11468
0.37361
0.32294
0.37628
0.39681
0.14621
0.12644
1.4603
0.12078
0.1436
0.40071
0.23718
0.35828
0.16219
0.077181
0.17012
0.95234
0.42188
0.10416
0.13731
1.0058
0.42453
0.26876
0.10589
0.34911
0.12999
0.50573
0.23569
0.16234
1.071
0.45185
0.10528
0.16664
0.4256
0.09783
0.72523
0.23683
0.79901
0.096871
0.3672
0.30825
0.56842
0.78425
0.14308
0.596
0.18596
0.084844
0.30694
1.5996
0.10951
0.75196
0.26853
0.1684
0.96942
0.24325
0.24143
0.092889
0.8548
1.0169
0.16463
0.16556
0.1661
0.2525
0.22098
0.15401
0.10818
0.32408
0.20916
0.44006
0.3459
0.38726
0.18648
0.32451
0.21381
0.3873
0.13116
0.10979
0.34564
1.1012
0.26761
0.28603
0.14217
0.065954
0.43516
0.74793
0.45756
0.49408
0.16756
1.0383
0.6993
0.12032
0.13684
0.94208
0.75994
0.1467
1.0862
0.1907
0.11124
0.37802
0.12698
0.20707
0.073658
0.09815
0.97909
1.2199
0.093378
1.232
0.108
0.13155
0.25978
0.17804
0.75696
0.46156
0.40933
0.164
0.11339
0.15962
0.19213
0.19429
0.12133
0.21453
0.77498
0.33327
0.3461
0.31202
0.31788
0.17387
0.53516
0.12334
1.0287
0.39786
0.13701
0.1816
0.50792
0.75155
0.12137
1.3431
0.41271
0.10645
0.10037
0.88162
0.20421
0.18095
0.12555
0.20662
0.88608
0.18171
0.24771
1.0948
0.1131
0.67
0.92165
0.24298
0.18046
0.84619
0.15964
0.11898
0.13798
1.0992
0.07989
0.13014
0.1254
0.45131
1.0217
0.98704
0.23505
0.44913
0.94406
0.31488
1.5738
1.2102
0.27582
0.82434
0.077161
0.96464
0.5908
1.1218
0.48959
0.57601
0.13201
0.90507
0.16243
0.14142
0.91695
1.2083
0.11289
0.24353
0.82504
1.0421
0.23301
0.11163
0.26452
0.068568
1.213
1.0717
1.0003
0.11001
0.46605
0.32346
0.18186
0.097505
0.11339
0.49758
0.51779
0.18243
0.17275
0.26187
0.2106
0.097946
0.29844
0.44607
0.35786
1.1225
0.2673
0.99149
0.52623
0.18162
0.21841
0.17105
0.11249
1.2443
0.2422
0.1439
0.11459
0.37051
0.37201
1.0797
0.5125
0.10067
0.10275
0.11729
0.97642
1.1283
0.66585
0.2147
0.49436
0.097246
0.15887
0.15059
0.069253
0.5988
0.33481
0.58568
0.99638
0.2746
1.0261
0.094852
0.80828
0.57972
0.11211
0.34633
0.91898
0.39733
0.55385
0.51125
0.54481
0.17081
0.1095
0.99076
0.10082
0.82434
0.51061
0.14626
0.076462
0.36697
0.1305
0.26168
0.44007
0.19746
0.52708
0.57841
0.078948
0.84862
0.82723
0.55671
0.82361
0.79598
1.5582
1.0867
1.0814
0.85824
1.1126
1.2241
0.26285
0.1687
0.091073
1.1177
0.20716
1.1569
0.12195
0.70343
0.11924
0.2275
0.32246
0.65516
0.10269
0.33206
0.11054
0.20065
0.098613
0.49984
0.10179
0.9139
1.0284
0.14529
0.17574
1.0335
0.12732
0.14556
0.27602
0.81743
0.66944
0.69391
1.6464
0.14415
0.079837
1.5444
0.21776
0.22109
0.34105
1.0302
0.13829
0.49263
0.10361
1.2646
0.12213
1.2518
0.21471
0.10913
0.54426
0.10534
0.12616
0.11473
0.15616
1.1977
0.18832
0.48827
0.10634
0.20252
0.39373
0.31832
0.081533
0.19369
0.41542
0.19527
0.60188
0.18582
0.43222
0.21811
0.22937
0.090527
0.39139
1.2272
0.28779
0.3088
0.16106
0.36817
1.1673
0.20572
0.27491
0.18834
0.82462
0.23633
0.89002
0.21814
1.1066
1.3679
0.31594
0.17618
0.27045
0.2999
0.14757
0.61152
0.39073
0.30641
1.2192
0.17423
0.76252
1.0647
0.15878
0.075573
0.080781
0.48451
0.16601
0.19395
0.11075
0.101
0.26094
0.20078
0.084805
0.48305
0.31775
0.22333
0.16946
0.13726
0.38623
0.92254
1.1464
0.13468
0.97034
0.76068
0.1132
0.43891
0.11721
1.0989
0.33936
0.20326
0.9155
0.05964
0.30547
0.25537
0.28749
1.0413
0.36815
0.082199
0.13512
0.96413
0.57389
0.086274
0.15364
0.20359
0.17947
0.18001
0.4034
0.33927
1.1808
0.37329
0.49898
0.52071
0.52074
0.24744
0.16997
0.27097
0.76065
0.1051
0.81581
0.7729
0.71672
0.12754
0.16395
0.13025
0.096437
1.1117
0.21993
0.21955
0.36368
0.072547
0.48642
0.80066
0.083383
0.15424
0.49928
1.1019
0.40083
0.12691
0.28699
0.10801
0.91961
0.49135
0.14862
1.1063
0.10762
0.64614
1.1286
0.072539
0.84847
0.23061
0.38283
0.07317
0.33814
0.69946
0.16327
1.1244
0.14366
0.22674
0.19462
0.097099
0.44076
0.11467
0.2501
1.012
0.49223
0.28091
0.38489
0.093458
1.1641
0.13644
0.11955
1.1624
0.21062
0.28692
0.22609
0.98887
0.65128
0.47962
0.44782
0.21852
0.25333
0.14596
0.20981
0.85622
0.25713
1.058
0.28186
0.45955
0.52228
0.68474
0.22689
1.1238
0.15706
0.095261
0.17021
1.0709
0.2085
0.42398
0.64962
0.086908
0.10752
0.69987
0.31811
0.13021
0.37089
0.52122
0.073467
0.43687
0.23328
0.57194
0.10843
0.18141
1.2965
0.12887
0.59224
0.14948
0.21407
0.62107
1.0925
0.11823
0.18431
0.84289
0.31572
0.6297
0.1483
0.49195
0.16267
0.42099
0.34908
0.12199
0.36492
0.13147
0.25935
0.3125
0.43741
0.15556
0.35559
0.07676
0.19115
0.070914
0.22854
0.33206
0.49327
0.34007
0.22215
1.2699
0.15891
0.33344
0.15407
0.49814
0.49096
1.2996
1.1138
0.19578
0.084419
0.2027
0.22497
0.12292
0.07647
0.18562
0.077839
0.16025
0.16915
0.78903
0.9191
0.44599
0.089483
0.1024
0.20247
1.2928
0.15899
0.38037
0.20012
0.074772
1.1935
0.24117
0.32308
0.11206
0.11615
0.09755
0.1986
0.77376
0.095304
0.1112
0.23948
0.31337
1.1313
0.14594
0.35448
0.37487
0.096476
0.23402
0.45882
0.17212
0.15718
0.37005
0.26168
0.42416
1.4051
0.13902
0.97209
0.13004
1.3031
0.3083
0.98645
0.52339
0.14777
0.35959
0.66134
0.63534
0.19145
0.23739
0.21133
0.19862
0.25243
0.092444
0.11745
0.1319
0.97076
0.45556
0.8145
0.36209
0.071432
0.26759
0.11014
0.086587
0.46462
0.24984
0.48042
0.71307
0.11107
0.14959
0.24018
0.11358
1.2261
0.30925
0.41058
0.53732
0.66126
0.70646
0.19602
1.2107
1.0309
0.3051
0.33258
0.15596
0.32809
1.0103
0.078495
0.33285
1.05
0.99953
0.49431
0.12452
0.46446
0.38853
1.0169
0.19617
0.21695
0.89358
0.09618
0.60639
0.44618
0.31469
0.43617
0.26716
0.11775
0.097836
0.74876
0.19598
0.37913
0.50529
0.3162
0.072745
1.0821
0.49131
0.10823
0.50812
0.60756
0.63245
0.058047
0.118
0.12715
0.44418
0.43283
1.0793
1.1891
0.11961
0.49469
0.073859
0.3401
0.23527
0.28317
0.78184
0.099189
0.53651
0.18407
0.81788
0.60199
1.0788
0.20764
0.47524
0.10063
0.083891
0.26894
1.0688
0.11253
0.12695
0.83357
0.21886
0.54338
0.74432
0.11923
0.092713
0.063889
0.20087
0.24167
0.094188
0.22727
0.16719
0.092992
1.0531
0.50933
0.14239
0.13608
0.43631
1.3223
0.5389
0.14577
0.20315
0.72121
0.083701
0.22299
0.23034
0.42373
0.46483
0.084785
0.36055
0.67611
0.089142
0.27754
0.11133
0.14872
0.51686
0.2912
0.23554
0.6503
0.11984
0.8343
0.24572
0.961
0.34814
0.13793
0.25986
0.67288
0.85553
0.099674
0.26607
0.72249
0.50791
1.2833
0.7665
0.13915
0.75451
0.51923
0.34844
0.27414
0.36548
0.40749
0.075616
0.51681
0.50483
0.23801
0.14169
0.29623
0.50869
0.75621
0.16723
0.095861
0.2843
0.49203
0.30149
0.33087
0.96246
0.48056
0.1606
0.18706
0.36724
0.65709
0.10244
0.077793
0.14514
0.39105
0.17287
0.17515
0.18867
0.1001
0.17182
0.13432
0.62639
0.37066
0.12828
0.45879
1.0938
0.15046
1.2575
0.11152
0.58753
0.12447
0.10676
0.10507
0.96076
0.44775
0.90098
0.3706
0.15489
0.16871
0.10916
1.2651
0.18346
0.13143
0.77265
0.095252
0.15713
0.18347
0.086602
0.29475
0.12443
0.090436
0.44426
0.38572
0.39934
0.16389
1.3053
0.65948
1.156
0.36062
0.074421
0.62331
0.2105
0.15003
0.21855
0.09493
0.34157
0.35589
0.14666
0.54264
0.094936
0.11269
0.2737
1.2039
0.08797
0.42595
0.23582
0.18376
0.70331
0.36756
0.10057
0.23788
0.10549
0.32062
0.071856
0.55619
0.17796
0.67591
0.35564
0.079482
0.20516
0.60956
0.34086
0.10142
0.14522
0.1503
0.099403
0.52721
0.84047
0.1039
0.58703
0.23927
1.0716
0.96354
0.56733
0.68959
0.72616
0.63046
0.23638
1.2122
1.2421
0.15089
0.71972
0.23953
0.69624
0.15141
0.78026
0.37603
1.0382
0.64719
0.29845
0.22903
0.4007
0.66624
0.14826
0.93086
0.2469
0.27267
0.21665
0.62974
0.8087
0.90486
0.18823
0.27023
0.94271
0.47896
1.1188
0.11609
0.27417
0.29562
0.76618
0.12677
0.36726
0.1185
1.1451
0.1791
0.085379
0.67489
0.26628
0.080975
0.30808
0.25157
0.92925
0.39794
0.67156
0.16926
0.10164
0.10763
0.30652
0.34138
0.29668
0.10355
0.26433
0.30468
0.11055
0.27819
0.19531
0.27781
0.26988
1.6857
0.46124
0.098059
1.149
0.33279
0.20671
0.68299
0.59819
0.52218
0.086759
0.15166
0.91981
0.068613
0.1668
0.089348
0.91179
1.3003
0.59426
1.2053
0.15861
0.30449
0.24578
0.087832
0.12356
0.26142
0.87658
0.84142
0.26534
0.15498
1.2497
0.70941
0.18823
0.22522
0.10497
0.23844
0.81588
0.42581
0.20137
0.41532
1.1264
0.13769
1.063
1.0275
0.91204
0.79037
0.32941
0.20315
1.0035
0.77678
0.85304
0.24513
0.26856
0.35935
0.12285
0.66404
0.43711
0.15048
0.25939
1.1292
0.23761
0.50965
0.42003
0.15341
0.31057
0.11356
0.13786
0.73998
0.081369
0.11829
0.51288
0.13819
0.12778
0.26011
0.23137
0.56927
0.13063
1.0479
0.31285
0.36519
0.27892
0.22334
0.098672
1.0259
0.26504
0.623
0.11167
0.351
0.46384
1.576
0.39127
0.16653
0.6093
0.23814
0.78196
0.11628
0.89981
0.24226
0.15468
0.71794
0.12334
0.17313
1.1142
0.21637
1.0531
0.1749
0.26112
0.13698
0.0873
0.80988
0.12566
0.34412
0.17151
0.81845
1.2313
0.24373
1.1864
0.90716
0.11425
0.94969
0.3657
0.32937
0.14854
0.13182
0.33689
0.34792
0.092617
0.41689
0.71836
0.76207
0.21559
0.13885
0.62145
1.0497
0.42839
0.80841
0.49047
0.78743
0.64217
1.1024
0.081939
0.6703
0.97492
0.91767
1.0264
0.53514
1.0719
0.090619
0.1091
0.079954
0.14177
0.17961
0.86734
0.16973
0.67594
1.2241
1.3498
0.91724
0.10981
0.92311
0.24325
1.1945
0.5605
0.32844
0.099865
0.35726
0.19423
0.078087
0.15465
0.10873
0.074682
0.073588
0.26973
0.35687
0.12082
0.37379
0.1585
0.32932
1.0983
0.22267
0.47652
0.20356
0.17247
0.15064
0.2452
0.18218
0.98369
0.070833
0.11231
0.73728
0.45554
0.39599
0.10779
0.23344
0.4124
0.37638
0.40694
0.12725
0.99222
0.4159
0.31877
0.48376
0.59438
0.26879
0.3748
0.10683
0.1699
0.56787
0.20966
0.53573
0.85171
0.21534
0.64499
0.063832
0.38842
0.47817
0.31894
0.35058
0.11983
0.11361
0.098945
0.31921
0.084485
0.089483
0.44677
0.51368
0.22332
0.96131
0.40141
0.15154
0.89894
0.077386
0.1183
0.20411
0.12683
0.18429
1.088
0.091905
0.13367
0.1602
0.070777
0.47554
1.6557
0.18872
0.38204
0.11601
0.093932
0.27825
0.10268
0.41308
0.69586
0.56632
0.80559
1.1296
0.061191
0.24914
0.18452
0.81304
0.19637
0.69761
0.13658
0.61825
0.2215
0.70145
0.28701
0.635
0.16452
0.34526
0.14483
0.20498
1.2232
0.10476
0.18347
0.52118
0.754
0.09047
0.17282
0.3589
0.10909
0.086195
0.88183
0.14766
0.29332
0.57373
0.081197
0.97034
0.54548
0.54152
0.14386
0.4605
0.7671
0.42424
0.12861
0.07264
0.097301
0.19244
0.25814
0.20912
0.089667
1.0527
0.50064
1.1778
0.052956
0.31511
0.18724
0.13981
0.16437
1.2388
0.21206
0.1449
0.40006
0.24169
0.10109
0.20341
0.074524
0.58949
0.9479
0.12503
0.11461
0.53463
0.29605
0.075773
0.32452
0.18152
0.092738
0.40114
0.92534
0.33326
0.086815
1.1084
0.16777
0.17341
0.11101
0.13744
0.1544
0.18769
0.085632
0.12334
0.1747
0.52175
0.11385
0.54428
0.068785
0.17033
0.083295
0.88388
0.56269
1.1013
0.79065
1.0174
0.50878
0.95737
0.17337
0.1071
0.11839
0.40857
0.15514
1.1745
0.094309
0.091792
1.1783
0.083341
0.46854
0.14571
0.095708
1.0184
0.16346
0.53388
0.44014
0.91429
0.11902
1.009
1.2907
1.1806
0.12928
0.26682
0.12317
0.096999
0.23476
0.11101
0.17127
0.082494
0.49485
0.093478
0.4782
0.31448
0.14422
0.62938
1.45
1.2018
0.12825
0.22014
0.12927
0.32009
0.078364
1.137
0.35114
0.33712
0.18325
0.18508
0.077149
0.74692
1.4256
0.57834
0.25929
0.90274
0.12884
0.72242
0.16959
0.20927
0.54837
0.66596
1.0655
0.72214
0.19603
0.14604
0.50067
0.12386
0.11308
0.17372
0.37933
0.89336
0.48923
0.77606
0.22075
0.32911
0.52813
0.19063
0.13683
1.0207
0.81759
0.37482
0.48318
0.41119
0.09246
1.0565
0.15802
0.33052
0.1583
0.12607
0.47265
0.41626
0.92936
0.19333
0.13496
0.98685
0.20741
0.067988
0.1131
0.64745
0.13061
0.86804
0.53583
1.0996
0.71242
0.98848
0.96444
0.34766
0.2784
0.095325
0.69882
0.16895
0.45197
0.16687
0.15265
0.10677
0.076621
0.16737
0.091647
0.25338
0.55683
0.11884
0.22181
1.0563
1.1696
0.10171
0.68344
1.0745
0.098454
0.16793
1.25
0.10899
0.23694
0.25889
0.29481
0.074828
0.20741
0.71074
0.16104
0.14007
0.30106
0.65091
0.3656
0.19346
0.31454
1.3688
1.3248
0.15017
1.0053
0.21673
0.13721
1.6646
0.42736
0.36433
0.917
0.19616
0.26248
0.082585
0.11876
0.14521
0.462
0.21763
0.15189
0.38076
1.2296
0.087861
1.1378
0.12377
0.12751
0.070414
0.58932
0.59569
0.11911
0.24246
0.16725
0.21688
0.29609
0.56135
0.13952
0.15891
0.28308
0.22006
0.17669
0.10443
0.9716
1.2645
0.13348
0.35507
0.12616
0.10246
0.59919
0.13741
0.15241
0.3734
0.16614
0.19415
0.74368
0.2021
0.13761
0.28889
0.16272
1.0627
0.075837
0.172
0.2928
0.10838
0.08618
0.34094
0.14211
0.18671
0.19648
0.19054
0.087688
0.15742
0.32771
0.15367
0.80223
0.27781
0.10009
0.14634
0.071894
0.20019
0.75574
0.23289
0.58793
0.22045
0.11378
0.10215
0.075109
0.13995
1.0949
0.73526
0.2279
0.17502
0.27172
0.44439
0.078468
0.66009
0.4871
0.17096
0.30138
0.079618
0.30373
0.090044
1.0868
0.079183
1.0725
0.33015
0.3964
0.2849
0.25709
0.10767
0.25985
0.24816
0.23712
1.0364
0.2538
0.11713
0.51037
0.096479
0.10286
0.086071
0.23805
1.2128
0.070677
0.25116
0.30703
0.07499
0.89402
1.2257
0.68279
0.68701
0.91526
0.53232
0.93161
0.52965
0.21301
0.12752
0.41472
0.21178
0.08993
0.10854
0.24939
0.5626
0.31983
0.16172
0.36889
0.57461
0.8122
0.23974
0.44502
0.48951
0.42979
0.16495
0.45182
0.11337
0.072942
0.0789
0.23231
0.10779
1.3084
1.1284
0.26681
0.15807
0.23346
1.2276
0.29572
0.16205
0.14649
0.097323
0.14325
1.0077
0.1537
0.27982
0.098565
0.15071
0.14277
0.19573
0.23517
0.75167
1.0569
0.16421
0.19122
0.084298
0.8016
1.2572
0.4633
0.06226
0.075681
0.18078
1.174
0.21308
1.1406
0.96467
0.39938
1.1432
0.084808
0.10089
0.37651
0.089857
0.18739
0.20749
0.96337
0.40995
0.08548
0.46671
0.37997
0.65042
0.82924
0.18061
0.19579
0.26399
0.34634
0.27228
0.13579
1.0791
0.097859
0.25543
0.11189
1.0702
0.34497
0.2844
1.1944
0.80136
0.56529
0.62135
0.89255
0.12158
0.10536
1.3114
1.4368
1.234
0.4847
0.085699
0.89521
1.1366
0.098787
0.1796
0.93667
1.2262
0.094844
0.50456
0.19198
0.20182
0.22945
0.087555
0.15668
0.39319
0.92889
0.62154
0.34502
0.82537
0.08067
0.080975
1.0535
0.50601
0.076627
0.13096
0.29968
0.19042
1.0325
0.22731
1.1692
0.14708
0.11948
0.57145
0.75822
0.15738
0.24141
0.15727
0.21102
0.11854
0.32973
0.53324
0.091597
0.75422
0.37108
0.09232
0.16073
0.45966
0.088223
0.13448
0.30375
0.25345
0.39859
0.092747
0.44073
0.98741
0.38317
0.26877
0.087025
0.2012
1.3168
0.45622
0.94368
0.44537
1.4305
0.82498
0.12149
0.16329
0.32457
0.1121
0.33457
0.087043
0.11574
0.29953
0.80181
0.17017
0.78928
0.34433
0.20244
0.10106
0.10039
0.064752
0.079488
0.093832
0.82627
0.39612
0.19109
0.15257
1.0586
0.19038
0.17247
0.37612
0.94689
0.1215
0.51572
0.37092
0.15
0.97753
0.26225
1.2999
0.086454
0.62312
0.12558
0.29633
0.44548
0.16257
0.11179
0.1666
1.0455
1.2827
0.24598
0.65785
0.70878
0.1492
0.1866
0.4003
0.4176
0.23985
0.34891
0.2599
0.094565
0.90948
1.1736
0.070896
0.16383
1.0569
0.12127
0.32501
0.98776
0.43648
0.96766
0.11547
1.123
0.59929
0.16996
1.2919
0.16009
0.49287
0.82308
0.12838
0.16016
0.54953
0.31224
0.45621
0.72928
0.26242
1.0837
0.13838
0.16605
0.28799
0.26511
0.44485
0.15784
0.47304
1.2446
0.12799
0.40378
0.11499
0.1816
1.0861
0.5832
0.14803
1.1823
0.23111
1.4944
0.36582
0.19443
0.85073
0.12302
0.075977
0.32496
0.23318
1.0607
0.11015
0.43257
0.30679
0.26321
0.70401
0.099758
0.66606
0.71557
0.091003
0.19881
0.68215
1.3609
0.2607
0.27165
0.19924
0.18565
0.18048
0.48553
0.12071
0.21123
0.36954
0.2296
0.087323
0.12818
0.8316
1.147
0.33564
0.15144
0.12469
0.65587
0.090613
0.12561
0.3319
0.88996
0.61139
0.21276
0.76324
0.44322
0.18162
0.087366
0.11157
1.2935
0.15516
0.099632
0.1464
0.1085
0.076356
0.10466
0.15669
0.15422
0.11356
0.72109
0.2503
0.19348
0.23815
0.42619
0.90893
0.54295
0.655
0.43787
0.29893
1.1007
0.41134
0.10024
0.16552
0.078593
0.08903
0.41135
0.079659
0.16664
0.10359
0.76425
0.4071
0.12419
0.87571
0.2022
0.23075
0.14812
1.3692
0.069013
0.80283
0.097735
0.43524
1.2144
0.66513
0.91569
0.18056
0.22861
0.093808
1.1115
0.16129
0.78892
0.19761
0.15262
0.20521
0.1561
0.16204
1.0064
0.38455
0.31247
0.078429
0.082126
0.70108
0.83083
0.07939
0.19051
0.12201
0.14685
0.96019
1.2311
0.29001
0.27055
0.59166
1.0058
0.46479
0.17338
0.30282
0.18877
0.84073
0.078943
0.10717
1.2202
0.26455
0.18491
0.18459
0.78274
0.43868
0.10543
0.69127
0.12307
0.64116
0.48914
1.1034
0.086594
1.1292
0.18165
0.17357
0.27611
0.88612
0.079598
0.26903
0.25478
0.5801
0.14783
0.093449
0.16053
0.11341
0.16861
0.37346
0.22504
0.26446
1.3142
0.41658
0.07693
0.36324
0.16067
0.21197
1.1136
0.78609
0.48364
1.1252
0.36207
0.20892
0.11564
0.13812
0.20615
0.87994
1.1226
1.2291
1.002
0.3442
0.85889
0.1322
0.61012
0.91471
0.17642
0.92949
0.53907
1.0468
0.18461
0.47186
0.26175
0.17128
0.21154
0.51267
0.14442
0.088113
0.21902
0.56087
0.61193
0.27105
0.26364
0.073092
0.064374
0.35012
0.85369
0.81996
0.42887
0.61853
0.31446
0.39921
0.099944
0.79154
0.83359
0.79129
0.12697
0.18867
0.3347
0.45342
0.31282
0.13081
1.1751
0.0971
0.49183
0.14853
0.13135
0.24617
0.087275
0.16408
0.17921
0.86467
0.10272
0.11044
1.4148
0.81787
0.15179
0.15198
0.087838
0.092512
0.11
0.22428
0.37033
1.1179
0.49963
1.0722
0.32412
0.2347
0.074351
0.38361
0.21985
0.084448
0.39105
0.12252
1.0974
1.1924
0.28836
0.17086
0.083529
0.1393
0.07853
0.11599
0.11858
0.067964
0.11556
1.1216
0.34644
0.1168
0.28067
0.13898
0.089559
0.27078
0.075603
0.60542
1.184
0.17087
1.4153
0.24553
0.71873
0.35143
0.13366
0.83381
0.070239
0.19988
0.93805
0.24126
0.15835
0.18365
1.2718
0.2963
0.2268
0.57682
0.68641
0.21932
0.23951
0.23178
0.11981
0.62925
0.20732
0.25944
0.096488
0.90543
0.1945
0.5904
0.91711
0.35951
0.091142
0.305
0.13294
0.32167
0.70916
0.17845
0.23642
0.098338
0.11735
1.3853
1.0346
0.64955
0.23544
0.17263
0.099234
0.62792
0.11954
0.11959
0.43833
0.18
1.0276
0.45248
0.79846
0.46342
0.79729
0.31882
0.35271
0.17839
0.45627
0.16697
1.0611
0.34232
0.58893
0.090545
0.13948
0.069404
0.47552
0.37931
0.38443
0.52775
0.82146
1.2414
0.11929
0.22196
1.3828
0.19375
0.082397
0.97075
0.12527
0.15908
1.0937
0.25073
0.07886
0.10818
0.42795
0.58034
0.099054
0.94461
0.076818
0.13773
0.097523
0.6697
0.48212
0.14713
0.11066
0.15566
1.0928
0.12558
0.21895
0.93406
0.16054
0.16336
0.63792
0.088985
0.33548
0.23714
0.095399
0.16792
0.16312
0.058364
0.78469
0.1102
0.84424
0.75855
0.17011
0.12844
0.15939
0.17168
0.10889
1.0291
1.097
0.49038
0.1854
0.14532
0.64143
0.073156
0.75248
1.528
0.10421
0.1102
0.19604
0.51364
0.95126
0.40177
0.25049
0.27772
0.10822
1.0064
0.08839
0.43411
0.13465
0.54133
1.2412
1.1411
0.1271
0.19162
0.87149
0.31219
0.3326
0.21799
0.11244
0.49111
0.13569
0.080501
0.084052
0.59
0.15446
0.19526
0.87027
0.21247
0.34929
0.34768
0.087166
1.228
0.10148
0.13874
0.1465
0.52951
0.17656
0.14655
0.13771
0.12774
0.40689
0.13821
0.14421
0.11508
0.27824
0.071247
0.22724
0.18194
1.0609
0.39874
0.16498
0.48658
0.24888
0.999
0.78354
0.084853
0.14641
0.21214
0.19201
1.2825
0.48149
0.14085
0.67242
1.0052
0.12285
0.075245
0.067755
1.0072
0.094083
0.73499
0.88763
0.81176
0.31341
0.23183
0.097229
0.072512
0.61429
0.47269
0.63036
0.27734
0.30551
1.0155
0.62993
0.12995
0.15
0.1091
0.25748
0.13309
0.14556
0.50062
0.1838
0.18646
0.16831
0.18264
0.078784
0.087747
0.36748
0.48255
0.49122
1.2583
0.8298
0.59503
0.13739
0.10155
0.35485
0.17439
0.12328
1.2599
0.10229
0.21405
1.1383
0.17052
0.15097
0.73781
1.235
0.69186
0.19131
0.069672
0.30193
0.10232
0.12463
0.13591
0.86468
0.099408
1.0418
0.70429
0.11215
1.3207
0.26766
0.14939
0.61235
0.74722
0.42623
0.49653
1.2005
0.73974
0.72779
1.0744
1.0885
0.07622
0.092807
0.35699
0.72692
0.25952
0.72211
0.28002
0.078729
1.1243
0.23136
0.25652
0.30074
0.067938
0.12034
0.10855
0.73121
0.44213
0.079829
0.059782
0.19003
0.052322
0.73848
0.83413
0.20641
0.1872
0.98985
0.59229
0.9916
0.2129
0.093174
0.958
0.46221
0.37181
0.13958
1.2392
0.20154
0.17751
0.22731
0.12049
0.17854
0.22828
0.65199
0.090605
0.51871
1.1606
1.0497
0.39695
0.41376
1.0225
1.201
0.22663
0.098671
0.21109
0.43518
0.2127
0.2876
1.2204
0.4345
1.0584
0.11579
0.45986
0.9913
0.916
0.11011
1.0958
0.074481
0.084032
0.23458
1.1335
0.17045
0.15463
0.28214
0.16771
0.14233
0.082596
0.35681
0.28402
0.28386
0.30579
1.0436
0.4855
0.87113
0.21692
0.54438
1.1314
0.25182
0.21216
0.085232
0.60053
0.3273
0.1734
0.08634
0.38669
0.65868
0.32178
0.12085
0.4153
0.41914
0.34428
0.33563
0.081604
0.35356
0.23191
0.12012
0.11107
0.40648
0.10746
0.32154
0.071043
0.26084
0.75585
0.24513
0.15345
0.67858
0.55759
0.32717
0.1542
0.074129
0.11342
0.61201
0.31948
0.59898
0.84051
1.2468
0.15419
0.096561
0.75616
0.18038
0.28795
0.37449
0.97346
1.293
0.44509
0.98505
0.25447
0.68318
0.10504
0.30649
0.13554
0.14104
0.1741
0.10408
0.47446
0.28618
1.2084
0.48657
0.81859
0.90515
0.090093
0.74744
0.1239
0.18722
1.1407
0.38006
0.87869
0.12645
0.34811
0.11662
0.68132
1.3351
0.3228
0.15494
0.17987
0.38786
0.71524
0.42818
0.9131
0.084547
0.18325
1.1443
0.41732
0.12415
1.0824
0.077921
0.17199
0.42945
1.4649
0.12718
0.93049
0.172
0.47437
0.13133
0.090057
0.115
0.21024
0.98503
0.45614
0.28428
0.32552
1.722
0.70322
0.10207
0.61499
0.11253
1.179
0.15448
0.46271
0.87557
0.27577
0.092989
0.30383
0.12219
0.17933
0.26358
0.339
0.1066
0.14088
0.1116
0.097289
0.64727
0.80981
0.28654
1.0493
0.31617
0.90198
0.079415
0.81441
0.14713
1.1685
0.10121
0.13181
0.529
0.10827
0.094065
0.37713
0.096934
0.83568
0.13853
1.0362
0.26412
0.17181
0.32481
0.36014
0.12857
0.32218
0.17085
0.27873
0.084441
0.50938
0.067915
0.14532
0.22096
0.1135
0.24986
0.51181
1.1297
1.1592
0.15095
0.11524
0.20559
0.19535
1.2734
0.56653
0.09572
0.90995
1.2042
0.57459
0.080948
0.19034
0.083924
1.1877
0.18597
0.086557
0.095428
0.41308
0.11891
0.11271
0.11858
1.0098
0.11118
0.18081
0.96411
0.49107
0.76251
0.7912
1.1044
0.3835
0.43454
0.4868
1.1055
0.7223
0.69661
0.15368
0.092689
1.1644
0.11386
0.9211
0.43206
1.1536
0.15447
0.10377
0.62279
0.69162
0.18007
0.83484
0.86342
0.26413
0.79636
0.66211
0.27466
0.96239
0.18788
1.1805
0.91662
0.7095
0.93662
0.46372
0.14531
0.073125
0.16037
0.80703
0.1199
0.22704
0.27245
0.19381
0.49671
0.167
0.31486
0.23624
0.14139
0.087584
0.62069
0.12644
0.1923
0.6704
0.1436
0.33227
1.0994
0.95832
0.071033
0.39504
0.25725
0.071687
0.64672
0.10524
0.17613
0.80092
0.24393
0.41862
0.23555
0.57614
0.81844
0.091459
0.10707
0.68463
0.30408
0.45185
0.17334
1.6863
0.17249
0.19542
0.30392
0.40019
0.10051
0.096871
0.49583
0.47348
1.3253
0.78425
1.145
0.13396
0.098659
0.76072
0.13873
0.7267
0.33059
0.6769
0.2911
0.27085
0.16787
0.56951
0.25174
0.2616
0.35696
0.16613
0.98753
0.24258
0.15132
0.29576
1.1858
1.3356
0.1188
0.09128
0.13157
0.28315
0.13927
0.076436
0.18648
0.36325
0.21381
0.48602
0.19238
0.17393
0.51629
0.096669
0.30949
0.28769
1.2187
0.2027
0.39769
0.98786
1.2083
0.56059
0.16756
0.095703
0.6993
0.64944
0.13684
0.84768
1.6033
0.33158
0.852
0.11407
0.31989
0.11898
0.092892
0.15808
0.073658
0.63976
0.35323
0.98839
0.27289
0.084081
0.108
0.063118
0.1512
1.0602
0.3503
0.079699
0.26945
0.25734
0.19135
0.15962
0.080358
0.304
0.12634
0.21453
0.14047
0.70886
0.17067
1.2767
1.5696
0.38
0.3212
0.12334
0.17585
0.39786
1.2764
0.14341
0.1639
0.088074
0.44388
0.33786
0.41271
0.54913
0.1508
0.077262
0.83677
0.29005
0.085298
0.13991
0.88608
0.18171
0.11366
0.22062
0.17371
0.32924
0.11732
0.083857
0.55008
0.094972
0.11318
0.097406
0.098084
0.94069
1.0283
0.34536
0.17231
0.45131
0.14493
0.12656
0.23505
0.16455
0.11923
0.08557
0.72905
0.13108
0.29047
0.4813
0.077161
0.17962
0.12744
0.14089
0.19392
0.10596
0.13201
0.085331
0.35104
0.67464
0.67551
0.51564
0.14255
0.082469
0.19094
0.56467
0.087166
0.23412
0.12416
0.42036
0.31065
0.24282
0.11853
0.66804
0.46605
0.12029
0.1666
0.10652
0.068255
0.705
0.57037
0.23755
0.31688
0.10896
0.5536
0.30983
0.3167
0.46736
0.27522
0.63436
0.36877
1.0514
0.52623
0.29109
0.071407
0.087938
0.47507
0.11138
0.19636
0.26931
0.11573
0.84974
0.33498
0.09459
0.54079
0.14508
0.61998
0.23657
0.31724
0.24538
0.18696
0.601
1.2208
0.18217
0.15887
0.24762
0.11091
0.16267
0.85026
0.62872
0.08479
0.59285
0.14188
0.36099
0.17814
1.4299
0.16088
0.1869
0.1776
0.098546
0.55385
0.19536
0.52588
0.20175
0.32049
1.0945
0.56841
0.82434
0.094363
0.16263
0.28771
0.39078
0.18568
0.20998
0.44007
0.11921
0.10923
0.57841
0.14791
0.18948
0.26699
0.24623
0.57435
1.336
0.85082
0.15977
0.23632
0.77071
0.21514
0.34366
0.79249
0.72055
0.12444
1.1177
0.49177
0.57149
1.1458
0.47887
0.11202
0.12803
0.44024
0.34203
0.12993
0.33206
0.25954
0.20464
1.0527
0.49984
0.6308
0.9139
1.0284
0.26874
1.0675
0.067526
0.7505
0.28793
0.682
0.21058
1.0261
0.3782
0.60574
0.80989
0.079837
0.28179
0.8159
0.44498
0.29863
0.3668
0.4247
0.16511
0.19709
1.2646
0.44022
0.29979
0.18847
0.12685
0.25376
0.54439
0.11484
0.3103
0.60075
0.21452
0.18832
0.28517
0.10634
1.0263
0.39373
0.86347
0.20963
0.13163
0.41542
0.32094
0.20559
0.15727
0.15271
0.67542
0.093506
0.15911
1.008
0.1513
0.11553
0.55887
0.1296
1.188
0.137
0.19834
1.1214
0.77744
1.24
0.10323
0.082027
0.85235
0.14459
0.16408
0.51818
0.13004
0.18047
1.195
0.70577
0.41287
0.25768
1.1397
0.30495
0.12225
0.35167
0.11545
0.099653
0.40044
1.0087
0.12119
0.087324
0.2415
0.38408
0.68905
0.32906
0.34088
1.2104
0.22998
0.11055
0.91781
1.465
0.52909
0.18744
0.9117
1.1464
0.54704
0.96021
0.31845
0.21794
0.15615
0.25981
1.0823
0.20721
0.097669
0.15983
1.0404
1.4368
0.11505
0.373
0.34442
0.32625
0.37705
0.23718
0.251
0.088503
0.22374
0.15364
0.28217
0.11139
0.18001
0.28
0.33927
0.23036
0.37329
0.30314
0.53637
0.12088
0.24744
0.30216
0.092996
0.76065
1.2232
0.81581
0.75119
0.40242
0.12754
1.1114
0.098183
0.65727
0.096716
0.21993
1.0955
0.30626
0.79235
0.6202
0.20465
0.1108
0.22238
0.17742
0.16266
0.40083
0.78503
0.10383
0.49234
0.091287
0.088664
1.1972
0.32755
0.14818
0.11828
0.19023
1.1247
0.85461
0.21751
0.30186
0.07317
0.18959
0.37293
0.16327
0.99437
0.28444
1.2499
0.073596
0.097099
0.20706
0.13075
0.35467
0.34811
0.62012
0.15189
0.11537
0.093458
0.69891
0.10085
0.59179
0.18106
0.070289
0.28692
0.45244
0.12671
0.65128
0.32139
0.41067
0.19121
0.207
0.33207
0.9155
0.13347
0.29443
1.058
0.083521
0.23837
0.22934
0.45362
0.86625
0.46722
0.15706
0.6899
0.10937
1.0709
0.80359
0.12763
1.0486
0.15097
0.70295
0.32127
0.09295
1.0754
0.37089
0.085112
0.85021
0.22909
0.53905
0.16096
0.21824
0.36276
0.083463
0.33758
0.25062
0.14948
0.85577
0.36362
0.2521
0.56132
0.70672
0.60153
0.86202
0.10537
0.77659
0.52731
0.46556
0.92592
0.34908
1.1031
0.79371
0.25048
0.1432
0.15107
0.2039
1.0784
0.093376
0.13404
0.6832
0.39483
0.11861
0.54216
0.11052
0.71089
0.24855
0.27944
0.23022
0.11203
0.18657
0.13387
0.81491
0.073292
1.1138
0.6454
0.18575
0.2027
0.97589
0.092263
0.90979
0.363
0.57356
0.39618
0.16491
0.3191
0.89203
0.21707
0.13226
0.079778
0.19902
0.26513
0.11579
0.20305
0.1162
0.99829
0.080768
0.096282
0.49488
1.1849
0.11063
0.98578
1.0402
1.0126
0.58272
1.2803
0.14909
0.18859
0.19335
0.66614
1.0482
0.37487
0.096045
0.23402
0.11625
0.087859
0.15718
1.05
0.37312
1.0623
1.4051
0.26962
0.085064
0.11751
1.3031
0.81992
0.20348
1.2078
0.089164
0.1667
0.22102
0.80988
0.59182
0.3821
0.071294
0.16095
0.25243
0.092444
0.11745
0.1319
0.97076
0.45556
0.8145
0.36209
0.071432
0.26759
0.11014
0.086587
0.46462
0.24984
0.48042
0.71307
0.11107
0.14959
0.24018
0.11358
1.2261
0.30925
0.41058
0.53732
0.66126
0.70646
0.19602
1.2107
1.0309
0.3051
0.33258
0.15596
0.32809
1.0103
0.078495
0.33285
1.05
0.99953
0.49431
0.12452
0.46446
0.38853
1.0169
0.19617
0.21695
0.89358
0.09618
0.60639
0.44618
0.31469
0.43617
0.26716
0.11775
0.097836
0.74876
0.19598
0.37913
0.50529
0.3162
0.072745
1.0821
0.49131
0.10823
0.50812
0.60756
0.63245
0.058047
0.118
0.12715
0.44418
0.43283
1.0793
1.1891
0.11961
0.49469
0.073859
0.3401
0.23527
0.28317
0.78184
0.099189
0.53651
0.18407
0.81788
0.60199
1.0788
0.20764
0.47524
0.10063
0.083891
0.26894
1.0688
0.11253
0.12695
0.83357
0.21886
0.54338
0.74432
0.11923
0.092713
0.063889
0.20087
0.24167
0.094188
0.22727
0.16719
0.092992
1.0531
0.50933
0.14239
0.13608
0.43631
1.3223
0.5389
0.14577
0.20315
0.72121
0.083701
0.22299
0.23034
0.42373
0.46483
0.084785
0.36055
0.67611
0.089142
0.27754
0.11133
0.14872
0.51686
0.2912
0.23554
0.6503
0.11984
0.8343
0.24572
0.961
0.34814
0.13793
0.25986
0.67288
0.85553
0.099674
0.26607
0.72249
0.50791
1.2833
0.7665
0.13915
0.75451
0.51923
0.34844
0.27414
0.36548
0.40749
0.075616
0.51681
0.50483
0.23801
0.14169
0.29623
0.50869
0.75621
0.16723
0.095861
0.2843
0.49203
0.30149
0.33087
0.96246
0.48056
0.1606
0.18706
0.36724
0.65709
0.10244
0.077793
0.14514
0.39105
0.17287
0.17515
0.18867
0.1001
0.17182
0.13432
0.62639
0.37066
0.12828
0.45879
1.0938
0.15046
1.2575
0.11152
0.58753
0.12447
0.10676
0.10507
0.96076
0.44775
0.90098
0.3706
0.15489
0.16871
0.10916
1.2651
0.18346
0.13143
0.77265
0.095252
0.15713
0.18347
0.086602
0.29475
0.12443
0.090436
0.44426
0.38572
0.39934
0.16389
1.3053
0.65948
1.156
0.36062
0.074421
0.62331
0.2105
0.15003
0.21855
0.09493
0.34157
0.35589
0.14666
0.54264
0.094936
0.11269
0.2737
1.2039
0.08797
0.42595
0.23582
0.18376
0.70331
0.36756
0.10057
0.23788
0.10549
0.32062
0.071856
0.55619
0.17796
0.67591
0.35564
0.079482
0.20516
0.60956
0.34086
0.10142
0.14522
0.1503
0.099403
0.52721
0.84047
0.1039
0.58703
0.23927
1.0716
0.96354
0.56733
0.68959
0.72616
0.63046
0.23638
1.2122
1.2421
0.15089
0.71972
0.23953
0.69624
0.15141
0.78026
0.37603
1.0382
0.64719
0.29845
0.22903
0.4007
0.66624
0.14826
0.93086
0.2469
0.27267
0.21665
0.62974
0.8087
0.90486
0.18823
0.27023
0.94271
0.47896
1.1188
0.11609
0.27417
0.29562
0.76618
0.12677
0.36726
0.1185
1.1451
0.1791
0.085379
0.67489
0.26628
0.080975
0.30808
0.25157
0.92925
0.39794
0.67156
0.16926
0.10164
0.10763
0.30652
0.34138
0.29668
0.10355
0.26433
0.30468
0.11055
0.27819
0.19531
0.27781
0.26988
1.6857
0.46124
0.098059
1.149
0.33279
0.20671
0.68299
0.59819
0.52218
0.086759
0.15166
0.91981
0.068613
0.1668
0.089348
0.91179
1.3003
0.59426
1.2053
0.15861
0.30449
0.24578
0.087832
0.12356
0.26142
0.87658
0.84142
0.26534
0.15498
1.2497
0.70941
0.18823
0.22522
0.10497
0.23844
0.81588
0.42581
0.20137
0.41532
1.1264
0.13769
1.063
1.0275
0.91204
0.79037
0.32941
0.20315
1.0035
0.77678
0.85304
0.24513
0.26856
0.35935
0.12285
0.66404
0.43711
0.15048
0.25939
1.1292
0.23761
0.50965
0.42003
0.15341
0.31057
0.11356
0.13786
0.73998
0.081369
0.11829
0.51288
0.13819
0.12778
0.26011
0.23137
0.56927
0.13063
1.0479
0.31285
0.36519
0.27892
0.22334
0.098672
1.0259
0.26504
0.623
0.11167
0.351
0.46384
1.576
0.39127
0.16653
0.6093
0.23814
0.78196
0.11628
0.89981
0.24226
0.15468
0.71794
0.12334
0.17313
1.1142
0.21637
1.0531
0.1749
0.26112
0.13698
0.0873
0.80988
0.12566
0.34412
0.17151
0.81845
1.2313
0.24373
1.1864
0.90716
0.11425
0.94969
0.3657
0.32937
0.14854
0.13182
0.33689
0.34792
0.092617
0.41689
0.71836
0.76207
0.21559
0.13885
0.62145
1.0497
0.42839
0.80841
0.49047
0.78743
0.64217
1.1024
0.081939
0.6703
0.97492
0.91767
1.0264
0.53514
1.0719
0.090619
0.1091
0.079954
0.14177
0.17961
0.86734
0.16973
0.67594
1.2241
1.3498
0.91724
0.10981
0.92311
0.24325
1.1945
0.5605
0.32844
0.099865
0.35726
0.19423
0.078087
0.15465
0.10873
0.074682
0.073588
0.26973
0.35687
0.12082
0.37379
0.1585
0.32932
1.0983
0.22267
0.47652
0.20356
0.17247
0.15064
0.2452
0.18218
0.98369
0.070833
0.11231
0.73728
0.45554
0.39599
0.10779
0.23344
0.4124
0.37638
0.40694
0.12725
0.99222
0.4159
0.31877
0.48376
0.59438
0.26879
0.3748
0.10683
0.1699
0.56787
0.20966
0.53573
0.85171
0.21534
0.64499
0.063832
0.38842
0.47817
0.31894
0.35058
0.11983
0.11361
0.098945
0.31921
0.084485
0.089483
0.44677
0.51368
0.22332
0.96131
0.40141
0.15154
0.89894
0.077386
0.1183
0.20411
0.12683
0.18429
1.088
0.091905
0.13367
0.1602
0.070777
0.47554
1.6557
0.18872
0.38204
0.11601
0.093932
0.27825
0.10268
0.41308
0.69586
0.56632
0.80559
1.1296
0.061191
0.24914
0.18452
0.81304
0.19637
0.69761
0.13658
0.61825
0.2215
0.70145
0.28701
0.635
0.16452
0.34526
0.14483
0.20498
1.2232
0.10476
0.18347
0.52118
0.754
0.09047
0.17282
0.3589
0.10909
0.086195
0.88183
0.14766
0.29332
0.57373
0.081197
0.97034
0.54548
0.54152
0.14386
0.4605
0.7671
0.42424
0.12861
0.07264
0.097301
0.19244
0.25814
0.20912
0.089667
1.0527
0.50064
1.1778
0.052956
0.31511
0.18724
0.13981
0.16437
1.2388
0.21206
0.1449
0.40006
0.24169
0.10109
0.20341
0.074524
0.58949
0.9479
0.12503
0.11461
0.53463
0.29605
0.075773
0.32452
0.18152
0.092738
0.40114
0.92534
0.33326
0.086815
1.1084
0.16777
0.17341
0.11101
0.13744
0.1544
0.18769
0.085632
0.12334
0.1747
0.52175
0.11385
0.54428
0.068785
0.17033
0.083295
0.88388
0.56269
1.1013
0.79065
1.0174
0.50878
0.95737
0.17337
0.1071
0.11839
0.40857
0.15514
1.1745
0.094309
0.091792
1.1783
0.083341
0.46854
0.14571
0.095708
1.0184
0.16346
0.53388
0.44014
0.91429
0.11902
1.009
1.2907
1.1806
0.12928
0.26682
0.12317
0.096999
0.23476
0.11101
0.17127
0.082494
0.49485
0.093478
0.4782
0.31448
0.14422
0.62938
1.45
1.2018
0.12825
0.22014
0.12927
0.32009
0.078364
1.137
0.35114
0.33712
0.18325
0.18508
0.077149
0.74692
1.4256
0.57834
0.25929
0.90274
0.12884
0.72242
0.16959
0.20927
0.54837
0.66596
1.0655
0.72214
0.19603
0.14604
0.50067
0.12386
0.11308
0.17372
0.37933
0.89336
0.48923
0.77606
0.22075
0.32911
0.52813
0.19063
0.13683
1.0207
0.81759
0.37482
0.48318
0.41119
0.09246
1.0565
0.15802
0.33052
0.1583
0.12607
0.47265
0.41626
0.92936
0.19333
0.13496
0.98685
0.20741
0.067988
0.1131
0.64745
0.13061
0.86804
0.53583
1.0996
0.71242
0.98848
0.75081
0.34905
0.2784
0.28519
0.16102
0.4384
0.09746
0.085443
0.27122
0.62228
0.10028
0.93271
0.21511
0.25338
0.12162
0.61387
0.22181
0.25211
1.5272
0.12617
0.46657
0.24299
0.31689
0.12419
0.32915
0.42725
0.14729
0.18313
0.29481
0.11322
0.11096
0.38918
0.22571
0.16019
0.068864
0.65091
0.56052
0.19346
0.59421
0.24367
0.54364
0.32093
0.25299
0.21673
0.89372
0.094178
0.22479
0.36433
0.15483
0.57382
0.09105
1.2475
0.45784
0.13927
0.3045
0.10173
0.15189
0.38076
0.31214
0.11618
0.70743
0.38327
0.41998
0.19095
0.075247
0.15941
0.32255
0.66783
0.13272
0.57203
0.12541
0.21439
0.42377
0.12261
0.29263
0.18775
0.075609
0.42884
0.13625
0.22035
0.16506
0.50128
0.12616
1.5427
0.25264
0.13741
0.59039
0.72931
0.16614
0.46804
0.16972
0.9682
0.41389
0.70235
0.49315
0.079802
0.034183
0.172
0.13715
0.88727
0.08618
0.45636
0.87732
1.1658
0.12136
0.44103
1.3396
0.092329
0.4323
0.211
0.3266
0.21304
0.17356
0.14634
0.74341
0.21346
0.24744
1.2505
1.1459
0.2539
0.16728
1.1313
0.15133
0.99646
0.32313
0.15649
0.2279
0.24763
0.15322
0.15139
0.49271
0.63908
0.44
0.17096
0.19781
0.17425
0.30373
0.097641
0.14357
0.079183
0.82189
0.70284
1.3815
0.077904
0.40897
0.076662
0.25985
0.28555
0.065179
0.26481
0.11186
0.11739
0.12499
0.096479
0.089717
0.38609
0.69847
0.39171
0.070677
0.65415
1.2266
0.07499
0.97944
0.29541
0.12613
0.5661
0.27342
0.25346
0.13564
0.93849
1.096
1.2691
1.1878
0.87554
0.08993
1.13
0.54822
0.5626
0.31983
0.62218
0.1169
0.57461
0.7467
0.52133
0.46644
1.0632
0.17745
0.36512
0.79546
0.23551
0.072942
0.32284
0.1219
0.10779
0.23859
0.76458
0.68157
0.21564
0.19079
0.1374
0.2061
1.4488
0.75713
0.4853
0.3303
1.0077
0.24222
0.14056
0.65526
0.1666
0.30188
0.41089
0.88439
0.48097
0.25267
0.12273
0.71178
0.18673
0.10038
1.2572
0.15211
0.95028
0.2219
0.29451
0.64412
0.15853
0.60149
0.073187
0.69885
0.1096
0.10829
0.17041
0.98777
1.2314
1.0199
0.20749
0.25105
0.24809
0.77023
0.082924
1.0367
0.28923
0.18448
0.18061
0.19579
0.26399
0.51158
0.52742
0.16294
0.19514
1.0624
0.26628
0.26976
1.016
0.20517
0.24101
0.79405
0.68714
0.63723
0.16652
0.32435
0.17371
0.096458
1.3114
0.075799
0.51784
0.76902
0.17341
0.89521
0.82098
0.53638
0.33338
0.086156
1.2262
1.0446
0.85137
0.079878
0.076137
0.10449
0.83904
0.54709
0.74119
0.11591
0.065788
0.1266
0.13589
0.60559
0.32893
0.95137
0.40677
0.076627
0.165
0.076446
0.12054
0.80806
1.0203
0.19217
0.13662
0.22657
0.07642
0.15921
0.15274
0.11429
0.077433
0.15606
0.31294
1.1298
0.16129
1.1755
0.28752
0.54586
0.79213
0.30629
0.2771
0.94895
0.24329
0.3503
1.1017
0.26106
0.13703
0.44965
0.65194
0.44486
0.53966
0.3547
0.07375
0.51894
0.45622
0.87566
0.37059
0.10973
0.13117
0.12149
0.11061
0.10851
0.1121
1.1196
0.51643
0.46397
1.1587
0.29425
0.1119
0.69072
0.59514
0.25351
0.80068
0.09848
0.088066
0.35661
0.38042
0.15913
0.583
0.3951
0.11135
1.2643
0.51282
0.54679
0.16757
0.091698
0.27905
0.49575
1.0836
0.13515
0.33709
0.1866
1.2999
0.94697
0.10911
0.17308
1.0971
0.56311
0.16257
0.87083
0.39387
0.23806
0.30275
0.28745
0.14943
0.091462
0.1492
0.23861
0.071129
0.12541
0.80721
0.14708
0.19557
0.094565
0.10855
1.1266
0.35451
0.39949
0.45876
1.0526
0.32501
0.094523
0.65898
0.17554
0.13014
0.19219
0.38103
0.23575
0.70942
0.83752
0.371
0.86933
0.70806
1.2821
0.23828
0.31449
0.18354
0.19134
0.83492
0.36372
0.46576
0.14517
0.27605
0.096569
0.085541
0.86145
1.1007
0.097559
0.86694
0.11037
0.22437
1.1053
0.53465
0.098276
0.27011
0.9433
0.81701
0.22937
0.30905
0.87176
0.18588
0.86081
0.86085
0.0828
0.39652
1.4719
0.24642
0.43257
0.20623
0.096849
0.30696
0.2509
0.67866
0.46807
0.16216
0.2081
0.97828
0.55708
0.10677
0.50942
0.76261
0.89539
0.078663
0.48553
0.59899
0.089351
0.52946
0.41648
0.087323
0.36961
0.11216
0.07991
0.16214
0.073102
0.12469
0.13455
0.090613
0.12561
0.64476
0.51935
0.19461
0.13185
0.10995
0.58076
0.22406
0.16956
1.0487
0.11801
0.31905
0.098916
0.16264
0.1085
0.90298
0.10466
0.18648
0.15422
0.14725
0.13283
0.51675
1.0128
0.10582
0.14804
1.3443
0.54295
0.35482
0.10087
0.38661
0.10052
1.0517
1.3239
0.068946
0.31634
0.068272
1.2031
0.25315
0.22076
0.13776
0.16745
0.22969
1.2251
0.1146
0.37381
1.0066
0.14812
0.85186
0.21179
0.080478
0.16492
0.3228
0.93513
0.66513
0.097254
1.2828
0.27446
1.1881
0.083711
0.52077
0.78892
0.31125
0.34634
0.28082
0.19027
0.90218
0.74392
0.38455
0.10884
0.078429
0.11277
0.13184
0.20127
0.12549
0.45963
0.52781
0.09411
0.60051
0.4721
0.29001
0.14959
0.59166
0.18068
0.17245
0.14783
0.12119
0.18877
0.15341
0.5675
0.20994
0.63133
0.087955
0.1253
0.16283
0.55133
0.72484
0.25137
1.0017
0.52646
1.0589
1.2518
0.8268
0.27057
0.23539
0.46436
0.10812
0.11813
0.24881
0.10509
0.076488
0.45827
0.28118
0.14044
0.23104
0.38579
0.071911
0.67207
0.67032
0.77794
0.065843
0.77106
0.41658
0.17729
0.20819
0.07549
0.06928
0.32506
1.106
1.2036
0.95521
0.45452
0.052165
0.11269
0.13812
0.10132
0.26652
0.77323
0.071019
0.16801
0.079187
0.33789
1.22
0.080479
0.2446
0.48839
0.78073
0.27754
0.14031
0.40769
0.09512
1.0888
0.12013
0.88107
0.075353
0.14442
0.77564
0.10924
0.40063
0.20723
1.3874
0.10831
0.28427
0.30872
0.19889
0.85369
0.12298
0.42887
0.13106
0.21983
0.29392
1.1956
0.88043
0.25121
0.25369
0.86411
0.21492
0.39793
0.10755
0.97981
0.38178
0.11545
0.5091
0.49183
1.1869
0.073526
1.2394
0.45495
0.73088
0.52008
0.58181
0.40329
0.25457
0.19484
0.14033
0.11558
0.24162
1.007
0.12719
1.186
0.3286
0.34428
0.4298
0.074002
1.0722
0.13573
0.11594
0.10377
0.50958
0.13318
0.19335
0.16264
0.33469
0.24334
0.0598
0.13152
0.6502
1.05
0.61644
0.19599
0.17105
0.70677
0.54035
0.12913
0.52421
0.34644
0.96648
0.28067
0.08964
0.22659
0.23769
0.1224
0.12098
1.184
0.27603
0.12769
1.0182
1.1987
0.094027
1.2388
0.35681
0.23127
0.34392
0.42396
0.74844
0.10475
0.15299
0.082687
1.5596
1.2588
0.29068
0.24611
0.21096
0.23951
0.15782
0.29165
0.24391
1.2011
0.25944
0.37162
0.081589
0.56833
1.0229
0.12075
0.35951
0.4624
0.305
1.4184
1.4243
0.091748
0.17845
0.078998
0.098338
0.12813
0.16593
1.0346
1.2575
0.70929
0.31011
0.77127
1.0696
0.76335
0.52303
0.25872
0.091492
0.18884
0.22365
0.52575
1.1085
0.4979
0.16949
0.094982
0.076601
0.91394
0.26039
0.52939
0.34232
0.98814
0.065378
0.5721
0.83923
0.075888
0.16582
0.16067
0.45058
0.10593
1.0298
0.47768
0.22196
0.06784
0.27385
0.11641
0.94042
0.49338
1.0697
0.31135
0.089364
0.07886
0.53446
0.50408
0.7873
0.22526
0.067419
0.22955
0.17083
0.44166
1.1191
0.96206
0.13312
0.19339
0.57572
0.099197
1.0174
0.21895
0.61794
0.56654
0.31644
0.96315
0.088985
0.082847
0.54545
1.0378
0.238
0.094746
0.346
0.20082
0.28233
0.12299
1.0535
1.2698
0.32552
0.24132
0.36691
1.032
0.51247
0.24747
0.52144
0.32832
0.10157
0.39191
0.21949
0.1052
0.57012
0.45035
0.66732
0.53627
0.28583
0.28519
0.13352
0.56352
0.13064
0.20009
0.091128
0.17971
0.43411
0.11063
0.68274
1.2412
1.0994
0.80929
0.19654
1.0228
0.1524
0.3326
0.13001
0.11244
0.25372
0.98879
0.11781
0.59133
1.218
0.15446
0.24727
0.49869
0.1709
0.88243
1.1652
0.080231
0.18211
0.24776
0.91947
1.3485
0.39899
0.17656
0.15965
0.26709
0.63112
0.72354
0.12562
1.4337
0.091821
0.27824
0.55243
0.4382
0.09689
0.1203
0.39345
0.66002
1.1435
0.14964
0.078334
0.13534
0.48789
0.14641
0.40439
0.10101
0.10799
0.90034
0.26166
0.33292
1.0052
0.2087
0.22399
0.29648
0.18122
0.23597
0.12361
0.17598
0.06672
0.06017
0.10024
0.2482
0.3003
1.0286
0.95878
1.0961
0.92538
0.30551
1.0155
0.62993
0.75001
0.14454
0.61207
0.92214
0.4413
1.0365
0.23399
0.24968
0.11258
0.20199
0.15638
0.42941
0.67858
0.4382
0.4709
1.0001
0.91297
0.16267
0.68835
0.4663
0.10155
0.84093
0.14956
0.073063
0.54018
0.16265
0.12482
0.08746
0.20335
0.49766
1.1947
0.17164
0.59144
0.35055
0.3804
0.14356
1.6266
0.22226
0.32893
0.082807
0.1259
0.085341
0.4973
0.91047
0.099387
0.11561
0.19879
1.1731
0.17018
0.9138
0.19659
0.22858
0.13928
0.088066
1.0744
0.22329
0.68396
0.40532
0.33472
0.21585
0.25952
0.70962
0.40106
0.1009
0.66495
0.10478
0.22516
0.11989
0.29095
0.10163
0.59539
0.73121
0.20555
1.131
0.43629
0.20789
0.052322
0.12024
0.45054
0.9426
0.0798
0.17391
0.59229
0.23778
0.087292
0.74814
0.10252
0.15105
0.37181
0.10578
0.12018
0.99741
0.46733
0.22731
0.13731
0.078407
0.35812
0.65653
0.70134
0.18869
0.13275
0.15771
0.9114
0.16737
1.1575
0.84108
0.22663
0.41246
1.5317
0.12818
0.32548
0.99858
0.096113
0.2703
0.10946
0.21409
0.23409
0.85504
0.916
0.1851
0.070829
1.1132
0.38973
0.17349
0.8577
0.25839
0.51979
0.099726
0.46291
0.10587
0.47525
0.12258
0.28429
0.16779
0.68862
0.18795
1.0484
0.87113
0.37927
0.10697
0.48806
0.25182
0.20363
0.36395
0.60053
0.3273
0.20847
0.46566
0.56596
0.079946
0.56413
0.12085
0.25326
0.14184
0.33294
0.43738
0.92839
0.39666
0.35445
0.50258
0.99319
0.19166
1.0631
0.10653
0.88816
0.26084
0.12234
0.12961
0.15345
0.28912
1.1764
0.87465
0.081179
0.44176
0.11342
0.44058
0.26275
0.41488
1.14
0.21356
0.12412
0.096561
0.26282
0.41286
0.13385
0.15293
1.0017
0.2525
0.25185
0.078735
0.14784
0.36412
0.40549
0.099371
0.10779
0.47496
0.28491
0.1645
0.17624
0.17635
0.093245
0.57565
0.75862
0.70196
0.090093
0.43078
0.1239
0.093172
1.599
0.33298
1.254
0.38463
0.2268
0.11662
0.22322
1.3351
0.68027
0.15494
0.16253
0.42666
0.11397
0.13383
0.20336
0.1766
0.18325
0.65893
0.2525
0.096331
0.13808
0.077921
0.97754
0.34092
0.14038
0.47375
0.29589
0.172
0.81638
0.66428
0.68288
0.58424
0.33579
0.32666
0.45614
1.2831
0.098619
0.11265
0.58022
0.19632
0.1292
0.94594
0.26383
0.53766
0.42841
0.87557
0.21599
0.53645
0.59422
0.41475
0.30594
1.236
0.1114
0.092287
0.064564
0.34965
1.1314
0.64727
0.82764
1.4704
0.4128
0.26342
0.2491
0.18792
0.95805
0.11488
0.10768
0.11543
0.79717
0.83743
0.20028
0.071806
0.24312
0.3574
0.19077
0.29691
0.10475
0.12061
0.42928
0.28238
0.087081
0.9283
0.32218
0.67526
0.33938
0.25342
0.20631
0.067915
0.0896
0.1361
0.2035
0.24483
0.23113
0.18635
0.96558
0.24213
0.17495
0.12694
0.90914
0.8187
0.68096
0.52577
0.34892
1.2042
0.7898
0.080948
0.27929
0.30823
0.10029
0.59318
1.1939
0.11609
0.3304
0.47369
0.41787
0.70136
0.090729
1.2445
0.17
0.11538
0.49107
0.61224
0.7912
0.19839
0.66512
0.15373
0.64699
0.345
0.091618
0.22347
0.13352
0.16703
0.19923
0.3558
0.14059
1.0988
0.25402
0.16171
0.06523
0.62279
0.13792
0.4106
0.83484
0.12472
0.16883
0.79636
0.51534
0.27466
0.40611
0.59682
0.53242
0.10099
1.0753
0.14164
0.23466
0.12496
0.20986
0.18739
0.66719
0.29345
0.14267
0.57688
0.1143
0.22523
0.7652
1.3603
0.23624
0.13723
0.60202
0.24931
1.1004
0.076754
0.23071
0.1436
0.77404
0.57103
0.31393
0.16366
0.18262
0.16916
0.39616
0.39746
0.18746
0.1044
0.36563
0.11778
0.078608
0.21308
1.0476
0.81844
0.95926
1.221
0.098248
0.26044
0.079086
0.37627
0.94735
0.28577
0.21852
0.19518
0.42998
0.088173
0.72043
0.20399
0.4933
1.3253
0.34088
0.42926
0.55972
0.42293
0.094673
0.89399
0.10911
0.1104
0.2245
0.2911
0.85301
0.15867
1.2306
1.1661
0.29649
0.068391
0.14805
0.77108
0.98364
1.2687
0.29576
0.69823
0.42489
0.19182
0.92694
0.092151
0.35883
0.52794
1.145
0.17997
0.30655
1.1947
0.48602
0.16588
0.15654
0.51629
1.1404
0.30949
0.43684
1.2679
0.60552
0.18894
0.1052
1.008
0.24615
0.55506
0.48377
0.23814
0.99687
0.29366
0.2312
0.38574
0.59354
0.091248
0.2971
0.23578
0.5821
0.19806
0.40087
0.2659
0.12884
0.51532
0.069841
0.19373
0.084081
0.19422
0.66438
0.50129
0.22271
0.76503
0.079699
1.1087
0.21221
0.36041
0.64579
0.243
1.0301
0.19959
0.13308
0.16528
1.0129
0.17067
0.17645
0.13587
0.078428
0.24723
0.12334
0.4427
0.20464
0.22973
0.32768
0.93459
0.2895
0.11548
1.0211
0.14037
0.54913
0.35381
0.71207
0.21619
0.13045
0.092865
0.11224
0.40617
0.32046
0.79176
0.22062
0.084486
1.1657
1.4255
0.35608
0.20528
0.10332
0.48558
0.19475
0.12981
0.94069
1.0283
0.34536
0.26506
0.12589
0.11723
0.21035
0.1666
0.34356
0.30207
0.41086
0.067828
0.74677
0.64901
0.094179
0.11722
0.17962
0.13791
1.0124
0.1716
0.10596
0.12993
0.071705
0.18727
0.18283
0.27043
0.086436
0.87012
0.34869
0.19094
0.56467
0.88151
0.23412
0.26288
0.42036
0.18166
0.55017
0.10599
1.3242
0.0701
0.11374
0.080275
1.1201
0.85239
0.084619
0.57037
0.154
0.21588
0.11157
0.98673
0.40805
0.45238
0.11468
0.31361
0.55836
0.27463
0.44447
0.12793
0.29051
1.1062
0.11888
0.43428
0.27791
0.058442
1.1482
0.15517
0.48531
0.13833
0.09459
0.27343
0.66229
0.08783
0.076253
0.22771
0.26292
0.10117
0.19275
0.32988
0.13688
0.47712
0.66042
0.13512
0.16267
0.94171
0.19193
0.13602
0.16561
0.31614
0.18075
0.61612
0.30331
1.1539
0.11343
0.10632
0.20389
0.17929
0.25805
0.6317
0.20175
0.090653
1.2235
0.44454
0.82434
0.54517
0.082681
0.36472
0.54393
0.062229
0.079241
0.44007
0.15965
0.096408
0.763
0.076569
0.47602
0.80365
0.73659
0.10619
0.18767
0.56338
0.16477
0.1966
1.116
0.92736
0.21296
0.087512
0.10846
0.1078
0.18228
0.3699
0.78833
0.10594
0.26025
0.81231
0.09301
1.1382
0.18823
0.14342
0.19169
0.74503
0.31455
0.12553
0.10314
0.63443
0.9139
0.45168
0.080257
0.18429
0.48581
0.17715
0.075907
0.082578
0.21058
0.75847
0.26225
0.21799
0.80989
0.19038
0.18157
0.34605
0.412
1.3183
1.0654
1.2201
0.18801
1.3245
0.41223
0.58019
0.29353
0.19595
0.22094
0.23901
0.18661
0.5838
1.2521
0.87619
0.19644
0.49231
0.06547
0.17352
0.14282
0.21086
0.43142
0.2628
0.12861
0.11638
0.32094
0.085096
0.82274
1.4168
0.31606
0.086234
0.9952
0.33458
0.40282
0.15524
0.20524
0.13091
0.46167
0.069755
1.4616
0.10081
1.1928
0.63769
1.7025
0.25563
0.23136
0.50097
0.82485
0.51818
0.13004
1.2734
0.46265
0.63733
0.41287
0.7963
0.48598
0.22055
0.71436
0.091466
0.17434
0.11841
0.14533
0.10074
0.1731
0.11555
1.0534
0.42136
0.68905
0.48822
1.1115
1.0263
0.22998
0.10409
0.17022
1.1051
1.0967
0.14632
0.26111
1.1464
0.12356
0.37334
0.30104
1.0017
1.0707
0.11561
0.23106
0.40537
0.81325
0.18409
0.88534
0.11968
0.14101
0.0737
0.10451
0.13232
0.20246
0.1767
0.11668
0.088503
0.48492
0.11541
0.34432
0.9934
0.29089
0.17256
0.073687
0.23036
0.37329
0.16059
0.38338
0.19396
0.24744
0.066371
0.099257
0.76065
0.45022
0.11099
0.33085
0.14954
0.65496
1.1114
0.51179
0.26262
0.30153
0.1972
0.31205
0.22681
0.47354
0.10371
0.15935
0.55968
0.12885
0.22382
0.97928
0.19786
0.78503
0.065632
0.26335
0.091287
0.68003
0.76286
0.32755
0.3391
0.11828
0.46134
1.1247
0.56222
0.082894
0.13083
0.71765
0.53969
0.37293
0.12062
0.095633
0.73183
1.2393
0.44852
0.59715
0.15246
0.33824
0.099744
0.29853
0.59517
0.15189
1.1957
0.093517
0.11165
0.20052
0.076916
0.18106
0.11667
0.13751
0.35171
0.099366
0.30891
0.12544
0.3721
0.19121
0.62564
1.3106
0.36266
1.2393
0.30074
0.83007
0.49739
0.68338
0.22934
0.5963
0.2821
0.57983
0.78728
0.17648
1.7517
0.135
0.68523
0.23719
0.49274
0.073698
1.1384
0.20812
0.33048
0.20414
0.1203
0.085112
1.2151
0.30159
0.53905
0.19704
0.56382
0.11097
0.14641
0.26209
0.19103
0.094514
0.14638
1.1979
0.84749
0.56132
0.35133
1.2979
0.86202
0.41004
0.27461
0.52731
0.35053
0.1935
0.4355
0.48353
0.71921
0.47518
0.1432
0.50282
0.82928
0.17885
0.11241
0.39864
0.091628
1.1824
0.11861
1.1648
0.51754
0.43977
0.13443
0.56618
0.69815
0.36219
0.083904
0.089135
0.14777
0.21473
1.1138
0.6454
0.13839
0.10729
0.26059
0.18063
0.16083
0.086722
0.98785
0.10594
0.16491
0.26168
0.73044
0.097514
0.14349
0.28852
0.10195
0.26513
0.081088
1.0302
1.0876
0.13195
0.080768
0.46578
0.12212
1.1768
0.22714
0.085348
0.41974
0.64475
0.34889
0.11463
0.1584
0.71869
0.53579
0.66614
0.10611
1.1713
0.096045
0.29069
0.81847
0.35195
0.77725
1.05
0.28632
0.75442
1.3263
0.96013
0.085064
0.16522
0.55678
0.28182
0.79506
0.50231
0.16479
0.28318
0.12285
0.27103
0.74425
0.3821
0.071294
0.16095
0.25243
0.092444
0.11745
0.1319
0.97076
0.45556
0.8145
0.36209
0.071432
0.26759
0.11014
0.086587
0.46462
0.24984
0.48042
0.71307
0.11107
0.14959
0.24018
0.11358
1.2261
0.30925
0.41058
0.53732
0.66126
0.70646
0.19602
1.2107
1.0309
0.3051
0.33258
0.15596
0.32809
1.0103
0.078495
0.33285
1.05
0.99953
0.49431
0.12452
0.46446
0.38853
1.0169
0.19617
0.21695
0.89358
0.09618
0.60639
0.44618
0.31469
0.43617
0.26716
0.11775
0.097836
0.74876
0.19598
0.37913
0.50529
0.3162
0.072745
1.0821
0.49131
0.10823
0.50812
0.60756
0.63245
0.058047
0.118
0.12715
0.44418
0.43283
1.0793
1.1891
0.11961
0.49469
0.073859
0.3401
0.23527
0.28317
0.78184
0.099189
0.53651
0.18407
0.81788
0.60199
1.0788
0.20764
0.47524
0.10063
0.083891
0.26894
1.0688
0.11253
0.12695
0.83357
0.21886
0.54338
0.74432
0.11923
0.092713
0.063889
0.20087
0.24167
0.094188
0.22727
0.16719
0.092992
1.0531
0.50933
0.14239
0.13608
0.43631
1.3223
0.5389
0.14577
0.20315
0.72121
0.083701
0.22299
0.23034
0.42373
0.46483
0.084785
0.36055
0.67611
0.089142
0.27754
0.11133
0.14872
0.51686
0.2912
0.23554
0.6503
0.11984
0.8343
0.24572
0.961
0.34814
0.13793
0.25986
0.67288
0.85553
0.099674
0.26607
0.72249
0.50791
1.2833
0.7665
0.13915
0.75451
0.51923
0.34844
0.27414
0.36548
0.40749
0.075616
0.51681
0.50483
0.23801
0.14169
0.29623
0.50869
0.75621
0.16723
0.095861
0.2843
0.49203
0.30149
0.33087
0.96246
0.48056
0.1606
0.18706
0.36724
0.65709
0.10244
0.077793
0.14514
0.39105
0.17287
0.17515
0.18867
0.1001
0.17182
0.13432
0.62639
0.37066
0.12828
0.45879
1.0938
0.15046
1.2575
0.11152
0.58753
0.12447
0.10676
0.10507
0.96076
0.44775
0.90098
0.3706
0.15489
0.16871
0.10916
1.2651
0.18346
0.13143
0.77265
0.095252
0.15713
0.18347
0.086602
0.29475
0.12443
0.090436
0.44426
0.38572
0.39934
0.16389
1.3053
0.65948
1.156
0.36062
0.074421
0.62331
0.2105
0.15003
0.21855
0.09493
0.34157
0.35589
0.14666
0.54264
0.094936
0.11269
0.2737
1.2039
0.08797
0.42595
0.23582
0.18376
0.70331
0.36756
0.10057
0.23788
0.10549
0.32062
0.071856
0.55619
0.17796
0.67591
0.35564
0.079482
0.20516
0.60956
0.34086
0.10142
0.14522
0.1503
0.099403
0.52721
0.84047
0.1039
0.58703
0.23927
1.0716
0.96354
0.56733
0.68959
0.72616
0.63046
0.23638
1.2122
1.2421
0.15089
0.71972
0.23953
0.69624
0.15141
0.78026
0.37603
1.0382
0.64719
0.29845
0.22903
0.4007
0.66624
0.14826
0.93086
0.2469
0.27267
0.21665
0.62974
0.8087
0.90486
0.18823
0.27023
0.94271
0.47896
1.1188
0.11609
0.27417
0.29562
0.76618
0.12677
0.36726
0.1185
1.1451
0.1791
0.085379
0.67489
0.26628
0.080975
0.30808
0.25157
0.92925
0.39794
0.67156
0.16926
0.10164
0.10763
0.30652
0.34138
0.29668
0.10355
0.26433
0.30468
0.11055
0.27819
0.19531
0.27781
0.26988
1.6857
0.46124
0.098059
1.149
0.33279
0.20671
0.68299
0.59819
0.52218
0.086759
0.15166
0.91981
0.068613
0.1668
0.089348
0.91179
1.3003
0.59426
1.2053
0.15861
0.30449
0.24578
0.087832
0.12356
0.26142
0.87658
0.84142
0.26534
0.15498
1.2497
0.70941
0.18823
0.22522
0.10497
0.23844
0.81588
0.42581
0.20137
0.41532
1.1264
0.13769
1.063
1.0275
0.91204
0.79037
0.32941
0.20315
1.0035
0.77678
0.85304
0.24513
0.26856
0.35935
0.12285
0.66404
0.43711
0.15048
0.25939
1.1292
0.23761
0.50965
0.42003
0.15341
0.31057
0.11356
0.13786
0.73998
0.081369
0.11829
0.51288
0.13819
0.12778
0.26011
0.23137
0.56927
0.13063
1.0479
0.31285
0.36519
0.27892
0.22334
0.098672
1.0259
0.26504
0.623
0.11167
0.351
0.46384
1.576
0.39127
0.16653
0.6093
0.23814
0.78196
0.11628
0.89981
0.24226
0.15468
0.71794
0.12334
0.17313
1.1142
0.21637
1.0531
0.1749
0.26112
0.13698
0.0873
0.80988
0.12566
0.34412
0.17151
0.81845
1.2313
0.24373
1.1864
0.90716
0.11425
0.94969
0.3657
0.32937
0.14854
0.13182
0.33689
0.34792
0.092617
0.41689
0.71836
0.76207
0.21559
0.13885
0.62145
1.0497
0.42839
0.80841
0.49047
0.78743
0.64217
1.1024
0.081939
0.6703
0.97492
0.91767
1.0264
0.53514
1.0719
0.090619
0.1091
0.079954
0.14177
0.17961
0.86734
0.16973
0.67594
1.2241
1.3498
0.91724
0.10981
0.92311
0.24325
1.1945
0.5605
0.32844
0.099865
0.35726
0.19423
0.078087
0.15465
0.10873
0.074682
0.073588
0.26973
0.35687
0.12082
0.37379
0.1585
0.32932
1.0983
0.22267
0.47652
0.20356
0.17247
0.15064
0.2452
0.18218
0.98369
0.070833
0.11231
0.73728
0.45554
0.39599
0.10779
0.23344
0.4124
0.37638
0.40694
0.12725
0.99222
0.4159
0.31877
0.48376
0.59438
0.26879
0.3748
0.10683
0.1699
0.56787
0.20966
0.53573
0.85171
0.21534
0.64499
0.063832
0.38842
0.47817
0.31894
0.35058
0.11983
0.11361
0.098945
0.31921
0.084485
0.089483
0.44677
0.51368
0.22332
0.96131
0.40141
0.15154
0.89894
0.077386
0.1183
0.20411
0.12683
0.18429
1.088
0.091905
0.13367
0.1602
0.070777
0.47554
1.6557
0.18872
0.38204
0.11601
0.093932
0.27825
0.10268
0.41308
0.69586
0.56632
0.80559
1.1296
0.061191
0.24914
0.18452
0.81304
0.19637
0.69761
0.13658
0.61825
0.2215
0.70145
0.28701
0.635
0.16452
0.34526
0.14483
0.20498
1.2232
0.10476
0.18347
0.52118
0.754
0.09047
0.17282
0.3589
0.10909
0.086195
0.88183
0.14766
0.29332
0.57373
0.081197
0.97034
0.54548
0.54152
0.14386
0.4605
0.7671
0.42424
0.12861
0.07264
0.097301
0.19244
0.25814
0.20912
0.089667
1.0527
0.50064
1.1778
0.052956
0.31511
0.18724
0.13981
0.16437
1.2388
0.21206
0.1449
0.40006
0.24169
0.10109
0.20341
0.074524
0.58949
0.9479
0.12503
0.11461
0.53463
0.29605
0.075773
0.32452
0.18152
0.092738
0.40114
0.92534
0.33326
0.086815
1.1084
0.16777
0.17341
0.11101
0.13744
0.1544
0.18769
0.085632
0.12334
0.1747
0.52175
0.11385
0.54428
0.068785
0.17033
0.083295
0.88388
0.56269
1.1013
0.79065
1.0174
0.50878
0.95737
0.17337
0.1071
0.11839
0.40857
0.15514
1.1745
0.094309
0.091792
1.1783
0.083341
0.46854
0.14571
0.095708
1.0184
0.16346
0.53388
0.44014
0.91429
0.11902
1.009
1.2907
1.1806
0.12928
0.26682
0.12317
0.096999
0.23476
0.11101
0.17127
0.082494
0.49485
0.093478
0.4782
0.31448
0.14422
0.62938
1.45
1.2018
0.12825
0.22014
0.12927
0.32009
0.078364
1.137
0.35114
0.33712
0.18325
0.18508
0.077149
0.74692
1.4256
0.57834
0.25929
0.90274
0.12884
0.72242
0.16959
0.20927
0.54837
0.66596
1.0655
0.72214
0.19603
0.14604
0.50067
0.12386
0.11308
0.17372
0.37933
0.89336
0.48923
0.77606
0.22075
0.32911
0.52813
0.19063
0.13683
1.0207
0.81759
0.37482
0.48318
0.41119
0.09246
1.0565
0.15802
0.33052
0.1583
0.12607
0.47265
0.41626
0.92936
0.19333
0.13496
0.98685
0.20741
0.067988
0.1131
0.64745
0.13061
0.86804
0.53583
1.0996
0.71242
0.98848
0.70833
0.20393
0.34073
0.57819
0.16102
0.33889
0.09746
0.79699
0.13986
0.47303
0.59553
0.095374
0.34954
0.90711
0.76346
1.0959
0.41955
0.42704
1.1139
0.16501
0.84205
0.66942
1.005
0.52982
0.63138
0.42725
0.15034
0.92934
0.57031
0.41529
0.66051
0.42369
0.1836
0.19836
0.84628
0.34602
0.66796
0.19346
0.71861
0.088245
0.54364
0.1481
0.72258
0.098455
0.24955
0.11413
0.24957
1.0454
0.2356
0.090114
0.1253
1.0829
0.12943
0.73514
0.28253
0.79251
0.68908
0.15898
0.45878
1.1892
0.69393
0.26789
1.0989
0.075656
0.075247
0.62369
1.0121
0.096403
0.080031
0.54454
0.1747
0.24609
0.15185
0.11318
1.1506
0.081831
1.0427
0.096222
0.32252
0.32154
0.096236
0.3855
0.21794
0.28372
1.0441
0.071308
0.91043
0.33661
0.14115
0.20379
0.37353
0.9682
0.063621
0.069395
0.29409
0.21456
0.74752
0.1062
0.086552
0.09854
0.36297
0.2707
0.92175
0.4684
0.08103
0.23659
0.54103
0.1172
0.48382
0.46502
0.086052
0.093079
0.42468
0.13475
0.087865
0.75347
0.11002
0.13783
0.11425
0.24564
1.1657
0.5058
0.058114
0.11654
0.18092
0.18018
0.1202
0.080353
0.7267
0.3176
0.54479
0.63908
1.2272
0.11037
0.23632
0.21565
1.2474
0.68329
0.80649
0.22112
0.53893
0.58934
0.24475
0.36217
0.079822
0.62928
0.29054
0.10386
0.50802
0.074884
0.30865
0.29625
0.74489
0.1906
0.54509
0.26969
0.50045
0.64492
0.077163
0.1412
1.2266
0.14214
0.80848
0.72951
0.1421
0.26301
0.1736
1.3493
0.090665
0.93849
0.2042
0.17862
0.085737
0.2333
0.5861
0.91401
0.57675
0.5626
0.13168
0.07506
0.28594
0.96252
0.68647
0.15479
0.35899
0.081208
0.65812
0.25488
1.1618
0.13212
0.12886
0.44137
0.52724
1.1899
0.23859
0.25374
0.39418
0.13588
0.3124
0.1103
0.093076
0.21659
0.11652
1.1094
0.63792
0.27962
0.1605
0.50527
0.076038
0.53159
0.12918
0.12177
0.062887
0.13266
0.5
1.1601
0.19081
0.9968
0.10038
0.28914
0.5376
0.75995
0.2219
1.4666
0.94081
0.08691
0.2158
0.078801
1.0938
0.10273
0.10829
0.16435
0.98777
0.2272
1.4673
0.17793
1.2096
0.82263
0.24152
0.78034
0.093671
0.11792
0.17533
0.16525
0.11866
0.83733
0.51158
1.1199
0.14707
0.21737
0.18153
0.82119
0.1242
0.14266
0.088278
0.20576
0.79405
0.17711
0.12364
0.27164
0.08789
0.28888
0.12807
0.073905
0.46753
0.14718
1.0881
0.28595
0.24725
1.0475
0.30535
0.93203
0.086156
0.16901
0.1577
1.2492
0.10226
0.29415
0.38873
0.148
0.85144
0.44127
0.8608
0.22729
0.092055
0.13645
0.11463
1.2164
0.3283
0.081296
0.17398
0.40214
1.2098
0.91439
0.69643
0.68322
0.45332
0.12463
0.85306
0.54821
0.099567
0.76744
0.31928
0.23673
0.27705
0.10652
0.26321
0.3045
0.12008
0.069507
0.16829
1.2883
0.11323
0.11923
0.10873
0.15019
0.42832
0.30567
0.19788
0.41746
0.064566
0.47923
0.3689
0.10062
0.25787
0.29453
0.8751
0.90225
0.10901
0.55715
0.1171
0.34562
0.50059
1.0427
0.18402
0.072906
0.087046
0.22587
0.46798
0.12099
0.15655
0.1119
0.58949
0.45719
0.3307
0.15622
0.072737
0.48729
0.17031
0.70062
0.30162
1.5998
0.57787
0.2515
1.228
1.1243
0.59292
1.2561
0.24188
0.25517
0.44883
1.1034
0.12402
0.23337
0.42936
0.64773
0.66128
0.3903
0.17308
1.1562
1.0435
0.15261
1.0485
0.41583
0.16918
0.48819
0.10333
0.62397
0.091462
0.63202
0.55443
0.092321
0.12604
0.069589
0.69323
0.19557
0.43934
0.20968
0.10976
0.1192
0.16545
0.11995
1.0526
0.09571
0.23542
1.2995
0.26069
0.29446
0.19219
0.38103
0.11017
0.24669
0.51994
0.99206
0.86933
0.40865
1.2821
0.51241
0.27141
0.22519
0.19134
0.52452
0.22213
0.20538
0.14517
0.39154
0.069128
1.0197
1.3481
0.76779
0.80911
0.48038
0.13309
1.2157
0.45293
1.3548
1.0596
0.53816
0.067755
0.092478
0.22937
0.257
0.3284
0.10417
0.19451
1.1824
0.0828
0.39652
0.1268
0.27253
0.28342
0.54993
0.15817
0.15155
0.072851
0.20884
1.205
0.10918
0.2081
0.23662
0.1904
0.11127
0.50942
0.075447
0.13918
0.18296
0.1823
0.18369
1.1857
0.17276
0.080741
0.53037
0.92818
0.11216
0.07991
0.12332
0.63851
1.1186
0.49615
0.090613
0.46735
0.6307
0.14999
0.18262
0.66014
0.94593
0.22348
0.32907
0.16956
0.1125
1.1079
0.10624
0.48307
0.19576
0.32391
0.14794
0.090672
0.3425
0.27399
0.088703
0.102
1.4853
0.085827
0.19703
0.15494
0.17402
0.6087
0.35482
0.29499
0.10962
0.38087
0.59094
0.086515
0.12202
0.12061
0.3023
0.13866
0.15455
0.12093
1.0211
0.31112
0.22969
0.54822
0.13075
0.1505
0.11565
0.16378
0.054314
0.1461
0.077575
0.71127
0.33121
0.24195
0.29662
1.064
0.6441
0.27446
1.1404
0.065142
0.09735
0.30225
0.65352
0.43053
0.12611
0.95118
0.08034
0.11344
0.13822
0.32452
0.078429
0.25541
0.15476
0.20127
0.12549
0.60462
0.34755
0.22757
0.2642
0.4721
0.36728
0.15473
0.59166
0.52106
0.43113
0.41928
0.98084
0.76799
0.88955
0.17183
0.93422
0.21265
0.12116
1.2132
0.27476
0.56519
0.28288
0.10981
1.0756
0.079513
1.0589
0.16286
0.39516
0.27057
0.1586
0.1318
0.32693
0.17318
0.38884
0.282
0.25516
0.41413
1.1129
1.1635
0.20215
1.467
0.43876
0.87333
0.777
0.77794
0.57396
0.508
0.18872
1.1631
0.077805
0.75448
0.53896
0.076208
0.1157
1.0685
0.85278
0.45452
0.10089
0.9565
0.78715
0.46188
0.10873
0.17617
1.1715
0.14222
0.19176
0.33789
0.10906
0.5604
0.10081
0.93036
1.2263
0.40391
0.76558
0.82781
0.09512
0.64961
0.53572
1.1135
1.265
0.2383
0.26539
0.25704
0.62
0.46688
0.95525
0.10831
0.71714
0.17323
0.17581
0.13748
0.12298
0.19179
0.58507
0.93058
0.13253
0.12128
0.88043
0.088607
0.086393
0.7979
1.1948
0.17858
0.10755
0.26069
0.9486
0.089256
0.5091
0.12016
0.12107
0.10543
1.2394
0.30447
0.14391
0.29493
0.076591
0.13703
0.20379
1.3415
0.14033
0.36758
1.1433
0.17538
0.14936
1.186
0.39596
0.25534
1.0076
0.074002
0.83588
0.32041
0.14232
0.13913
0.13781
0.13318
0.19335
0.14278
0.19039
0.24334
0.25317
0.69262
0.6502
0.2296
0.081921
0.29641
0.44504
0.70677
0.1394
0.52331
0.70003
0.42824
0.24746
0.15775
0.067771
0.22659
0.99908
0.43837
0.39229
0.82573
0.7047
0.2091
1.0182
0.081713
0.11363
1.2388
0.080882
0.21679
0.0858
0.42396
0.82855
0.529
0.08137
0.11406
0.25273
0.20353
0.11011
1.5015
0.94799
0.71365
0.15782
0.4283
0.069621
1.2011
0.25944
0.30884
0.05778
0.29061
0.66101
0.13991
0.35951
0.2227
0.076868
0.83601
0.79354
0.3696
0.26873
1.0278
0.87722
0.086039
1.1766
0.53293
0.51196
0.30753
0.93272
0.32352
0.17262
0.55435
0.66718
0.67991
0.20448
0.21726
0.07451
0.18479
1.0722
0.62459
0.13545
0.21335
0.24434
0.18828
1.0207
0.33795
0.13838
0.98814
0.34518
0.1063
0.9809
0.17433
1.2063
0.37547
0.15378
0.14575
0.69681
0.083896
0.22196
0.38387
0.3122
0.97244
0.36188
0.85268
0.34121
1.1539
0.55481
0.095039
0.53446
0.50408
0.21839
0.22526
0.82788
0.55663
0.17083
0.2863
1.1191
0.21042
0.10668
0.60662
0.12262
0.87003
0.19155
0.86574
0.55322
0.61305
0.29901
0.096614
0.20994
0.17744
1.2218
0.3297
0.87825
0.63243
0.081797
0.40135
0.081765
0.17047
0.37355
0.55823
0.32552
0.25668
0.62167
0.12553
0.15994
0.22538
0.52144
0.18466
0.14549
0.23505
0.093736
0.1052
0.37033
0.050082
0.45486
0.11578
0.28583
0.53779
0.078316
0.14249
0.21006
0.095345
1.6533
0.16989
0.32149
0.11063
1.2499
0.19714
0.15931
0.80929
0.13894
0.1389
0.46868
1.2278
0.13001
0.11244
1.0132
0.34153
0.11781
0.29309
1.218
0.80554
0.17992
0.9899
1.1917
0.20101
0.24386
0.080231
0.50813
0.37171
0.15432
0.94931
0.15754
0.17656
0.22819
0.42187
1.2774
0.059594
0.37092
0.83864
0.36321
1.1454
0.52066
1.1079
0.13671
0.14337
0.16766
0.62009
0.15823
0.35179
1.1253
0.31403
0.19636
1.0295
0.41723
0.10101
0.35177
0.58391
0.78018
0.31502
0.63046
0.65467
0.14131
1.0444
0.4819
0.088479
0.29744
0.20239
0.17094
0.26666
0.2002
0.076431
0.10443
0.27543
0.58245
0.31193
0.86064
0.32804
0.60565
0.11863
0.14584
0.099698
0.59907
0.74716
0.63676
0.27652
1.2814
0.12993
0.11258
0.18694
0.20445
1.1318
1.0715
0.14978
1.0962
0.12151
0.39359
0.12304
0.14139
1.2002
0.25782
0.16712
0.56483
0.24438
0.54018
0.50117
0.24703
1.1681
0.12013
0.301
1.3534
0.24128
1.1126
0.23583
0.098575
0.25057
1.6266
0.24635
0.37381
0.8986
1.5577
1.0483
0.28988
0.81916
0.099387
0.12232
1.2519
0.38654
0.69872
0.76026
0.36601
0.090521
0.18678
0.21705
1.0744
0.19491
0.066746
0.41397
0.27972
0.35216
1.0999
0.97078
1.1572
0.080164
0.10474
0.10451
0.22516
0.60575
0.63548
0.4804
0.59539
0.46375
1.2064
0.4725
0.43629
0.59661
0.84717
0.31491
0.32883
0.19042
0.47941
0.63267
0.16273
0.10122
0.70132
0.13107
0.41553
0.11184
0.097674
0.10578
0.39635
0.21959
0.1299
0.23944
0.11409
0.40253
1.0641
1.1284
0.70134
0.22063
0.13468
0.36377
0.31854
0.80953
0.59232
1.075
0.28455
0.081226
0.40461
0.12818
0.67815
1.3439
0.20456
0.5367
0.86273
0.2845
0.16128
0.065129
0.16651
0.1851
0.36317
0.93172
0.083771
0.17349
0.18694
0.11599
0.36542
0.74548
0.71628
0.90976
0.90095
0.12258
0.094755
0.84486
0.68862
0.22842
0.56806
0.452
0.19011
0.81649
0.18734
0.16102
1.1482
0.21265
0.47049
0.36822
0.48879
0.55603
1.1256
0.48572
0.49121
0.14958
0.24968
0.068668
0.44226
0.45985
1.2146
0.1409
0.7065
0.087714
0.10351
0.98063
0.19218
0.22936
0.21717
0.15239
0.10533
0.12961
0.13978
1.1848
0.093393
0.56482
0.1346
0.44176
0.091102
0.11236
0.17573
0.12439
1.2159
0.40051
0.12412
0.096561
0.26483
0.11404
0.096528
0.12618
0.085528
0.12401
0.25185
0.066193
0.42386
0.11705
0.16732
0.80109
1.0197
1.2894
0.28491
0.072805
1.2478
0.2956
0.18981
0.81069
0.11368
0.29282
1.0643
0.4586
0.15992
0.47705
0.8031
0.091897
0.093758
0.17764
0.24718
0.25319
0.078501
0.13934
0.90086
0.12285
0.25391
0.10735
0.099925
0.075987
0.18461
0.22384
0.79451
0.99195
0.2525
0.87487
0.094862
0.62168
0.91989
0.4377
0.2137
0.47375
0.14986
0.16998
0.12633
0.23598
0.14764
0.54132
0.66457
0.32666
0.10715
0.64453
0.098619
0.37009
0.37125
0.19632
1.2783
0.46808
0.27219
0.53766
1.1383
0.33244
0.4531
0.67765
0.11816
0.74349
0.2165
0.10142
0.34946
0.092287
0.064564
0.31207
0.1566
0.079655
0.61921
1.4704
0.25965
0.12659
0.16769
0.65399
0.19364
0.248
0.10768
0.33532
0.3031
0.83743
0.511
1.0099
0.94883
0.28128
0.52692
0.13693
0.56933
0.096548
1.1492
0.37694
0.26662
1.1549
0.086946
0.42791
0.32187
0.068882
0.4117
1.1986
0.33813
0.089863
0.2035
0.14773
0.23113
0.7628
0.62281
0.51055
0.17495
0.24567
0.39001
0.13642
0.32135
0.13102
0.21452
1.1238
0.15029
0.13385
0.33407
0.2729
0.16795
0.91496
0.56635
0.56944
1.0032
0.2463
1.0588
0.088231
0.7912
0.35989
0.86887
0.083444
0.90169
0.18599
0.14808
0.67718
0.66512
0.2661
1.1584
0.24728
0.28397
0.10942
0.11249
0.3465
0.8202
0.1385
0.14059
1.0988
1.2227
1.0257
0.1208
0.11594
0.10705
0.14181
0.37465
0.11955
1.1956
0.53125
0.55826
1.045
0.11923
0.23327
0.28885
0.10099
0.15892
0.2652
0.34221
0.13571
0.20986
0.46162
0.69371
0.12137
1.0654
0.14631
0.10242
0.1335
0.20796
0.095665
0.67825
0.12909
0.096025
0.5421
1.6856
0.673
0.11632
0.13661
1.3814
0.11112
0.12411
0.16366
1.1712
0.16916
0.41187
0.26187
0.094767
0.73652
1.0125
0.12674
1.0252
0.13485
0.73633
0.15038
1.0242
0.16444
0.45811
0.12152
0.18399
0.13502
0.14495
0.13718
0.21852
0.28388
0.42998
0.84058
0.42162
0.50653
0.81847
0.78387
0.19795
1.2319
0.32418
0.078634
0.96973
1.2923
0.46263
0.1104
0.10964
0.36602
0.13215
0.15867
1.2809
0.26789
0.19947
1.666
0.37928
0.14429
0.090934
0.073047
0.67614
0.35198
0.64492
0.63762
0.075779
0.78419
1.1645
0.52794
1.1334
0.50126
0.30655
0.49337
0.084888
0.079571
0.13725
0.12674
0.15001
0.46281
0.11013
0.1602
0.37287
0.2946
0.4106
0.078985
0.10372
0.060468
1.0337
0.36268
0.58231
0.16447
0.12413
1.1083
0.17788
0.11363
0.11201
0.23578
1.435
0.16945
0.078142
0.1985
0.34287
1.1091
0.09661
1.2333
0.13016
0.20236
0.56317
0.15731
0.21157
0.19294
0.16177
0.34728
0.21221
0.11551
0.64579
0.243
0.070181
0.075102
0.76362
1.0156
1.0378
0.77203
0.17717
0.19397
0.078428
0.12413
1.1113
0.66308
0.15189
0.34085
0.30316
0.38127
0.16945
0.19808
0.0956
0.28397
0.31032
0.56216
0.11166
0.11606
0.74518
0.11977
1.0202
0.40794
0.12369
0.12722
0.18168
0.084486
0.21646
0.07069
0.076761
0.53616
0.70855
0.4748
0.86697
0.41968
0.20446
1.0283
0.16968
0.58211
0.093308
0.31271
0.82581
0.16877
0.37954
0.1631
0.41086
0.19042
0.52726
0.8562
0.1026
0.31588
0.33087
0.91943
0.17286
0.20934
0.16059
0.16706
0.44481
0.46197
0.1334
0.3328
1.0872
1.0873
0.30558
0.70412
0.11946
0.101
0.76431
1.1596
0.30337
0.36758
0.18399
0.10599
0.27547
1.0694
0.39869
0.17671
0.1355
0.090747
0.14824
0.57037
0.1036
0.94444
0.15769
0.1171
0.19198
0.096994
0.1801
0.19916
0.16091
0.27463
1.314
0.20526
0.1705
0.59005
0.11888
0.72807
0.21862
0.34537
0.39555
0.25228
0.10643
0.14276
0.09459
0.14042
0.12929
0.11342
1.1665
0.71952
0.26292
0.13264
0.13525
0.090489
0.26739
0.11628
0.66042
0.52497
0.36595
0.18016
0.1761
0.40693
1.1883
0.074238
0.98215
0.60842
0.27769
0.28394
0.2057
0.40419
0.31372
0.095309
0.36822
0.91701
0.20175
0.20105
0.14288
0.44454
0.33775
0.4147
0.082681
1.7023
0.73877
0.062229
1.0077
0.25485
0.15965
0.89998
0.763
0.37166
0.66692
0.12886
0.73659
0.08797
0.54935
0.3429
1.2422
0.51566
0.12037
0.16751
0.73194
1.0434
0.58428
0.10568
0.44555
0.3699
0.20222
0.10594
0.26292
1.1229
0.15973
0.087829
1.0929
0.14342
0.12302
0.30076
0.34768
0.15688
0.086487
0.34668
0.090822
0.30513
1.1094
0.1345
0.11852
0.66081
0.075907
0.30816
1.1041
0.29866
0.50438
0.71249
0.9225
0.10715
0.068222
0.15697
0.50312
0.1484
0.083348
1.2201
0.27051
0.083434
0.064899
0.090995
0.29353
0.10717
0.72374
0.63647
0.37908
0.12184
0.70548
0.29892
0.40013
0.49231
0.88179
0.3398
0.96179
0.077761
0.26878
0.39425
0.31764
0.099102
0.85
0.18257
0.13801
0.61726
0.39934
0.23612
1.1957
0.42011
0.75499
0.20787
0.27812
0.81094
0.27249
0.75998
0.14863
0.10081
0.28555
0.63769
0.66382
0.26722
0.96383
0.53977
0.13183
0.47437
0.15416
0.53635
0.3023
0.11528
0.51576
0.7963
0.097413
1.0867
0.50408
0.48782
0.23568
0.73702
0.35705
0.17953
0.15585
0.53543
0.87909
0.12346
0.99242
1.047
0.47009
0.42
0.20024
0.12475
0.22791
0.21107
0.10809
0.098979
0.24443
0.25494
0.14892
0.21335
0.46635
0.65534
0.99191
0.12242
0.32473
0.53574
0.93176
1.2291
0.1169
0.10496
0.44203
0.25656
0.48914
0.68615
0.20246
1.2732
0.20173
0.91909
0.11517
0.17465
0.20294
0.15659
0.61471
0.12452
0.52551
0.23036
0.22851
0.57128
0.77124
0.12433
0.12315
0.32737
0.24424
0.66697
0.28597
0.11099
0.41717
0.14954
0.14434
0.13132
0.37853
0.068612
0.81675
0.073885
0.19057
0.17756
0.21219
0.24446
0.45133
0.90287
0.31438
0.17765
0.94792
0.26619
1.0356
0.065632
0.30711
0.70057
0.9152
0.083518
0.18549
0.815
0.82244
0.18033
0.25668
0.3423
0.3646
0.34145
0.71844
0.26664
0.26713
0.58159
0.074128
0.6417
0.58926
0.32718
0.29918
1.1999
0.62029
0.39884
0.65773
0.26186
0.15189
0.56213
1.1894
0.15558
0.439
0.076916
0.10288
0.13238
0.48206
0.25934
0.19397
0.068424
0.21012
1.2652
0.12621
0.16101
1.3106
0.11066
0.11062
0.52382
0.63091
0.2773
0.24671
0.22934
1.6299
0.29553
0.10006
0.43402
0.11105
0.12581
1.093
0.23335
0.32597
0.67719
0.21437
0.096108
0.56598
0.45475
0.1073
1.1565
0.14264
0.65085
0.3936
0.15405
0.1171
0.14462
0.94991
0.38026
0.65244
0.19103
0.23282
0.14638
0.29413
0.10939
0.50559
0.35133
1.2979
0.27244
0.073882
0.541
0.18715
0.35053
0.78319
0.22361
0.21518
0.12976
0.29359
0.28636
1.1447
0.25007
0.10099
0.47693
0.12309
0.091628
0.19709
0.58476
1.1482
0.25703
0.22266
1.2277
0.097054
0.11895
0.33763
1.0375
0.49309
0.16709
0.36055
0.10472
0.074998
0.13839
0.80251
1.1336
0.18063
0.19497
0.25322
0.11318
0.37405
0.52659
0.79251
0.84545
0.10939
0.27312
0.58089
0.089887
0.43247
0.079924
0.54487
0.20816
0.14974
0.12432
0.79607
0.61707
1.1768
0.36913
0.095116
0.56705
1.4545
0.16335
0.3525
0.098455
0.27051
0.34722
0.083574
0.11683
0.4384
0.75568
0.28827
1.1562
0.71042
0.81924
1.1575
0.15101
0.29138
0.20564
0.12793
0.35507
0.18955
0.22071
1.2022
0.34847
1.1912
0.088305
0.22707
0.13974
0.27103
0.50767
0.73019
0.19118
0.21575
0.67904
0.092444
0.54293
0.18553
0.62815
0.15317
0.22835
0.36209
1.6471
0.24759
0.11014
0.1897
1.2014
0.20184
0.17405
0.71307
0.85533
0.14959
0.24018
0.14276
1.2261
0.81436
0.16444
0.0799
0.33139
0.10825
0.15384
0.18221
0.2141
0.54607
0.24076
0.15395
0.55988
1.0103
0.078495
0.33285
1.05
0.99953
0.49431
0.12452
0.46446
0.38853
1.0169
0.19617
0.21695
0.89358
0.09618
0.60639
0.44618
0.31469
0.43617
0.26716
0.11775
0.097836
0.74876
0.19598
0.37913
0.50529
0.3162
0.072745
1.0821
0.49131
0.10823
0.50812
0.60756
0.63245
0.058047
0.118
0.12715
0.44418
0.43283
1.0793
1.1891
0.11961
0.49469
0.073859
0.3401
0.23527
0.28317
0.78184
0.099189
0.53651
0.18407
0.81788
0.60199
1.0788
0.20764
0.47524
0.10063
0.083891
0.26894
1.0688
0.11253
0.12695
0.83357
0.21886
0.54338
0.74432
0.11923
0.092713
0.063889
0.20087
0.24167
0.094188
0.22727
0.16719
0.092992
1.0531
0.50933
0.14239
0.13608
0.43631
1.3223
0.5389
0.14577
0.20315
0.72121
0.083701
0.22299
0.23034
0.42373
0.46483
0.084785
0.36055
0.67611
0.089142
0.27754
0.11133
0.14872
0.51686
0.2912
0.23554
0.6503
0.11984
0.8343
0.24572
0.961
0.34814
0.13793
0.25986
0.67288
0.85553
0.099674
0.26607
0.72249
0.50791
1.2833
0.7665
0.13915
0.75451
0.51923
0.34844
0.27414
0.36548
0.40749
0.075616
0.51681
0.50483
0.23801
0.14169
0.29623
0.50869
0.75621
0.16723
0.095861
0.2843
0.49203
0.30149
0.33087
0.96246
0.48056
0.1606
0.18706
0.36724
0.65709
0.10244
0.077793
0.14514
0.39105
0.17287
0.17515
0.18867
0.1001
0.17182
0.13432
0.62639
0.37066
0.12828
0.45879
1.0938
0.15046
1.2575
0.11152
0.58753
0.12447
0.10676
0.10507
0.96076
0.44775
0.90098
0.3706
0.15489
0.16871
0.10916
1.2651
0.18346
0.13143
0.77265
0.095252
0.15713
0.18347
0.086602
0.29475
0.12443
0.090436
0.44426
0.38572
0.39934
0.16389
1.3053
0.65948
1.156
0.36062
0.074421
0.62331
0.2105
0.15003
0.21855
0.09493
0.34157
0.35589
0.14666
0.54264
0.094936
0.11269
0.2737
1.2039
0.08797
0.42595
0.23582
0.18376
0.70331
0.36756
0.10057
0.23788
0.10549
0.32062
0.071856
0.55619
0.17796
0.67591
0.35564
0.079482
0.20516
0.60956
0.34086
0.10142
0.14522
0.1503
0.099403
0.52721
0.84047
0.1039
0.58703
0.23927
1.0716
0.96354
0.56733
0.68959
0.72616
0.63046
0.23638
1.2122
1.2421
0.15089
0.71972
0.23953
0.69624
0.15141
0.78026
0.37603
1.0382
0.64719
0.29845
0.22903
0.4007
0.66624
0.14826
0.93086
0.2469
0.27267
0.21665
0.62974
0.8087
0.90486
0.18823
0.27023
0.94271
0.47896
1.1188
0.11609
0.27417
0.29562
0.76618
0.12677
0.36726
0.1185
1.1451
0.1791
0.085379
0.67489
0.26628
0.080975
0.30808
0.25157
0.92925
0.39794
0.67156
0.16926
0.10164
0.10763
0.30652
0.34138
0.29668
0.10355
0.26433
0.30468
0.11055
0.27819
0.19531
0.27781
0.26988
1.6857
0.46124
0.098059
1.149
0.33279
0.20671
0.68299
0.59819
0.52218
0.086759
0.15166
0.91981
0.068613
0.1668
0.089348
0.91179
1.3003
0.59426
1.2053
0.15861
0.30449
0.24578
0.087832
0.12356
0.26142
0.87658
0.84142
0.26534
0.15498
1.2497
0.70941
0.18823
0.22522
0.10497
0.23844
0.81588
0.42581
0.20137
0.41532
1.1264
0.13769
1.063
1.0275
0.91204
0.79037
0.32941
0.20315
1.0035
0.77678
0.85304
0.24513
0.26856
0.35935
0.12285
0.66404
0.43711
0.15048
0.25939
1.1292
0.23761
0.50965
0.42003
0.15341
0.31057
0.11356
0.13786
0.73998
0.081369
0.11829
0.51288
0.13819
0.12778
0.26011
0.23137
0.56927
0.13063
1.0479
0.31285
0.36519
0.27892
0.22334
0.098672
1.0259
0.26504
0.623
0.11167
0.351
0.46384
1.576
0.39127
0.16653
0.6093
0.23814
0.78196
0.11628
0.89981
0.24226
0.15468
0.71794
0.12334
0.17313
1.1142
0.21637
1.0531
0.1749
0.26112
0.13698
0.0873
0.80988
0.12566
0.34412
0.17151
0.81845
1.2313
0.24373
1.1864
0.90716
0.11425
0.94969
0.3657
0.32937
0.14854
0.13182
0.33689
0.34792
0.092617
0.41689
0.71836
0.76207
0.21559
0.13885
0.62145
1.0497
0.42839
0.80841
0.49047
0.78743
0.64217
1.1024
0.081939
0.6703
0.97492
0.91767
1.0264
0.53514
1.0719
0.090619
0.1091
0.079954
0.14177
0.17961
0.86734
0.16973
0.67594
1.2241
1.3498
0.91724
0.10981
0.92311
0.24325
1.1945
0.5605
0.32844
0.099865
0.35726
0.19423
0.078087
0.15465
0.10873
0.074682
0.073588
0.26973
0.35687
0.12082
0.37379
0.1585
0.32932
1.0983
0.22267
0.47652
0.20356
0.17247
0.15064
0.2452
0.18218
0.98369
0.070833
0.11231
0.73728
0.45554
0.39599
0.10779
0.23344
0.4124
0.37638
0.40694
0.12725
0.99222
0.4159
0.31877
0.48376
0.59438
0.26879
0.3748
0.10683
0.1699
0.56787
0.20966
0.53573
0.85171
0.21534
0.64499
0.063832
0.38842
0.47817
0.31894
0.35058
0.11983
0.11361
0.098945
0.31921
0.084485
0.089483
0.44677
0.51368
0.22332
0.96131
0.40141
0.15154
0.89894
0.077386
0.1183
0.20411
0.12683
0.18429
1.088
0.091905
0.13367
0.1602
0.070777
0.47554
1.6557
0.18872
0.38204
0.11601
0.093932
0.27825
0.10268
0.41308
0.69586
0.56632
0.80559
1.1296
0.061191
0.24914
0.18452
0.81304
0.19637
0.69761
0.13658
0.61825
0.2215
0.70145
0.28701
0.635
0.16452
0.34526
0.14483
0.20498
1.2232
0.10476
0.18347
0.52118
0.754
0.09047
0.17282
0.3589
0.10909
0.086195
0.88183
0.14766
0.29332
0.57373
0.081197
0.97034
0.54548
0.54152
0.14386
0.4605
0.7671
0.42424
0.12861
0.07264
0.097301
0.19244
0.25814
0.20912
0.089667
1.0527
0.50064
1.1778
0.052956
0.31511
0.18724
0.13981
0.16437
1.2388
0.21206
0.1449
0.40006
0.24169
0.10109
0.20341
0.074524
0.58949
0.9479
0.12503
0.11461
0.53463
0.29605
0.075773
0.32452
0.18152
0.092738
0.40114
0.92534
0.33326
0.086815
1.1084
0.16777
0.17341
0.11101
0.13744
0.1544
0.18769
0.085632
0.12334
0.1747
0.52175
0.11385
0.54428
0.068785
0.17033
0.083295
0.88388
0.56269
1.1013
0.79065
1.0174
0.50878
0.95737
0.17337
0.1071
0.11839
0.40857
0.15514
1.1745
0.094309
0.091792
1.1783
0.083341
0.46854
0.14571
0.095708
1.0184
0.16346
0.53388
0.44014
0.91429
0.11902
1.009
1.2907
1.1806
0.12928
0.26682
0.12317
0.096999
0.23476
0.11101
0.17127
0.082494
0.49485
0.093478
0.4782
0.31448
0.14422
0.62938
1.45
1.2018
0.12825
0.22014
0.12927
0.32009
0.078364
1.137
0.35114
0.33712
0.18325
0.18508
0.077149
0.74692
1.4256
0.57834
0.25929
0.90274
0.12884
0.72242
0.16959
0.20927
0.54837
0.66596
1.0655
0.72214
0.19603
0.14604
0.50067
0.12386
0.11308
0.17372
0.37933
0.89336
0.48923
0.77606
0.22075
0.32911
0.52813
0.19063
0.13683
1.0207
0.81759
0.37482
0.48318
0.41119
0.09246
1.0565
0.15802
0.33052
0.1583
0.12607
0.47265
0.41626
0.92936
0.19333
0.13496
0.98685
0.20741
0.067988
0.1131
0.64745
0.13061
0.86804
0.53583
1.0996
0.71242
0.98848
0.50218
0.13337
0.40322
0.29493
0.49698
0.33889
0.31893
0.12845
0.13986
0.27494
0.16267
1.6306
0.34954
0.61799
0.19689
0.20016
0.070084
0.18593
0.97763
0.22538
1.2407
0.36013
0.05749
0.88251
0.82046
0.68177
0.20207
0.26785
0.57031
1.2159
0.66051
0.49322
0.19531
0.96749
0.14078
0.50233
0.39463
0.87727
0.09881
0.1252
0.54364
0.1481
0.86164
0.13364
0.54342
0.37458
0.32262
1.0454
0.33209
0.20385
0.098566
0.070797
0.24157
0.15159
1.1582
0.63775
0.14256
0.15898
0.12315
0.09504
0.40066
0.84688
0.079359
0.075656
0.075247
0.18969
0.1809
1.0561
0.24949
0.54454
0.98791
0.43052
0.15185
0.16574
0.3378
0.11924
0.18405
0.37016
0.086727
0.084368
0.23941
0.13212
0.31242
0.60747
0.36735
0.78807
0.080525
0.19937
0.25649
0.46089
0.73829
0.10666
0.063621
0.93861
0.52691
0.21456
0.29443
0.17398
0.10992
0.56309
0.69364
0.76941
0.44515
0.27436
0.19736
0.22472
0.091364
0.42342
0.091443
0.092484
0.45592
0.090595
0.87819
0.14193
1.2729
0.094781
0.23534
0.093165
0.2
0.24564
0.16668
0.50507
0.21871
0.11654
0.60996
0.1507
0.15261
1.1426
0.32721
0.28354
0.096246
0.29451
0.29757
0.8723
0.5253
0.11168
0.10629
0.10058
0.42349
0.22489
0.26355
0.26418
0.11498
0.73328
0.18408
0.087985
0.71976
0.2127
0.97457
0.064162
0.27766
1.1687
0.19619
0.1906
0.43378
0.15499
0.79764
0.18438
0.077163
0.087705
0.49625
0.86503
0.80848
0.18181
0.18175
0.96936
0.2357
0.12396
0.08214
0.9568
0.69351
0.50096
0.13734
0.073608
0.51109
0.73422
0.57675
0.18815
0.1234
0.10189
0.11418
1.1942
0.40608
0.096015
0.62925
0.39283
0.11994
0.37188
0.61489
0.11922
0.12886
0.55994
0.077294
0.46645
0.11948
1.3144
0.090191
0.14461
0.61865
0.54651
0.33884
0.63934
0.38118
0.90678
0.87495
0.60608
0.21151
0.50527
0.16965
1.1122
0.851
0.40958
0.31795
0.92911
0.20393
0.49355
0.15532
0.78456
0.10038
0.6038
0.11385
0.59458
0.078017
1.1842
0.09736
0.12405
0.37188
0.49707
0.97457
0.61578
0.19427
0.081323
0.98777
0.096463
0.21642
0.11694
0.34566
0.86104
0.12894
0.57781
0.095551
0.11724
0.66084
0.13781
1.5166
0.24231
0.34735
0.22808
0.08822
0.92925
1.1408
0.18212
0.1242
0.55843
0.89129
0.6065
0.09533
0.11297
0.22529
0.27164
1.3285
0.97966
0.39557
0.19121
0.46753
0.22245
0.75299
0.69332
0.23479
0.68855
0.2435
1.2066
0.47528
0.078848
0.1022
0.1442
0.17674
0.29415
0.38873
0.148
1.1132
0.18715
0.21722
0.29547
0.097456
1.0841
0.73335
0.30259
0.38839
0.098816
0.43755
0.41573
0.2093
0.2223
0.46449
0.68322
0.11391
0.1472
0.67464
0.098139
0.14169
0.47037
1.247
0.23673
0.21542
0.20055
0.58954
0.13014
0.56911
0.31891
0.16788
1.2883
0.15144
0.31655
0.082931
0.15019
0.34954
0.44934
0.19788
0.18933
1.0289
0.18092
0.61285
0.15845
0.51851
0.39367
0.22643
0.12564
0.23044
0.75016
0.878
1.1353
0.91774
1.0427
0.056495
1.1839
0.31165
0.10216
0.15166
0.17047
0.3136
0.21144
0.12009
1.3133
0.57548
0.1873
0.20377
0.21382
0.14024
0.094011
0.30162
1.5998
0.1966
1.3719
1.228
0.14311
0.078113
0.1089
0.11795
0.19064
0.16592
0.10291
0.87633
0.23337
0.16374
0.31866
0.30365
0.099581
0.68201
0.2234
1.0435
0.15261
0.081819
0.19846
0.9639
0.17099
0.086609
0.46758
0.23485
0.63202
0.1282
0.2727
0.19089
0.2029
0.1745
0.93725
0.21822
0.13306
0.10976
0.99597
0.36715
0.25374
0.71682
0.92941
0.63604
0.192
0.43999
0.12589
0.47151
0.38441
0.58698
0.092036
0.51994
0.30301
0.21142
0.42808
0.093392
1.1172
0.27141
0.31377
0.14676
0.12648
0.1802
0.20905
0.14517
0.12627
0.5087
0.16506
0.17442
0.079167
0.80911
0.465
0.49915
0.30806
0.5431
0.17025
0.89255
0.24988
0.44621
0.43065
0.22937
0.257
0.21698
0.95726
0.19451
0.61276
0.14095
1.1378
0.1258
0.415
0.12972
0.070913
0.1559
0.11635
0.55477
0.35121
1.205
0.088269
0.09764
0.14105
0.28487
0.26834
0.50942
0.9479
0.72118
0.45313
0.1823
0.15567
0.57177
1.2554
0.36941
0.53037
1.0581
1.3238
1.1678
0.074614
0.10726
0.26043
0.53877
0.17682
0.2899
0.68139
0.30529
1.2781
1.18
0.66272
0.11878
0.076424
0.22138
0.68436
0.1758
0.097312
1.0894
0.7416
0.2143
0.14794
0.12175
0.12224
0.27399
0.45756
0.1269
0.15625
0.30817
0.11962
0.63089
0.17402
0.77857
0.1418
1.1006
0.095759
0.15116
0.13652
0.80728
0.52177
0.12061
0.093361
0.13328
0.11657
0.96473
0.13849
0.30693
0.15897
0.10359
0.55891
0.19434
0.61319
0.16378
0.89989
0.19626
0.077575
0.16079
0.4146
0.16056
0.33922
1.1606
0.15369
0.13107
0.42615
0.4789
0.09735
0.30225
0.36715
0.29258
0.14617
0.14264
0.38571
0.12605
0.19773
1.088
0.38205
0.11351
0.62681
0.20014
1.6243
0.15252
0.34755
0.4336
0.45158
1.1424
0.31458
0.12928
0.59166
0.25619
0.56783
0.34844
0.3637
0.76799
1.0185
0.086596
1.0428
0.29312
0.069676
1.5278
0.2088
0.83115
0.40118
0.23267
0.14503
0.95629
0.6277
0.16286
0.68643
0.48674
0.26311
0.1318
0.24954
0.10981
0.12581
1.0656
0.14485
0.4161
0.58154
0.68918
0.63453
0.25017
0.43876
0.066479
0.55239
0.43428
0.093309
0.98764
0.73531
1.0351
0.3759
0.75448
0.32696
0.25439
0.20436
0.11672
1.2591
1.61
0.083512
0.079444
0.6369
0.73411
0.25455
1.5064
0.095608
0.14222
0.38548
0.33789
0.22737
0.5604
0.8579
0.15361
1.2263
0.40391
0.39697
0.39359
0.2863
0.084668
0.52444
0.08089
0.67453
0.12998
1.117
0.68435
0.62
0.38231
0.6009
0.10831
0.84934
0.1163
0.087022
0.3511
0.27636
0.090541
1.1807
0.18058
0.058149
0.12351
0.23377
0.34528
0.87555
0.20333
0.18133
0.49201
0.35156
0.26069
0.15816
1.018
0.1492
0.13827
0.2075
0.13653
0.30103
0.15086
0.17938
1.0098
0.58112
0.12577
0.20379
0.63992
0.2907
0.12105
0.25255
0.16398
0.181
1.0357
0.15508
1.1302
1.0076
0.061754
0.83588
0.63826
0.084964
0.4053
1.04
0.57565
0.10512
0.3694
1.0155
1.0925
0.25317
0.99427
0.98366
0.094216
0.07368
0.22964
0.64015
0.94538
0.59482
0.52331
0.10791
0.16829
0.24746
0.15507
1.0723
0.22659
0.10491
0.43837
0.12692
0.82573
1.2728
0.14275
0.25071
0.27306
0.17589
0.14248
1.2461
0.23441
0.24743
0.14144
0.88658
0.45068
0.34129
0.67301
0.50281
0.24154
0.10267
0.11022
0.79393
0.39186
0.14641
0.3344
0.42411
1.2011
0.30702
0.086692
0.15225
0.12134
0.49306
0.753
0.085214
0.087648
0.1103
0.83601
0.6609
0.27346
0.26873
0.86578
0.14636
0.18545
0.073876
0.20863
0.13981
0.30753
0.2798
0.1801
1.0098
0.29203
0.44427
0.6589
0.19364
0.20475
0.4445
0.48295
0.45466
0.62459
0.70759
0.21335
0.24771
0.81799
0.20948
0.13978
0.97061
0.42716
0.95866
0.11204
0.11262
0.17433
0.08766
0.32259
0.38391
0.14575
0.69681
0.38408
0.10888
0.21079
0.25539
1.3908
0.25309
0.15495
0.42011
0.17853
0.44423
0.090167
0.91433
0.50408
0.17825
1.3553
0.71023
0.4376
0.14137
0.83998
0.49865
0.1889
0.10668
0.91551
0.17632
0.21557
1.0808
0.31236
0.35188
0.77877
0.68576
0.82123
0.62095
0.34372
0.48814
0.10042
0.18329
0.63243
0.081797
0.44007
0.19217
0.44454
1.0957
0.55823
1.4096
0.25668
0.95716
0.30985
0.77869
0.22538
0.15622
0.17925
0.88993
0.15136
0.92436
0.49252
0.31612
0.19009
0.33554
0.84619
0.15923
0.35117
0.078316
0.36894
0.1591
0.64518
0.097251
0.25741
0.2548
0.11063
0.18306
0.14154
0.28648
0.17921
0.11776
0.19167
0.32247
0.35221
0.83313
0.38129
0.16823
0.34153
0.40842
0.14392
0.37408
0.80554
0.07192
0.32628
0.11813
0.16624
0.86592
0.0724
0.13034
0.92063
0.15432
0.11287
0.38262
0.11971
0.31188
0.42187
0.44114
0.11224
0.34689
0.83864
0.36321
0.16501
0.31427
0.60292
0.44384
0.13624
0.19076
1.0559
0.29471
0.60745
0.085527
0.34701
0.60165
0.19218
0.17943
0.89189
0.10558
0.71118
0.10775
0.31502
0.63046
0.23139
0.15827
0.36119
0.67771
0.11288
0.16526
0.21839
0.28815
0.26666
0.2002
0.8393
0.55618
0.40465
0.58245
0.84138
0.12685
0.49369
0.34537
0.36837
0.067298
0.95875
0.14573
0.10136
0.63676
0.27652
0.69793
0.12993
0.099513
0.27006
1.0058
0.59491
1.2524
0.35535
0.2164
1.0128
1.221
0.19577
0.87645
0.91037
0.10702
0.14593
0.10063
0.1919
0.16682
1.1618
0.16327
0.085145
0.46712
0.1683
0.76719
0.9294
0.094443
0.2683
0.37446
0.42061
0.71228
0.22569
1.0568
0.12572
0.76843
1.0483
1.405
0.11106
0.093642
0.21194
0.76156
0.073303
0.15986
0.5751
0.10801
0.99134
1.2294
0.093072
0.15556
0.15995
0.59918
0.78419
0.98193
0.35216
0.098441
0.090216
0.33415
1.0633
0.10474
1.1361
0.22516
0.26631
0.35282
0.11413
0.25235
0.46375
0.28086
0.4725
0.063923
0.74946
0.84717
0.22859
1.0843
0.50148
0.9098
1.1512
0.55504
0.58546
0.17626
0.75173
1.0377
0.11184
0.084833
0.29672
0.37214
0.21959
0.60646
0.088367
0.27119
0.17055
1.276
0.18809
0.70134
0.38829
1.1918
0.23761
0.20734
0.14416
0.10576
0.59696
1.1042
0.072806
0.25558
0.1367
0.11743
0.079277
0.91839
0.53936
0.18334
0.65498
0.090432
0.455
0.70663
0.13416
0.091209
0.66482
0.36457
1.4962
0.18694
0.4052
0.59441
0.55647
0.080021
0.21937
0.15827
0.12258
0.59745
0.11762
0.5429
0.12248
0.70881
0.5044
0.13176
0.078979
0.75775
0.5955
0.69675
0.76462
1.1263
0.077474
0.082348
0.55603
0.19099
0.37331
0.87034
0.41179
0.61408
0.32019
0.094538
0.33942
0.089832
0.16499
0.92371
1.2054
1.256
0.92083
0.17994
0.41064
0.3618
0.15239
0.24476
1.6946
0.14949
0.34304
0.1469
0.18525
0.094095
0.072135
0.087218
0.37743
0.33203
0.78768
1.2159
0.33522
0.25626
0.63246
0.85008
0.73523
0.60183
0.80276
0.22326
0.82049
0.44989
0.073131
0.15729
0.33246
0.31405
0.16497
1.0197
0.89655
0.23244
0.27062
1.5273
0.11165
1.2471
0.11394
0.11368
0.20488
0.1014
0.4586
0.64198
0.17829
1.1451
0.091897
0.55188
1.1749
0.36552
1.1126
0.66577
0.88906
0.64272
0.774
0.25391
0.10735
0.099925
0.21841
0.44013
0.18009
0.21292
0.99195
0.20678
0.87487
0.20979
0.080255
0.09182
0.40063
0.079506
0.22225
0.74261
1.119
0.32939
0.92267
1.5939
0.34939
0.16663
0.46287
0.10715
0.14475
0.37124
0.47321
0.26033
0.12992
0.26615
0.17863
0.98774
0.09683
1.5066
0.13074
0.55797
0.67765
0.17337
0.55184
0.24911
0.30983
0.34946
0.35093
0.19115
0.1619
0.23751
0.076972
0.26573
0.46509
0.17328
0.12659
0.16988
0.12564
0.16846
0.26246
0.25223
0.33532
0.3031
0.83743
0.68039
0.72019
0.34979
1.225
1.2179
0.23691
0.13937
0.13113
0.34819
0.37694
0.97494
1.1549
1.0982
0.19543
0.13772
0.84578
0.10534
1.3241
0.14754
0.47639
0.2852
0.14953
0.069475
0.73927
0.69134
0.44849
0.51349
0.095616
1.1073
0.089601
0.18688
0.38227
0.13865
0.12465
0.15029
0.19037
0.3822
0.40098
0.40857
0.44072
0.42406
0.66734
0.175
0.15979
0.10264
0.68897
0.17652
0.35287
0.79945
0.23527
1.1616
0.18599
0.85871
0.56767
0.25602
0.24312
1.1584
0.073022
0.24532
0.097142
0.14757
0.31091
0.11078
0.1385
0.62094
0.82153
1.2151
1.0257
0.40788
0.11594
0.32257
0.14181
0.83346
0.19733
0.36193
0.49517
0.10007
0.7543
0.35295
0.16964
0.15535
0.59973
0.9795
0.14921
0.77609
0.9108
0.16562
0.19564
0.082822
0.057824
0.44127
0.17755
0.40227
0.32818
0.28927
0.49373
0.081423
0.12909
0.18602
0.44573
0.07569
0.11119
0.22201
0.11631
0.84108
0.11112
0.11441
0.23557
0.29764
0.24056
0.24455
0.1079
0.097508
0.56991
0.88628
0.1492
1.0252
0.068821
0.17572
0.16126
1.0242
0.1938
1.241
0.12152
0.87425
0.34568
0.21594
1.4506
0.21852
1.1153
1.0283
1.2215
0.083049
0.072108
0.7384
0.78387
0.09959
0.30309
0.13291
0.62053
0.27432
1.3888
0.34297
0.22021
0.80848
0.21212
0.75854
0.21269
0.074795
0.27103
0.27673
0.70745
0.70539
0.28801
0.18054
0.073047
1.2246
0.083595
0.87938
0.096806
0.075779
0.17988
0.14696
0.52794
0.53208
0.10351
0.23697
0.49337
0.091842
0.079571
0.12057
0.27907
0.16957
0.46281
1.1445
0.58989
0.21542
0.10195
0.79082
0.11537
0.65811
0.086058
0.23939
0.46349
0.56145
0.18633
0.17785
0.19535
0.63492
0.34231
0.48958
0.72622
0.20183
0.14024
0.30509
0.1985
0.43876
0.84123
0.22835
1.2333
0.13016
0.18675
1.1292
0.094971
1.1619
1.0897
0.096594
0.30224
0.14941
0.21042
0.18304
1.0093
0.080635
0.14119
0.29708
1.0156
0.23921
0.84871
0.274
0.54756
0.078428
0.34626
0.19086
0.33552
0.070684
0.82393
0.22609
0.079834
1.1505
0.55352
1.1751
0.54925
0.16656
0.19657
0.23983
0.31527
0.18895
0.20452
0.51809
0.08473
0.46899
0.21789
0.18168
0.084486
1.1367
0.28334
0.64931
0.073788
0.19112
0.23961
0.56451
0.41968
0.68984
0.65075
0.16968
0.12205
0.10388
0.11168
0.34894
0.097334
0.64728
0.1757
0.58435
0.4186
0.13729
0.31668
0.13839
0.15066
0.38298
0.91943
0.86683
1.1068
0.30435
0.21266
0.25691
0.46197
0.18444
0.3328
0.49462
0.13673
0.15848
0.11309
0.1973
0.22256
0.75855
0.16654
0.21238
0.3467
0.9369
0.99515
0.70472
0.20868
0.31803
0.10095
0.87586
1.0488
0.20823
0.132
0.16722
0.31378
0.15769
0.13432
0.19198
0.85164
0.70466
0.28424
0.41618
0.11438
0.41598
0.5638
0.2445
0.28962
0.37027
0.25746
0.10401
0.34537
0.99575
0.42446
0.99463
0.16246
0.63801
0.79867
1.0419
0.26115
0.13925
0.21935
0.2938
0.96018
0.21304
0.19586
0.26543
0.11628
0.66042
1.6778
1.3418
0.18016
1.3215
1.2204
0.18004
0.074238
0.141
0.60842
0.84227
0.46008
0.32205
1.415
0.53812
0.06095
0.15287
0.82508
0.20175
0.11522
0.14803
0.11091
0.79842
0.14851
0.39168
0.29473
0.37225
0.58433
0.092524
0.39086
0.15965
0.31591
0.56453
0.073888
0.11575
0.16133
0.15527
0.29876
0.49169
0.27289
0.32152
0.12873
0.51299
0.076842
0.352
0.31268
0.58428
0.28907
0.30324
0.29635
0.81941
0.78841
0.36671
0.21784
1.0777
0.44848
0.13332
0.14342
0.12302
0.2694
0.73849
0.88523
0.093871
0.1388
0.14199
0.23591
0.32068
0.1345
0.11852
0.31302
0.14836
0.079792
1.1041
1.0123
0.50438
1.1782
0.9225
0.87228
0.070873
0.082905
0.81453
0.08712
0.083348
0.15415
0.36311
0.93555
0.70265
0.090995
0.19028
0.0856
0.15854
0.15024
1.1614
0.27659
0.70548
0.26589
0.19904
0.44745
0.75453
0.95854
0.11486
0.20276
1.1303
0.22481
0.22945
0.11036
0.14346
0.15506
0.081985
0.26018
1.0423
0.10093
0.13362
0.42011
0.75499
0.23499
0.090887
0.6666
0.12806
0.40866
0.46834
0.1123
0.16393
0.19635
0.3546
1.3165
0.082191
1.111
0.22736
0.25193
0.37438
0.34537
0.39566
0.57724
0.4925
0.7963
0.32821
1.0867
0.82968
0.48782
0.23001
1.0037
1.4326
0.60918
0.26817
0.23058
0.13438
1.688
0.22066
1.0601
0.073448
0.42
0.70342
0.9468
0.43806
0.21107
0.10809
0.16832
0.10933
0.52112
0.15106
0.84118
0.34476
0.1023
0.99191
0.075555
0.23998
0.13487
0.12584
0.53284
1.1767
0.30445
0.87481
0.48464
0.48914
0.14926
0.20246
0.46359
0.12847
0.90496
0.062178
0.14278
0.32767
0.21048
0.61471
0.35535
0.11665
0.22645
0.19981
0.20693
0.81104
1.2733
0.23569
0.31691
0.34695
1.2242
0.2418
0.52501
1.0121
0.6282
1.0591
0.30266
0.94851
0.54667
1.4153
0.16963
0.11264
0.36452
0.23501
0.36149
0.45133
0.90287
1.1382
0.074807
0.94792
0.26619
1.0356
0.36228
0.78935
0.089874
1.3743
0.48713
0.65204
0.47595
0.38044
0.6878
0.65165
0.2011
0.18065
0.76363
1.2794
0.1431
0.21514
0.15395
0.28344
0.19923
0.97238
0.40493
0.29918
0.49643
0.62029
0.23598
0.72628
0.425
0.15189
0.18199
0.38503
0.15558
0.28331
0.67199
0.068958
0.27869
0.34113
0.71469
0.77117
1.286
0.52748
0.23923
0.41239
0.1372
0.45774
0.079298
0.11062
1.1572
1.0684
0.2773
0.58095
0.36183
0.38935
0.3923
0.98096
0.4667
0.54602
0.60068
0.14651
1.2475
0.14419
0.67719
0.21437
0.096108
0.56598
1.0158
0.1073
0.18312
0.55173
1.5375
0.10438
0.14392
0.37956
0.22383
0.17513
0.77718
0.35748
0.62405
0.28096
1.1218
0.36722
0.49248
0.16056
0.081842
0.07267
0.10271
0.4314
1.0565
0.43367
0.35053
0.60969
0.22361
1.2309
0.21558
0.17274
0.18459
0.23049
0.27317
0.29054
1.2166
0.15039
0.16389
0.37171
0.17151
0.17909
0.29815
0.10632
0.10831
1.1134
0.18888
0.091742
0.45924
0.20573
0.16709
0.39739
0.10472
0.35789
1.3777
0.80251
0.61138
0.49968
1.1836
0.81091
0.16702
0.90889
0.52659
0.37872
0.12647
0.59317
0.23347
0.3374
0.59151
0.17727
0.086046
0.1232
0.1946
0.30233
0.63815
0.19504
0.19486
0.097413
0.45597
1.1658
0.42101
0.14773
0.10572
0.28276
0.36304
0.20328
0.47573
0.083574
0.084034
0.11177
0.61484
0.20202
1.1562
1.2265
0.11048
1.204
0.25182
0.17705
1.2699
0.13083
0.13704
1.0549
0.22071
1.2022
0.43573
1.1912
0.088305
0.22707
0.49601
0.27103
0.070515
0.41895
0.21289
1.2412
0.25545
0.46636
1.1658
0.10949
0.91612
0.28337
0.75515
0.086051
1.5096
0.58471
0.45338
1.143
1.0183
0.26405
0.12011
0.80033
0.85533
0.67317
0.078922
1.2393
0.13924
0.51897
0.20895
1.1962
0.67745
1.0111
0.1209
0.31719
0.2141
0.20891
0.57342
0.40043
0.55988
0.23185
0.08023
0.20734
0.65701
0.12884
0.21201
0.25125
0.30175
0.1494
0.76503
0.33046
0.21695
0.56842
0.61866
0.29325
0.19623
0.31469
0.31053
0.51039
0.28586
0.18793
0.11126
0.12025
0.3731
0.92832
0.3162
0.82507
0.88657
1.1387
0.10823
0.50812
0.60756
0.63245
0.058047
0.118
0.12715
0.44418
0.43283
1.0793
1.1891
0.11961
0.49469
0.073859
0.3401
0.23527
0.28317
0.78184
0.099189
0.53651
0.18407
0.81788
0.60199
1.0788
0.20764
0.47524
0.10063
0.083891
0.26894
1.0688
0.11253
0.12695
0.83357
0.21886
0.54338
0.74432
0.11923
0.092713
0.063889
0.20087
0.24167
0.094188
0.22727
0.16719
0.092992
1.0531
0.50933
0.14239
0.13608
0.43631
1.3223
0.5389
0.14577
0.20315
0.72121
0.083701
0.22299
0.23034
0.42373
0.46483
0.084785
0.36055
0.67611
0.089142
0.27754
0.11133
0.14872
0.51686
0.2912
0.23554
0.6503
0.11984
0.8343
0.24572
0.961
0.34814
0.13793
0.25986
0.67288
0.85553
0.099674
0.26607
0.72249
0.50791
1.2833
0.7665
0.13915
0.75451
0.51923
0.34844
0.27414
0.36548
0.40749
0.075616
0.51681
0.50483
0.23801
0.14169
0.29623
0.50869
0.75621
0.16723
0.095861
0.2843
0.49203
0.30149
0.33087
0.96246
0.48056
0.1606
0.18706
0.36724
0.65709
0.10244
0.077793
0.14514
0.39105
0.17287
0.17515
0.18867
0.1001
0.17182
0.13432
0.62639
0.37066
0.12828
0.45879
1.0938
0.15046
1.2575
0.11152
0.58753
0.12447
0.10676
0.10507
0.96076
0.44775
0.90098
0.3706
0.15489
0.16871
0.10916
1.2651
0.18346
0.13143
0.77265
0.095252
0.15713
0.18347
0.086602
0.29475
0.12443
0.090436
0.44426
0.38572
0.39934
0.16389
1.3053
0.65948
1.156
0.36062
0.074421
0.62331
0.2105
0.15003
0.21855
0.09493
0.34157
0.35589
0.14666
0.54264
0.094936
0.11269
0.2737
1.2039
0.08797
0.42595
0.23582
0.18376
0.70331
0.36756
0.10057
0.23788
0.10549
0.32062
0.071856
0.55619
0.17796
0.67591
0.35564
0.079482
0.20516
0.60956
0.34086
0.10142
0.14522
0.1503
0.099403
0.52721
0.84047
0.1039
0.58703
0.23927
1.0716
0.96354
0.56733
0.68959
0.72616
0.63046
0.23638
1.2122
1.2421
0.15089
0.71972
0.23953
0.69624
0.15141
0.78026
0.37603
1.0382
0.64719
0.29845
0.22903
0.4007
0.66624
0.14826
0.93086
0.2469
0.27267
0.21665
0.62974
0.8087
0.90486
0.18823
0.27023
0.94271
0.47896
1.1188
0.11609
0.27417
0.29562
0.76618
0.12677
0.36726
0.1185
1.1451
0.1791
0.085379
0.67489
0.26628
0.080975
0.30808
0.25157
0.92925
0.39794
0.67156
0.16926
0.10164
0.10763
0.30652
0.34138
0.29668
0.10355
0.26433
0.30468
0.11055
0.27819
0.19531
0.27781
0.26988
1.6857
0.46124
0.098059
1.149
0.33279
0.20671
0.68299
0.59819
0.52218
0.086759
0.15166
0.91981
0.068613
0.1668
0.089348
0.91179
1.3003
0.59426
1.2053
0.15861
0.30449
0.24578
0.087832
0.12356
0.26142
0.87658
0.84142
0.26534
0.15498
1.2497
0.70941
0.18823
0.22522
0.10497
0.23844
0.81588
0.42581
0.20137
0.41532
1.1264
0.13769
1.063
1.0275
0.91204
0.79037
0.32941
0.20315
1.0035
0.77678
0.85304
0.24513
0.26856
0.35935
0.12285
0.66404
0.43711
0.15048
0.25939
1.1292
0.23761
0.50965
0.42003
0.15341
0.31057
0.11356
0.13786
0.73998
0.081369
0.11829
0.51288
0.13819
0.12778
0.26011
0.23137
0.56927
0.13063
1.0479
0.31285
0.36519
0.27892
0.22334
0.098672
1.0259
0.26504
0.623
0.11167
0.351
0.46384
1.576
0.39127
0.16653
0.6093
0.23814
0.78196
0.11628
0.89981
0.24226
0.15468
0.71794
0.12334
0.17313
1.1142
0.21637
1.0531
0.1749
0.26112
0.13698
0.0873
0.80988
0.12566
0.34412
0.17151
0.81845
1.2313
0.24373
1.1864
0.90716
0.11425
0.94969
0.3657
0.32937
0.14854
0.13182
0.33689
0.34792
0.092617
0.41689
0.71836
0.76207
0.21559
0.13885
0.62145
1.0497
0.42839
0.80841
0.49047
0.78743
0.64217
1.1024
0.081939
0.6703
0.97492
0.91767
1.0264
0.53514
1.0719
0.090619
0.1091
0.079954
0.14177
0.17961
0.86734
0.16973
0.67594
1.2241
1.3498
0.91724
0.10981
0.92311
0.24325
1.1945
0.5605
0.32844
0.099865
0.35726
0.19423
0.078087
0.15465
0.10873
0.074682
0.073588
0.26973
0.35687
0.12082
0.37379
0.1585
0.32932
1.0983
0.22267
0.47652
0.20356
0.17247
0.15064
0.2452
0.18218
0.98369
0.070833
0.11231
0.73728
0.45554
0.39599
0.10779
0.23344
0.4124
0.37638
0.40694
0.12725
0.99222
0.4159
0.31877
0.48376
0.59438
0.26879
0.3748
0.10683
0.1699
0.56787
0.20966
0.53573
0.85171
0.21534
0.64499
0.063832
0.38842
0.47817
0.31894
0.35058
0.11983
0.11361
0.098945
0.31921
0.084485
0.089483
0.44677
0.51368
0.22332
0.96131
0.40141
0.15154
0.89894
0.077386
0.1183
0.20411
0.12683
0.18429
1.088
0.091905
0.13367
0.1602
0.070777
0.47554
1.6557
0.18872
0.38204
0.11601
0.093932
0.27825
0.10268
0.41308
0.69586
0.56632
0.80559
1.1296
0.061191
0.24914
0.18452
0.81304
0.19637
0.69761
0.13658
0.61825
0.2215
0.70145
0.28701
0.635
0.16452
0.34526
0.14483
0.20498
1.2232
0.10476
0.18347
0.52118
0.754
0.09047
0.17282
0.3589
0.10909
0.086195
0.88183
0.14766
0.29332
0.57373
0.081197
0.97034
0.54548
0.54152
0.14386
0.4605
0.7671
0.42424
0.12861
0.07264
0.097301
0.19244
0.25814
0.20912
0.089667
1.0527
0.50064
1.1778
0.052956
0.31511
0.18724
0.13981
0.16437
1.2388
0.21206
0.1449
0.40006
0.24169
0.10109
0.20341
0.074524
0.58949
0.9479
0.12503
0.11461
0.53463
0.29605
0.075773
0.32452
0.18152
0.092738
0.40114
0.92534
0.33326
0.086815
1.1084
0.16777
0.17341
0.11101
0.13744
0.1544
0.18769
0.085632
0.12334
0.1747
0.52175
0.11385
0.54428
0.068785
0.17033
0.083295
0.88388
0.56269
1.1013
0.79065
1.0174
0.50878
0.95737
0.17337
0.1071
0.11839
0.40857
0.15514
1.1745
0.094309
0.091792
1.1783
0.083341
0.46854
0.14571
0.095708
1.0184
0.16346
0.53388
0.44014
0.91429
0.11902
1.009
1.2907
1.1806
0.12928
0.26682
0.12317
0.096999
0.23476
0.11101
0.17127
0.082494
0.49485
0.093478
0.4782
0.31448
0.14422
0.62938
1.45
1.2018
0.12825
0.22014
0.12927
0.32009
0.078364
1.137
0.35114
0.33712
0.18325
0.18508
0.077149
0.74692
1.4256
0.57834
0.25929
0.90274
0.12884
0.72242
0.16959
0.20927
0.54837
0.66596
1.0655
0.72214
0.19603
0.14604
0.50067
0.12386
0.11308
0.17372
0.37933
0.89336
0.48923
0.77606
0.22075
0.32911
0.52813
0.19063
0.13683
1.0207
0.81759
0.37482
0.48318
0.41119
0.09246
1.0565
0.15802
0.33052
0.1583
0.12607
0.47265
0.41626
0.92936
0.19333
0.13496
0.98685
0.20741
0.067988
0.1131
0.64745
0.13061
0.86804
0.53583
1.0996
0.71242
0.98848
0.22077
0.63325
0.14161
0.40293
0.17009
0.44533
0.47276
0.097725
0.10321
0.99841
1.039
0.25795
0.5652
0.37833
0.79985
0.13468
1.0664
0.49371
0.13072
0.47828
0.83358
0.44593
0.36903
0.46884
0.14946
0.68177
0.24528
0.70029
0.25964
0.12114
0.090052
0.84831
0.19531
0.22677
1.3581
0.40976
0.10231
0.75041
0.12377
0.19839
0.21727
0.1481
0.34837
0.58652
0.22272
0.37458
0.81381
0.22539
1.0086
0.4623
0.31188
0.57999
0.14744
0.11228
0.67408
0.90357
0.13166
1.0139
1.2788
0.154
0.34801
1.1593
0.079359
0.075656
0.13068
0.69741
0.1809
1.0561
0.39401
0.14113
0.12292
0.1151
0.24622
0.16125
0.3378
0.39554
0.075351
0.083789
0.18436
0.33846
0.23871
0.19821
0.15334
0.082255
0.46047
0.78807
0.91909
0.3806
0.59556
1.1043
0.28422
0.10865
0.26541
0.33044
0.14774
0.10977
0.094634
0.21806
0.13452
0.23636
1.0507
0.20589
0.090506
0.30474
0.23462
0.22472
0.33576
0.106
0.091443
1.0956
0.10462
0.24806
0.27421
0.090079
0.36411
0.094781
0.23534
0.27476
0.41279
0.3184
0.84101
1.2429
0.24573
0.17313
0.42925
0.21522
0.22425
0.34068
0.85921
0.32172
0.096246
1.3524
0.17478
0.59139
0.5253
0.1418
0.17763
0.10862
0.70877
0.36962
0.1812
0.17139
0.62274
0.82204
0.24222
0.15434
0.71976
0.34432
0.97457
0.51683
0.23497
1.1687
0.22097
1.2334
0.51292
0.32074
0.5054
0.18438
0.17603
0.41934
0.11475
0.2374
0.58552
0.10736
0.3426
0.12381
0.38245
0.75876
0.33184
0.24097
0.92676
1.146
0.076538
0.52076
0.11606
0.12715
0.53847
0.092523
1.0821
0.24113
0.6374
0.12183
1.7313
0.22835
0.63079
0.16725
0.30672
0.53841
0.55737
0.2714
0.096547
1.0542
0.29387
0.79187
0.17168
0.17402
0.38259
0.12546
0.61865
0.29097
0.084693
0.70464
0.19167
0.28063
0.55902
1.087
0.071407
0.10752
0.10301
0.098321
0.1097
0.24302
0.94799
0.48561
0.1244
0.68997
0.18698
0.98513
0.18282
1.2327
0.29104
0.078413
0.078017
0.058375
1.221
0.10544
0.37188
0.37607
0.97457
0.17911
0.19427
0.72415
0.69628
0.096463
0.39777
0.59238
0.97312
0.86104
0.12894
0.74445
0.10817
1.3971
0.1398
0.13781
0.29744
0.47487
1.2642
0.43914
0.34846
0.39659
0.39009
0.93422
0.91804
0.34708
0.11836
0.54699
1.3467
0.11297
0.94363
1.0548
0.7237
0.4163
0.063154
0.19347
0.58777
0.44995
0.13248
0.080427
0.31903
0.16523
1.2337
1.2185
0.14368
0.52139
0.12444
0.1442
1.2331
0.29415
0.13785
0.97909
0.8732
0.13104
0.67052
0.46706
0.28761
1.0841
0.089413
0.30751
0.76947
0.42065
1.536
0.085222
0.22747
0.069735
1.2281
0.25523
0.37314
0.16045
0.087682
0.22601
0.41162
0.11291
0.41072
0.23673
1.0147
0.095714
0.11784
0.12194
1.084
0.1518
0.29909
0.30218
0.39538
0.17422
0.1669
0.49129
0.57578
0.24718
0.19788
0.30825
0.1734
0.068377
0.12699
0.3335
0.51851
0.83513
0.22643
0.97538
0.13864
1.4515
0.92395
1.0369
1.0785
0.07956
0.098104
1.5705
0.97727
0.39038
0.48096
0.75881
0.75895
0.08962
0.15954
0.55749
0.33112
0.78817
0.12808
0.2868
0.18748
0.47156
0.098246
0.62779
0.3804
1.3719
0.93183
0.15419
0.078683
0.053408
1.4825
0.19064
0.10716
0.16013
0.29764
0.17875
0.65847
0.31866
0.083529
0.88393
0.68201
0.37015
0.38961
1.2858
0.081819
0.89289
0.10522
0.49393
0.26121
0.46758
1.0625
0.63202
0.26623
0.21449
0.87264
1.2692
0.58924
0.18619
0.20662
0.18065
0.19394
0.20401
0.43963
0.48682
0.34374
0.34132
0.10311
0.10082
0.63443
0.069151
0.47151
0.16993
0.21813
0.092036
0.1942
0.96329
0.92812
0.42808
0.093392
0.10399
1.5407
0.31377
0.18507
0.24988
0.1802
0.89565
1.1272
0.30143
0.35338
0.4315
1.1689
1.2319
0.80911
0.465
0.49915
0.32592
1.0434
0.11077
1.2045
0.11923
0.44621
0.54766
0.15354
0.096829
0.27273
0.10378
0.19451
0.14349
0.26246
0.11698
0.34839
1.0032
0.28379
0.070913
0.53899
0.089197
0.23431
0.25842
0.79876
0.07652
0.90871
0.10132
0.54475
0.11077
0.083885
1.184
0.15634
1.2572
0.1823
0.14904
0.13314
1.2528
0.21072
0.091273
0.59921
0.09721
0.076808
0.46563
0.10726
0.63089
0.49993
0.23948
0.13662
0.34464
0.3525
0.27478
0.25156
0.66272
0.29838
1.1224
0.2507
1.2723
0.45891
0.13815
1.0894
0.12675
0.081624
0.92107
0.11666
0.14905
0.16845
0.079561
0.65007
0.63798
1.1309
0.49784
0.47804
0.17245
0.099954
0.13565
0.088312
0.21856
0.091277
0.10774
0.80728
1.1544
0.27109
0.093361
0.38136
0.11657
0.086717
0.63468
0.22195
0.32066
0.08917
0.073065
0.19722
0.13309
0.4627
0.89989
0.055648
0.81444
0.12955
0.17705
0.16056
0.44613
0.25309
0.094743
0.13479
0.72833
1.1425
1.0207
0.11963
0.20403
0.29258
0.10105
1.0036
0.24724
0.37015
0.81238
0.56433
0.78791
0.075557
0.2256
0.10225
0.066505
0.15252
0.21292
0.23468
0.64912
0.29196
0.23093
0.26247
0.82676
1.0418
1.3135
0.13215
0.46596
0.089795
0.30802
0.15901
1.075
0.38217
0.30709
1.2245
0.2088
0.83115
0.13393
0.73319
0.78974
0.51544
1.1554
0.078071
0.59572
0.10524
0.26311
0.24823
1.1856
0.71672
0.097248
0.22468
1.3741
1.0373
0.11044
0.20128
1.273
1.1438
0.17114
0.19715
0.27518
1.1733
0.44361
0.20339
0.4712
0.11447
0.13637
0.13504
0.089819
0.13675
0.1818
0.35283
0.85992
1.61
0.1924
0.098149
0.21673
0.25062
0.25455
0.64584
0.095608
0.072214
0.20334
0.25784
0.18725
0.5604
0.35254
0.070732
0.081706
0.11392
0.94897
0.39359
0.61041
0.47801
0.52444
0.20784
0.35231
0.13927
0.095244
0.45133
0.12293
0.23266
0.10701
0.35551
0.10487
0.1163
0.42422
0.076698
0.14196
0.093729
1.2695
1.1336
0.27743
0.42381
0.070102
0.156
0.1079
0.20333
0.2222
0.083551
0.10409
0.22702
0.15816
0.074459
0.92265
0.71473
0.25693
0.30848
0.17946
0.50224
0.69193
0.47773
0.58112
0.17804
0.20379
0.1157
0.12306
0.34299
1.1741
0.16398
0.181
0.763
0.55383
0.1847
0.33129
0.081488
0.13062
0.22271
1.2936
0.41972
0.069533
0.13681
0.33798
0.36079
0.80165
1.0925
0.42169
0.10113
0.087568
0.094216
0.090342
0.58928
0.48269
0.28287
0.82753
0.11399
0.38738
0.090206
0.27582
0.3866
1.0723
0.16684
0.10325
0.28083
0.53339
0.38888
0.4936
0.32699
0.10688
0.24814
0.13113
0.93025
0.54407
0.33582
0.21846
0.13715
0.18989
1.1133
0.70004
0.13029
0.15037
0.24154
0.29915
0.3446
0.99428
0.30506
0.40353
1.2441
0.4004
0.19286
0.10714
0.2738
0.65005
0.12134
0.12391
0.40551
0.23086
0.059397
0.5599
0.11329
0.2409
1.1571
0.36952
0.15451
0.11711
0.63886
0.073876
0.29032
0.28735
0.24823
0.090605
0.071276
1.5305
1.3219
0.17435
0.12804
0.10602
1.0469
0.20945
0.41722
0.10859
0.073431
0.40526
0.73419
0.094482
0.3112
0.2476
0.085936
0.31657
0.11136
0.27567
0.15759
0.80719
0.43485
0.16448
0.97136
0.38391
0.35195
0.23478
0.16898
0.28496
0.25756
0.14353
0.14057
1.0906
0.086319
1.052
0.17853
0.275
0.10803
0.31788
0.11578
0.092254
0.19332
0.13322
0.32938
0.14064
0.83998
0.52146
0.11473
0.17857
0.45441
0.18197
0.53874
0.48069
0.65739
0.09225
0.18441
0.42465
1.2168
1.003
0.062113
1.0558
0.31422
0.082373
0.62857
0.37626
0.28262
0.27839
0.093408
0.33477
0.74398
1.1364
0.25668
0.17007
1.5541
0.11647
0.58821
1.0892
0.19691
1.0473
0.71396
0.080444
0.93378
1.1155
0.20347
0.1139
0.16151
0.083801
0.1047
0.078316
0.52057
0.1591
0.64518
1.1709
0.091281
0.22268
0.23625
0.18178
0.11607
0.28648
0.083832
0.95989
0.71527
0.19357
0.07229
0.07034
0.45366
0.38208
0.53228
0.16714
0.43915
0.37408
0.80554
0.19053
0.87699
0.15997
0.070467
0.11828
0.0724
0.27663
0.92063
0.98995
0.23913
0.38262
0.090402
0.24462
0.097258
0.1749
0.11732
0.61434
1.131
0.15284
0.17263
0.42537
0.1864
0.088219
0.19332
0.96113
1.1575
0.29471
0.88353
0.13479
0.35512
0.60165
0.1311
0.88773
0.15471
0.13057
0.23022
0.36968
0.12612
0.9828
1.1671
0.11949
0.35963
0.1749
0.2318
0.15486
0.2569
0.098295
0.79375
1.0989
0.80156
0.49123
1.0267
0.58245
0.44696
0.3252
0.33954
1.4129
0.65017
1.1253
0.95875
0.49761
0.10866
0.099189
0.15916
0.16126
0.81921
0.12092
0.21009
0.24642
0.095531
0.32809
0.40262
0.22991
0.15266
0.13285
0.22457
1.2276
0.21516
0.51131
0.1105
0.21692
0.62816
0.31354
1.1618
0.062418
0.15501
0.13452
0.91414
0.76719
0.42743
1.0562
0.15635
0.098516
0.21448
0.39844
0.292
0.34457
1.5538
0.35659
0.17782
0.98963
0.11805
0.66656
0.54747
1.2253
0.43509
0.3577
0.15859
0.10801
0.14769
0.10362
0.25059
1.0783
0.20363
0.26211
1.0936
0.37133
0.46578
0.54174
0.70094
0.13444
0.53636
0.22655
0.24619
0.22516
1.0627
0.13894
0.13365
0.25235
0.36168
0.8194
0.47378
0.84225
1.2274
0.19069
0.22859
0.45503
0.27375
0.24613
1.1512
0.096225
1.2676
0.14213
0.10035
0.81302
0.11184
0.084833
0.17889
0.33126
0.1732
0.11803
0.94388
1.2329
0.1335
0.48073
0.18809
0.20372
0.23875
0.3691
1.2543
0.20734
0.47199
0.10726
0.23969
0.66122
0.98947
0.15798
0.82078
0.53593
0.12315
0.40751
0.15145
0.15867
0.24534
1.0576
1.2334
0.10631
0.13416
0.15658
1.0103
0.10239
0.24193
1.0567
0.25847
0.18696
1.2091
0.27415
0.085141
1.2959
0.54331
0.21856
0.50862
0.10048
0.32673
0.26081
0.48283
0.547
0.94018
0.51343
0.16221
0.22128
0.45431
1.04
0.22216
0.091144
0.55603
0.72681
0.21294
0.23365
0.10735
0.1242
0.16379
0.20824
0.26776
0.34426
0.76568
0.92371
0.18506
0.59053
0.92083
0.23638
0.18528
0.3618
0.37393
0.64791
0.21887
0.14949
0.40501
0.076646
0.90549
0.9054
0.19135
0.57261
0.1096
1.1932
0.244
0.9736
0.55854
0.18491
0.067017
0.57546
0.37727
1.5175
0.095034
0.069129
0.31211
0.22945
0.98255
0.22449
0.17001
0.1733
1.0216
1.1594
0.31521
0.79654
0.49932
0.1292
0.53289
0.12105
0.23491
1.042
0.37374
0.23809
1.1607
0.15777
0.26817
0.63167
0.17378
0.55188
0.14539
0.099344
0.73429
0.27369
1.2431
0.097128
0.31481
0.28094
0.16228
0.43938
0.10992
0.44013
0.61145
0.15846
0.16939
0.88295
0.26146
0.55066
0.080255
0.11124
1.3795
0.09394
0.5174
0.74261
1.119
0.1993
0.88915
0.40841
0.12187
0.064255
0.72992
0.34809
0.51069
0.11117
0.87099
0.2065
0.66578
0.18516
0.09418
0.40256
0.20435
0.87944
0.13074
0.35108
0.14662
1.4186
0.21025
0.19575
0.171
0.26579
0.76626
0.15259
0.35109
0.14101
0.33965
0.084242
0.15753
1.1343
0.25628
0.17168
0.11863
0.86739
0.28319
0.25223
0.10692
0.15845
0.20738
0.15175
0.15249
1.168
0.21609
0.4704
0.10443
0.20613
0.18366
0.34819
0.154
0.97494
0.79249
1.0982
0.19543
0.13772
0.10955
0.27799
1.0321
0.34895
0.076379
1.175
0.18474
0.1199
1.1861
0.1898
0.24896
0.081161
0.2077
0.33387
0.083023
1.0408
1.2314
1.4812
0.71969
0.32104
0.19037
0.79628
0.46466
0.1183
0.16957
0.10177
0.201
0.28317
0.95112
0.06997
0.10525
0.15166
0.27983
0.22194
0.18642
1.1616
0.38444
0.7966
0.56767
0.25602
0.29316
0.12662
0.57934
0.44637
0.097142
0.74931
0.31091
0.10465
0.49269
1.3012
0.11495
1.0391
0.41839
0.2174
0.10018
0.32257
0.34325
0.83346
0.39729
0.97671
0.15513
1.0136
0.30927
0.25247
0.83484
0.55309
0.59973
0.42431
0.38058
0.3106
0.62613
0.092541
0.42324
0.95036
0.082595
0.44617
0.81742
0.76356
0.35388
0.10613
0.49759
0.28012
0.70523
0.19368
0.13135
1.4019
1.0028
0.15293
0.27383
0.12559
0.10481
0.15054
0.20875
0.26615
0.41741
0.087647
0.1079
0.24456
0.29075
0.19406
0.30981
0.12751
0.1841
0.17572
0.10345
0.41309
0.18226
0.10272
0.92293
0.45989
0.53738
0.99864
0.15556
0.10458
0.1431
0.70261
0.4106
0.20705
0.10259
0.95434
0.10355
0.21174
0.14659
0.14939
0.098989
1.2906
0.31244
0.8235
0.11264
0.084633
0.10404
0.12848
0.12242
0.097624
0.17246
0.084234
0.58224
0.70539
0.087195
0.21126
0.10314
0.33298
0.29356
1.2155
0.6853
0.48384
0.098187
0.94569
0.52794
0.1235
0.26527
1.1038
0.17878
0.52136
0.20128
0.1179
0.89971
0.13064
0.91785
0.12323
0.15679
0.21542
0.36974
0.34534
0.88967
0.47406
0.11893
0.093285
0.12523
0.09261
0.59501
0.35739
1.0184
0.58236
0.15324
1.284
0.42741
0.4847
0.79308
0.57795
0.27008
0.42062
0.63064
0.35341
0.60946
0.14074
0.18675
0.10163
1.1614
0.072418
0.31356
0.84344
0.42445
0.52987
0.35615
1.7012
0.67085
0.097507
0.56368
0.75235
0.15012
1.2685
0.43162
0.16066
0.73794
0.68753
0.7943
0.26017
0.35568
0.18106
0.10583
0.076675
0.10127
0.69369
0.1005
0.27812
0.16935
0.16656
0.34144
0.097766
0.19741
0.15139
0.85077
0.59174
0.10925
0.19441
0.43852
0.16087
0.12308
0.12868
0.16476
0.24009
0.33217
0.16506
0.23961
0.43719
0.16342
1.2107
0.42875
0.15744
0.12205
0.25145
0.11168
0.84423
1.1009
0.097929
0.22665
0.48591
0.79734
0.45897
1.1379
0.13839
1.0385
0.79348
0.17311
0.71383
0.44634
1.2511
0.29495
0.97669
0.13713
0.13299
0.53831
0.33809
0.29505
0.15848
1.3166
0.23242
0.48435
0.25906
0.34756
0.77335
0.3467
1.0388
0.26937
0.70472
0.13387
1.2833
0.084054
0.12357
0.56647
0.79718
0.132
1.1439
0.31378
0.24167
0.13686
0.19198
0.077931
0.06426
0.17125
0.094009
0.10281
0.1579
0.10509
0.13788
0.18363
0.37027
0.2107
0.19481
0.79259
0.33438
0.12136
1.2881
0.22768
0.47679
0.37197
0.0939
0.8822
0.13925
0.17483
0.2938
0.15458
0.25289
0.13124
0.084918
0.14793
0.27197
0.18584
0.11764
0.18016
0.10091
0.13364
0.30668
0.19455
0.141
0.1012
0.086851
0.24365
1.531
0.8565
0.1983
0.14531
0.67814
0.84277
0.081853
0.48998
1.6075
0.19881
0.17585
0.90889
0.15983
0.086263
0.1091
0.19284
1.1172
0.11151
0.092536
0.31591
0.20346
0.57697
0.61054
0.13539
0.087986
0.14901
0.091797
0.47111
0.091743
0.57606
0.24528
0.79913
0.83045
0.54377
0.24486
0.238
0.24304
0.29635
0.20129
0.23431
0.32335
0.21784
1.1822
0.99687
0.65885
0.89899
0.091036
0.19639
0.074483
1.0785
0.093871
0.1388
0.27034
1.2411
0.43509
0.89594
0.17031
0.16685
0.53649
0.17681
0.095752
0.42943
0.24148
1.1782
0.68491
0.073668
0.18165
0.16182
0.36221
0.25002
0.10494
0.15415
0.36311
0.85701
1.2304
0.67526
0.32086
0.0856
0.15854
0.30185
0.72769
1.1649
0.43499
0.26589
0.55601
0.26801
1.1277
0.17225
0.77109
0.21256
0.25309
0.98112
0.20378
0.49468
0.76202
0.15506
0.081985
0.86477
0.16823
0.086126
0.26428
0.17624
0.75499
0.66229
0.10587
0.081117
1.1127
0.81858
0.5223
0.11957
0.10087
0.29338
0.29807
1.3165
0.082191
0.20912
0.13858
0.16912
0.076259
0.34537
0.087832
0.57724
0.43427
0.44548
0.10655
0.071469
0.30452
0.073868
1.1584
0.31098
0.1641
1.1517
1.1067
0.1461
0.13438
0.10049
0.15704
0.46836
0.28511
0.31011
0.51632
1.177
0.21892
0.49624
0.46365
0.28285
0.10933
0.24012
0.29513
0.10843
0.34476
0.081468
0.10361
0.12635
0.11709
0.29444
0.12994
0.92506
0.11326
0.58286
0.077242
0.30229
1.1462
0.12253
0.32747
0.24559
0.1958
0.96419
0.062178
0.59827
0.32767
1.0833
0.12972
0.15681
1.1237
0.64374
0.19981
0.20693
0.11172
1.2305
0.83776
0.31691
0.537
0.12187
0.2418
1.0409
0.24187
0.14306
0.95797
0.58208
0.092524
0.28238
0.20904
0.12966
0.11264
0.20318
0.23321
0.36149
0.7421
0.90287
0.12844
0.15508
0.10853
0.13191
1.0356
0.094534
0.19297
0.07395
0.26149
1.1007
0.22018
0.42286
0.066831
0.72149
0.65165
0.88514
0.089304
0.11404
1.3909
0.97354
0.95084
0.31712
0.46626
0.098829
1.4855
0.31734
0.57278
0.21926
0.37598
1.118
1.1719
1.1146
0.12755
0.18199
0.97891
0.12853
0.10332
0.29704
0.24383
1.2464
0.094065
0.27704
0.48987
0.47814
0.91801
0.27106
0.10781
0.19708
0.2099
0.27645
0.10376
1.1572
0.36413
0.18214
1.1874
0.20879
0.42007
0.13464
0.14847
0.35215
0.06642
0.29392
0.77126
0.22528
0.60392
0.89572
1.4721
0.18198
0.14859
0.11795
1.2483
0.15955
0.76062
0.12605
0.10438
0.86615
0.37956
0.22383
0.17513
0.10716
0.1963
1.1299
0.57778
0.10033
0.36722
0.097312
0.16056
0.17547
0.62797
0.84046
0.10254
0.97087
0.815
0.106
0.12155
0.10598
0.59486
0.21588
0.15881
0.18459
0.23049
0.32377
0.14301
1.2166
0.18416
0.15154
0.1793
0.17151
0.077457
0.59041
0.46745
0.23702
0.8557
0.18888
0.17183
0.26522
1.1818
0.1347
0.83497
0.10472
0.3133
0.39706
0.073851
0.16087
0.49968
1.1836
0.24766
0.075925
1.2336
0.22537
1.0694
1.376
0.59317
0.18605
0.58437
0.2077
0.54384
0.086046
0.11614
0.067989
0.59533
0.37333
0.11493
0.10729
0.28241
0.45597
0.20367
0.10255
0.24132
0.28278
0.34301
0.7038
0.13336
0.21855
1.1609
0.089162
0.15411
0.40525
0.996
0.41522
0.48264
0.61098
0.12114
0.61132
0.96853
0.92203
0.44116
1.0583
0.26716
0.26163
1.2022
0.57953
0.51166
0.66906
0.15608
0.1495
0.76916
0.080497
0.1183
0.12445
0.19965
0.10714
0.18847
0.12822
0.11191
0.91612
0.52708
1.6319
0.13676
0.13027
0.32116
0.28661
1.143
0.26532
0.54665
0.12011
0.53914
0.39447
0.085068
0.48495
0.15895
0.10128
0.058693
1.0619
1.1144
0.24351
1.0506
0.90162
1.0711
0.2141
0.20891
0.22526
0.99787
0.55988
0.28964
0.10465
0.13132
0.99481
0.10502
0.21201
0.25125
0.30175
0.1494
0.76503
0.33046
0.21695
0.56842
0.61866
0.29325
0.19623
0.31469
0.31053
0.51039
0.28586
0.18793
0.11126
0.12025
0.3731
0.92832
0.3162
0.82507
0.88657
1.1387
0.10823
0.50812
0.60756
0.63245
0.058047
0.118
0.12715
0.44418
0.43283
1.0793
1.1891
0.11961
0.49469
0.073859
0.3401
0.23527
0.28317
0.78184
0.099189
0.53651
0.18407
0.81788
0.60199
1.0788
0.20764
0.47524
0.10063
0.083891
0.26894
1.0688
0.11253
0.12695
0.83357
0.21886
0.54338
0.74432
0.11923
0.092713
0.063889
0.20087
0.24167
0.094188
0.22727
0.16719
0.092992
1.0531
0.50933
0.14239
0.13608
0.43631
1.3223
0.5389
0.14577
0.20315
0.72121
0.083701
0.22299
0.23034
0.42373
0.46483
0.084785
0.36055
0.67611
0.089142
0.27754
0.11133
0.14872
0.51686
0.2912
0.23554
0.6503
0.11984
0.8343
0.24572
0.961
0.34814
0.13793
0.25986
0.67288
0.85553
0.099674
0.26607
0.72249
0.50791
1.2833
0.7665
0.13915
0.75451
0.51923
0.34844
0.27414
0.36548
0.40749
0.075616
0.51681
0.50483
0.23801
0.14169
0.29623
0.50869
0.75621
0.16723
0.095861
0.2843
0.49203
0.30149
0.33087
0.96246
0.48056
0.1606
0.18706
0.36724
0.65709
0.10244
0.077793
0.14514
0.39105
0.17287
0.17515
0.18867
0.1001
0.17182
0.13432
0.62639
0.37066
0.12828
0.45879
1.0938
0.15046
1.2575
0.11152
0.58753
0.12447
0.10676
0.10507
0.96076
0.44775
0.90098
0.3706
0.15489
0.16871
0.10916
1.2651
0.18346
0.13143
0.77265
0.095252
0.15713
0.18347
0.086602
0.29475
0.12443
0.090436
0.44426
0.38572
0.39934
0.16389
1.3053
0.65948
1.156
0.36062
0.074421
0.62331
0.2105
0.15003
0.21855
0.09493
0.34157
0.35589
0.14666
0.54264
0.094936
0.11269
0.2737
1.2039
0.08797
0.42595
0.23582
0.18376
0.70331
0.36756
0.10057
0.23788
0.10549
0.32062
0.071856
0.55619
0.17796
0.67591
0.35564
0.079482
0.20516
0.60956
0.34086
0.10142
0.14522
0.1503
0.099403
0.52721
0.84047
0.1039
0.58703
0.23927
1.0716
0.96354
0.56733
0.68959
0.72616
0.63046
0.23638
1.2122
1.2421
0.15089
0.71972
0.23953
0.69624
0.15141
0.78026
0.37603
1.0382
0.64719
0.29845
0.22903
0.4007
0.66624
0.14826
0.93086
0.2469
0.27267
0.21665
0.62974
0.8087
0.90486
0.18823
0.27023
0.94271
0.47896
1.1188
0.11609
0.27417
0.29562
0.76618
0.12677
0.36726
0.1185
1.1451
0.1791
0.085379
0.67489
0.26628
0.080975
0.30808
0.25157
0.92925
0.39794
0.67156
0.16926
0.10164
0.10763
0.30652
0.34138
0.29668
0.10355
0.26433
0.30468
0.11055
0.27819
0.19531
0.27781
0.26988
1.6857
0.46124
0.098059
1.149
0.33279
0.20671
0.68299
0.59819
0.52218
0.086759
0.15166
0.91981
0.068613
0.1668
0.089348
0.91179
1.3003
0.59426
1.2053
0.15861
0.30449
0.24578
0.087832
0.12356
0.26142
0.87658
0.84142
0.26534
0.15498
1.2497
0.70941
0.18823
0.22522
0.10497
0.23844
0.81588
0.42581
0.20137
0.41532
1.1264
0.13769
1.063
1.0275
0.91204
0.79037
0.32941
0.20315
1.0035
0.77678
0.85304
0.24513
0.26856
0.35935
0.12285
0.66404
0.43711
0.15048
0.25939
1.1292
0.23761
0.50965
0.42003
0.15341
0.31057
0.11356
0.13786
0.73998
0.081369
0.11829
0.51288
0.13819
0.12778
0.26011
0.23137
0.56927
0.13063
1.0479
0.31285
0.36519
0.27892
0.22334
0.098672
1.0259
0.26504
0.623
0.11167
0.351
0.46384
1.576
0.39127
0.16653
0.6093
0.23814
0.78196
0.11628
0.89981
0.24226
0.15468
0.71794
0.12334
0.17313
1.1142
0.21637
1.0531
0.1749
0.26112
0.13698
0.0873
0.80988
0.12566
0.34412
0.17151
0.81845
1.2313
0.24373
1.1864
0.90716
0.11425
0.94969
0.3657
0.32937
0.14854
0.13182
0.33689
0.34792
0.092617
0.41689
0.71836
0.76207
0.21559
0.13885
0.62145
1.0497
0.42839
0.80841
0.49047
0.78743
0.64217
1.1024
0.081939
0.6703
0.97492
0.91767
1.0264
0.53514
1.0719
0.090619
0.1091
0.079954
0.14177
0.17961
0.86734
0.16973
0.67594
1.2241
1.3498
0.91724
0.10981
0.92311
0.24325
1.1945
0.5605
0.32844
0.099865
0.35726
0.19423
0.078087
0.15465
0.10873
0.074682
0.073588
0.26973
0.35687
0.12082
0.37379
0.1585
0.32932
1.0983
0.22267
0.47652
0.20356
0.17247
0.15064
0.2452
0.18218
0.98369
0.070833
0.11231
0.73728
0.45554
0.39599
0.10779
0.23344
0.4124
0.37638
0.40694
0.12725
0.99222
0.4159
0.31877
0.48376
0.59438
0.26879
0.3748
0.10683
0.1699
0.56787
0.20966
0.53573
0.85171
0.21534
0.64499
0.063832
0.38842
0.47817
0.31894
0.35058
0.11983
0.11361
0.098945
0.31921
0.084485
0.089483
0.44677
0.51368
0.22332
0.96131
0.40141
0.15154
0.89894
0.077386
0.1183
0.20411
0.12683
0.18429
1.088
0.091905
0.13367
0.1602
0.070777
0.47554
1.6557
0.18872
0.38204
0.11601
0.093932
0.27825
0.10268
0.41308
0.69586
0.56632
0.80559
1.1296
0.061191
0.24914
0.18452
0.81304
0.19637
0.69761
0.13658
0.61825
0.2215
0.70145
0.28701
0.635
0.16452
0.34526
0.14483
0.20498
1.2232
0.10476
0.18347
0.52118
0.754
0.09047
0.17282
0.3589
0.10909
0.086195
0.88183
0.14766
0.29332
0.57373
0.081197
0.97034
0.54548
0.54152
0.14386
0.4605
0.7671
0.42424
0.12861
0.07264
0.097301
0.19244
0.25814
0.20912
0.089667
1.0527
0.50064
1.1778
0.052956
0.31511
0.18724
0.13981
0.16437
1.2388
0.21206
0.1449
0.40006
0.24169
0.10109
0.20341
0.074524
0.58949
0.9479
0.12503
0.11461
0.53463
0.29605
0.075773
0.32452
0.18152
0.092738
0.40114
0.92534
0.33326
0.086815
1.1084
0.16777
0.17341
0.11101
0.13744
0.1544
0.18769
0.085632
0.12334
0.1747
0.52175
0.11385
0.54428
0.068785
0.17033
0.083295
0.88388
0.56269
1.1013
0.79065
1.0174
0.50878
0.95737
0.17337
0.1071
0.11839
0.40857
0.15514
1.1745
0.094309
0.091792
1.1783
0.083341
0.46854
0.14571
0.095708
1.0184
0.16346
0.53388
0.44014
0.91429
0.11902
1.009
1.2907
1.1806
0.12928
0.26682
0.12317
0.096999
0.23476
0.11101
0.17127
0.082494
0.49485
0.093478
0.4782
0.31448
0.14422
0.62938
1.45
1.2018
0.12825
0.22014
0.12927
0.32009
0.078364
1.137
0.35114
0.33712
0.18325
0.18508
0.077149
0.74692
1.4256
0.57834
0.25929
0.90274
0.12884
0.72242
0.16959
0.20927
0.54837
0.66596
1.0655
0.72214
0.19603
0.14604
0.50067
0.12386
0.11308
0.17372
0.37933
0.89336
0.48923
0.77606
0.22075
0.32911
0.52813
0.19063
0.13683
1.0207
0.81759
0.37482
0.48318
0.41119
0.09246
1.0565
0.15802
0.33052
0.1583
0.12607
0.47265
0.41626
0.92936
0.19333
0.13496
0.98685
0.20741
0.067988
0.1131
0.64745
0.13061
0.86804
0.53583
1.0996
0.71242
0.98848
0.82003
0.65521
0.066721
0.69197
0.16704
0.095394
1.0415
0.074623
0.10321
0.17146
0.09845
1.1304
0.3301
0.090802
0.31596
0.36373
0.23117
0.85485
0.13072
1.115
0.83358
0.44593
0.27422
0.13329
0.14946
1.0321
1.0629
0.13862
1.1037
0.33858
0.090052
0.15346
0.1388
0.72244
1.1486
0.40976
0.10231
0.10563
0.089317
0.19839
0.6795
0.33386
0.12422
0.099868
1.0579
0.17457
0.32018
1.1768
1.0086
1.099
0.87497
0.17893
0.29343
1.3216
0.088636
0.21514
0.17662
1.0139
0.47288
0.3424
0.44099
0.99183
0.079359
0.097648
1.5033
0.079546
0.1809
0.96392
0.54025
0.61923
1.0969
0.19628
1.1975
0.079764
0.34636
1.2247
1.1552
0.55841
1.0227
0.32181
0.061605
0.16626
0.2747
0.1277
0.56519
0.14324
0.21522
0.17821
0.07441
1.1043
0.1025
0.16066
0.26541
0.23482
0.14774
0.14328
0.094634
0.31342
0.31926
0.26367
1.0507
0.20982
0.3111
0.17719
0.093706
1.0135
0.74793
0.22536
0.43311
0.16198
0.22757
0.23666
0.241
0.21154
0.57252
0.34913
0.0686
0.27476
0.41279
1.31
0.30026
0.1143
0.85244
0.099108
1.0204
0.17989
1.603
0.087124
0.12819
1.3373
0.99186
0.33545
0.17484
0.66312
0.23379
0.29938
0.17568
0.10862
0.70877
0.13672
0.13979
0.5112
0.14843
0.19791
0.16078
0.59045
0.10575
0.23113
0.36588
0.24255
0.22138
0.16409
0.68888
0.10316
0.95559
0.32074
0.22431
0.11813
0.60487
0.14752
0.096524
0.083724
0.3319
0.71656
0.4756
0.27685
0.17069
0.2949
0.13017
0.24097
0.99167
0.79176
0.44929
0.50501
0.13018
0.66999
0.56187
0.31375
0.15318
0.067426
0.12136
1.0408
0.32604
0.56526
0.099875
0.4669
0.13352
0.74431
0.23192
0.4172
0.14416
1.2105
0.11776
0.65315
0.11525
0.30974
0.38259
0.48836
0.17779
1.2513
0.084693
1.2345
0.087496
0.34737
0.092771
0.48884
0.8193
0.1302
0.20261
0.2802
0.3979
0.11723
0.31623
0.59062
0.15581
0.46578
1.304
0.82247
0.16865
0.27792
0.51343
0.078413
0.078017
0.26517
0.33638
0.43298
0.81573
0.24955
0.64661
0.24252
0.65535
0.72415
1.0382
0.25061
0.54815
0.15114
0.085657
1.3954
0.10966
0.16673
0.071428
0.60965
0.095035
0.64367
0.083506
1.119
0.24132
0.38298
0.11983
0.14165
0.22785
0.10215
0.5344
1.086
0.35524
0.1603
0.13532
0.34238
0.75816
1.0548
0.7237
0.35361
0.063154
0.11855
0.50157
0.23301
0.73432
0.10295
0.27093
0.44712
0.85349
0.94706
0.69046
0.15372
0.58386
0.11743
1.0999
0.20219
0.32567
0.37705
0.18811
0.093024
0.17029
0.8599
0.18837
0.069156
0.46027
0.67047
0.5044
0.75988
0.20101
0.31546
0.094907
0.069735
0.71437
0.2702
1.2805
0.23566
0.15033
0.074616
0.29192
1.0465
0.12522
0.12064
0.30055
0.079483
0.081334
0.72227
1.084
0.1518
0.33899
0.3213
0.45512
0.24839
0.53829
0.20835
0.68857
0.12031
0.19756
0.8414
0.52364
0.096811
0.24782
0.12669
0.14881
0.83513
0.22643
0.15955
0.13864
0.43034
0.26031
1.0896
0.11105
0.36234
1.0685
0.85212
0.43504
0.20574
0.15695
0.40075
1.1995
0.34018
0.87972
0.13377
0.28801
0.78817
0.3317
0.2868
0.18748
0.375
0.11687
0.21927
0.22577
0.095329
0.11326
0.096179
0.15398
0.31228
0.14178
0.19064
0.10716
0.16013
0.1296
0.13407
0.12391
0.15018
0.27286
0.11803
0.1324
0.15843
0.2031
0.87531
0.22753
0.15208
0.26233
0.49393
0.60491
0.083735
0.19542
0.52676
1.1494
0.57444
0.69207
0.45132
0.18029
0.3996
0.19362
0.36624
0.29106
1.254
0.43963
0.73984
1.0221
0.67557
1.0921
0.62617
0.40476
0.50763
0.47151
0.22214
0.82852
0.25653
0.13243
0.62818
0.44456
0.093504
0.30216
0.60642
0.32832
0.83835
0.16398
0.20253
0.1229
0.31795
1.1378
0.1975
0.082348
1.5149
1.1689
1.2319
0.33203
0.465
0.51862
0.22436
0.39516
0.95415
0.17538
0.21009
0.64268
0.10681
0.15354
0.42914
0.071816
0.42994
1.4261
0.5921
0.20926
0.98756
0.35418
1.0032
0.22901
0.15522
0.86273
0.089197
0.076637
0.31836
0.074148
0.11464
0.083503
0.3141
0.94196
0.067072
0.14714
0.059156
0.26597
0.18284
0.28173
0.62545
0.24266
0.50658
0.21072
0.1443
0.91986
0.78569
0.16765
0.088055
0.64762
0.75899
0.39747
0.093131
0.24569
0.79433
0.2032
0.067236
0.60542
0.97628
0.15907
1.1224
0.39855
0.10907
0.33565
0.13864
0.32334
0.099255
0.076202
0.49984
0.21326
0.38058
0.1449
0.40073
0.12921
0.2245
0.43651
0.096637
0.13888
0.5898
0.19297
0.23252
0.52599
0.36048
0.16849
0.11197
0.12605
0.72243
0.30824
0.25535
0.20675
0.1469
0.35641
0.44281
0.22195
1.1108
0.08917
0.7175
0.20394
0.082695
0.80577
0.18878
0.17203
0.81444
0.30721
1.0904
0.80415
0.36612
0.60766
0.16364
0.35332
0.080638
1.1425
0.10052
0.19868
0.16481
0.18661
0.51384
1.0036
0.47497
0.22092
1.2764
0.91595
0.34627
0.73302
0.2256
0.12777
0.34111
0.07179
0.24973
0.9615
1.1689
0.26197
0.13448
0.84383
0.66408
0.12713
0.12743
0.24788
1.2836
0.20882
0.30802
0.15901
0.20231
1.0655
0.15594
0.76195
0.16196
1.1183
0.26325
1.0004
0.2128
0.094751
0.35149
0.59339
0.13319
0.18816
0.075795
0.13373
1.6
0.35518
0.1266
0.14129
0.24046
0.45175
0.11044
0.20128
1.0852
0.092844
0.29022
0.12099
0.14463
0.084748
0.078107
0.20339
0.4108
0.23506
0.58579
0.1833
0.9687
0.36177
0.11393
0.35283
0.29445
1.2142
0.1924
0.29784
0.12348
0.070388
0.087306
0.64584
0.087892
0.84886
0.080426
0.76629
0.1266
0.13583
0.078803
0.10579
0.51368
0.26755
0.23874
0.15808
0.4023
1.0392
0.13799
0.10046
0.38254
0.1142
0.82094
0.29939
0.1019
0.21948
0.16987
0.30361
0.47202
0.40709
0.18515
0.14244
0.241
0.091512
1.0583
1.1336
0.17921
0.084428
0.13655
1.5422
0.32789
0.16483
0.36841
0.1273
0.11728
0.22702
0.26686
0.66597
0.17017
0.23772
0.37037
1.1477
0.096795
0.50224
0.17723
0.11665
0.57805
0.47401
0.49685
0.82794
0.29019
0.34299
1.1741
0.38663
0.71205
0.17492
0.17785
0.12269
0.16501
0.35399
0.54878
0.16791
1.2936
0.074518
0.077101
0.18695
0.64947
0.14503
0.2095
0.18021
0.091096
0.46432
0.087568
0.07789
0.083699
0.56209
0.54571
0.28287
0.45127
0.16188
0.38147
0.090206
1.4728
0.17106
0.95046
0.071536
0.14197
0.90886
0.065601
0.18704
0.073243
0.90293
0.31181
0.4198
0.37878
0.17462
0.13889
1.1828
0.13596
0.087928
0.076852
0.27255
0.078233
0.3774
0.15694
0.12959
0.095554
0.7631
0.11472
0.21189
0.39583
0.21623
0.1218
0.19286
0.42143
0.2738
0.16206
0.5352
0.10748
0.22569
1.4595
0.17328
0.5599
0.27681
0.85102
0.21703
0.09813
0.21371
0.15284
0.26785
0.52418
0.29285
0.28735
0.24823
1.4054
0.10014
0.73604
0.42345
0.21949
0.19843
0.10602
0.82251
0.55277
0.41722
0.11563
0.21521
0.16483
0.12782
0.17561
0.92179
0.46468
0.17264
1.23
0.30155
0.5998
0.15759
0.32513
0.73151
0.5569
0.361
0.29337
0.085541
0.099955
0.12592
0.65738
0.45431
0.17693
0.71205
0.3397
0.25659
0.13423
0.3139
0.24925
0.10803
0.65992
0.52716
0.15384
0.30661
0.09503
1.3838
1.6025
0.5904
0.57128
0.12209
0.17857
0.70822
0.21134
0.18574
0.21055
0.51357
1.4591
1.1986
0.38691
1.2168
0.065613
0.10211
1.1656
0.14537
0.47426
0.42157
0.56506
0.43776
0.11225
0.36661
0.29118
0.30418
1.1364
0.6287
0.13026
0.14781
0.94543
0.080689
0.69224
0.22608
1.0473
1.1111
0.33275
0.094555
0.087426
0.10823
0.06539
0.19845
0.35816
0.1047
0.091697
0.52057
0.1591
0.095951
1.1709
0.32377
0.12117
0.22179
0.21272
0.49429
0.082423
0.58082
0.28428
0.40916
1.0452
0.30571
0.21424
0.17263
1.0939
0.087033
0.066819
0.3442
0.62543
0.49672
0.7687
0.2462
0.34991
0.48233
0.14219
0.2579
0.34231
0.14709
0.14143
0.23913
0.33647
0.11383
0.21088
0.60724
0.50554
0.78704
0.15885
0.83319
0.15284
0.75469
0.31438
0.44929
0.079622
0.839
0.52982
0.18374
0.087452
0.3746
0.27294
0.37833
0.15523
0.56695
0.1448
0.15471
0.95868
0.28383
0.30298
0.57957
0.54283
1.1671
0.40717
0.35232
0.99851
0.18986
0.15486
0.39165
0.098295
0.20045
0.28286
0.15591
0.20544
0.098426
0.58245
0.44696
0.14397
0.10142
0.15083
0.1207
1.1253
0.21763
0.15282
1.1231
0.31427
0.15916
0.45981
0.40387
0.16731
0.14082
0.084147
0.1845
0.37765
0.37889
0.29379
0.15266
1.0904
0.22457
0.4333
0.68155
0.29419
0.36324
0.096494
0.62816
0.10668
1.0565
0.12824
0.37496
0.36644
0.40358
0.10733
0.46255
0.69078
0.45555
0.098516
1.0168
0.26771
0.12505
0.34457
0.17604
0.17243
0.23831
0.13643
0.12215
0.27802
0.14085
1.2253
0.87359
0.10928
0.15859
0.10801
0.14769
0.22701
0.25059
0.4663
0.73997
0.3425
1.0936
0.77001
1.103
0.08076
0.15946
0.93891
0.12381
0.5866
0.085556
0.18977
0.27675
0.28833
0.14628
0.24488
0.08439
0.48233
0.77695
0.37215
0.14978
0.18847
0.22859
0.45503
0.98008
0.2589
0.21339
0.079895
1.1265
0.14213
0.39891
0.82787
0.11184
0.1798
1.0309
0.33126
1.1403
0.19788
0.19396
0.60043
1.5141
0.48073
0.18809
0.79494
1.3343
0.73809
1.2543
0.077864
0.93737
0.11418
0.1017
0.18934
0.95957
0.17407
0.82078
0.33591
0.44109
0.40751
1.0276
0.54812
0.63029
0.65973
1.0751
0.14329
0.16248
0.33044
0.07579
0.8401
0.24193
0.15668
0.11116
0.18696
0.35462
0.27415
0.094172
0.25207
0.31444
1.1991
0.15624
0.38406
0.083444
0.19901
1.0083
0.3223
0.097079
0.51343
0.33797
0.21372
0.20652
1.128
0.22216
0.43801
1.1645
1.4784
0.36184
0.13826
0.99537
0.50856
0.28736
0.068892
0.57356
0.27721
0.88314
0.92371
0.1232
0.23525
0.42176
0.45471
0.085878
0.1772
0.80351
0.32041
0.49509
1.231
0.19452
0.076646
0.17536
0.9054
0.093792
0.57261
0.91116
0.87542
0.2213
0.9736
0.55854
0.37524
0.15152
0.57546
0.51829
0.12857
1.2135
0.069129
0.4011
0.5452
0.18022
0.13978
0.4086
0.085279
0.26354
1.0306
1.2007
0.79654
0.98009
0.17291
0.16165
0.74962
0.23491
0.085453
0.2627
0.13248
0.12571
0.56927
0.68408
0.13983
0.18709
0.21766
0.76563
1.3595
0.21487
0.52364
0.15278
0.13367
0.18025
0.56691
0.36931
0.10891
0.2661
0.086908
0.087656
0.63151
1.1598
0.66875
0.52928
0.42758
0.31996
0.16363
0.37728
0.097405
1.1033
0.43719
0.50824
0.52569
0.22689
0.26958
0.12187
0.10303
0.11718
0.22649
1.0156
0.41854
1.2224
0.42526
1.1108
0.089266
0.25154
0.12519
1.186
0.20255
0.60778
0.26338
1.2438
0.24807
0.49847
0.16714
0.44033
0.54168
0.24449
0.85326
0.38175
0.15323
0.16336
0.36013
0.22866
0.24377
0.1247
0.19926
0.25362
0.53651
0.84776
0.10535
1.1616
0.13352
0.22251
0.89027
0.35472
0.63602
0.12018
0.058748
0.10443
0.99781
0.57971
1.0128
0.154
0.12019
0.46458
0.60776
0.10523
0.77036
0.44429
0.10859
0.35525
1.1456
0.28463
0.14798
0.92908
0.19936
0.38403
0.13627
1.1527
1.1985
0.99531
0.74043
0.11817
0.097488
1.2314
0.10948
0.24823
0.1241
0.11065
0.13293
0.22564
0.098097
1.1925
0.11117
0.074192
0.10578
0.079519
0.16208
1.3489
0.15165
0.37962
0.25211
0.21904
0.22347
0.38444
0.7966
0.23648
0.29465
0.20866
0.082153
0.12058
0.13587
0.072834
0.14431
0.10659
0.10465
0.070615
0.08205
0.17518
0.12918
0.24761
0.38956
0.67941
0.9316
0.11616
0.83346
0.39729
0.97671
0.21227
0.18789
0.38164
0.71114
0.28082
0.78112
1.2429
0.07476
0.35029
0.26659
0.62613
0.10445
0.42324
0.8452
0.092601
0.098712
0.48419
1.1393
0.31699
0.07957
0.6807
1.0832
0.70523
0.56438
0.14636
1.0917
0.091073
0.38566
0.18477
0.41748
0.10481
0.14118
0.26937
0.26615
0.42098
0.55931
0.072434
0.25682
0.78987
0.36996
0.42645
0.2501
0.1879
0.29244
0.10345
0.42379
0.077782
0.9895
0.19202
0.55833
0.53738
0.31754
0.15721
0.10874
0.14668
0.076096
0.1091
0.155
0.10259
0.18096
0.13389
0.1439
0.96829
0.14939
0.084787
1.2906
1.2058
0.74784
0.065118
0.11522
1.423
0.28684
0.24508
0.17121
0.88728
0.4832
0.16663
0.63217
0.14382
0.53706
0.53573
0.31316
0.078086
0.19646
0.54222
0.48384
0.60487
0.13311
0.079519
0.10074
0.49062
0.14449
0.17878
0.40884
0.16259
0.46343
0.14754
1.3389
0.91785
1.0152
0.20074
0.17264
0.70156
0.11682
0.13275
0.60284
0.11893
0.13624
0.36887
0.3334
0.10282
0.093226
1.0161
0.58236
0.15324
0.20476
0.27182
0.12502
0.70795
0.068443
0.36566
0.42062
0.43034
0.35341
1.1753
1.1267
0.40166
1.0596
1.1614
0.82034
0.53542
0.48394
0.65487
0.10275
0.1389
0.3218
0.18336
0.18417
1.1401
0.45177
0.15012
1.2685
0.2068
0.12193
0.85383
0.18062
0.093024
0.40007
0.37754
0.20035
0.29986
0.07243
0.8192
0.22905
0.29461
0.10194
1.1869
0.65438
0.087139
0.70338
0.4559
0.27768
0.4872
0.1269
0.53541
0.1813
0.18427
0.16087
1.2022
0.12868
0.16476
0.11879
0.073643
0.27755
0.14759
0.12205
0.86749
0.10944
1.1111
0.48674
0.49584
0.9743
1.004
0.094956
0.18442
0.30764
0.15619
0.48009
0.3481
1.0129
1.1653
0.097845
0.15229
0.07473
0.40108
0.42148
0.61296
1.2698
0.070265
0.13417
0.078142
0.6717
0.53831
0.23396
0.22669
0.38496
1.1181
0.13787
0.21515
1.141
0.99106
0.089899
0.29177
0.29314
0.69631
0.58194
0.26886
0.61946
0.51666
0.12357
0.67408
1.1565
0.42585
0.16686
1.192
0.43354
1.2315
0.19198
0.17335
0.12741
0.33838
0.086472
0.19454
0.13316
0.15577
0.5752
0.18363
0.08404
0.24173
0.58381
0.15023
0.44451
0.50788
0.14295
0.1546
0.13772
0.38542
0.71894
1.0688
1.5117
0.46482
0.10355
0.51922
0.57198
0.13124
0.18365
0.14793
0.12583
0.086098
1.0163
0.41556
0.15097
0.13364
0.30985
0.89357
0.08437
0.10682
0.59463
0.078637
0.10175
0.91011
1.0556
0.14908
0.67814
0.25859
0.47047
0.48998
1.6075
0.13798
0.1985
0.2167
1.6067
0.69591
0.1252
0.66747
0.51232
1.1113
1.2301
0.19544
0.14192
0.4752
1.0066
0.95548
0.081141
1.6649
0.091797
0.47111
0.33669
0.87392
0.24528
0.084625
0.93804
0.54121
0.21002
0.25268
0.12517
0.10098
0.20129
0.28728
0.47946
0.11026
0.47697
0.99687
0.3319
0.31254
0.26013
0.19639
0.074483
0.783
0.62202
0.64949
0.12035
0.89473
0.07074
1.1126
0.10299
1.4793
0.079808
0.099908
0.24423
0.42943
0.98023
0.099411
0.39452
0.079066
0.98047
1.0262
0.36221
0.25002
1.0049
0.47853
0.11622
0.27883
0.29405
0.35597
0.76678
0.43422
0.1241
0.21219
0.72769
0.44845
0.27475
1.1651
0.4448
0.12684
0.65163
0.19182
0.12358
0.31321
0.30468
0.10782
0.18646
1.2589
0.76202
0.29992
0.081985
0.6257
0.25726
1.0343
0.1001
0.70379
0.22019
0.29005
0.93637
0.069888
1.281
0.60426
0.25396
0.20116
0.10087
0.79733
0.50961
1.1359
0.082191
0.67453
0.14222
0.090314
0.16406
0.19018
0.31042
0.16417
0.317
0.44548
0.17152
0.32564
1.0762
1.1175
0.29185
0.10121
0.1641
1.1517
0.57817
0.194
0.25999
0.27501
0.2014
0.13485
0.081687
0.96365
0.09693
0.19091
0.086876
0.336
1.2433
0.22266
0.4284
0.19555
0.11296
0.36406
0.24917
0.30788
0.34226
1.2166
0.11709
0.10769
0.12994
0.33243
0.92063
0.31472
0.15564
0.21521
0.41769
0.22639
0.17696
0.37554
0.4138
1.0509
0.78974
0.59827
0.3816
0.34183
0.14778
0.15681
0.32859
0.15018
0.14718
0.47326
0.15401
1.2305
0.14283
0.38648
0.2412
0.44125
0.1029
0.45921
0.78135
0.38703
0.73016
0.10127
0.83517
0.10194
1.1632
0.58735
0.10457
0.20318
0.33484
0.36149
0.47886
0.11246
0.33568
0.11506
0.4438
1.0877
0.37819
0.87558
0.21349
0.16918
0.81829
0.09837
0.22018
0.42286
1.2561
0.11833
0.90966
1.3568
1.1957
0.23442
0.68627
0.48916
0.17603
0.65428
0.39866
0.098829
0.1784
0.3442
0.29387
0.8066
0.25976
0.22717
1.1719
0.098738
0.11743
0.14251
0.40733
0.087434
0.37174
0.67365
0.35515
0.2765
0.094065
1.2486
0.48987
0.47814
0.19981
0.21446
0.14432
0.43703
0.2099
0.29383
0.23513
0.10391
0.15945
1.673
0.10845
0.06845
0.086987
0.13464
0.62778
0.13145
0.40039
0.082354
0.19142
1.1797
0.34633
0.75291
0.16533
0.64204
0.11139
1.3641
0.63973
0.15955
0.7223
0.12605
0.21042
0.26189
0.17283
0.22383
0.18635
0.096942
0.17489
0.68821
0.1076
0.1117
0.22643
0.24902
0.18959
0.23301
0.17862
0.18368
0.12993
0.12888
0.098261
0.082932
0.072453
0.57497
0.75615
0.14473
0.5289
1.1339
0.24139
0.54187
0.20793
1.339
0.10978
0.055118
0.13417
0.14657
0.077457
0.12642
0.12854
0.92132
0.13309
0.15889
0.17183
0.1007
0.71617
0.47605
0.13055
0.57151
0.23473
0.29578
0.26796
0.19571
0.50287
0.068957
0.73682
0.090837
0.21955
0.46428
0.27471
0.16856
0.14748
0.30574
0.94498
0.34471
0.21667
0.24506
0.75761
0.067989
1.1011
0.37333
0.38876
1.1539
0.088012
0.21301
0.59994
0.29188
0.07038
0.81663
0.69747
0.95029
0.13692
0.16028
1.1609
0.11604
0.25912
0.052712
0.10729
0.13183
1.2471
0.51385
0.20121
0.4117
0.56906
0.44331
0.17089
0.076999
0.48973
0.65185
0.36636
0.33951
1.191
0.44953
0.74708
0.70283
0.58939
0.492
0.70639
0.22397
0.33144
0.48164
0.47228
0.34126
0.86101
0.72515
0.3363
1.1927
0.68409
0.12715
0.18374
0.072318
0.27489
1.176
0.27242
0.16713
1.2282
0.1075
0.19748
0.15994
0.1699
0.10128
0.10818
0.15616
1.1144
0.24351
1.0506
0.90162
1.0711
0.2141
0.20891
0.22526
0.99787
0.55988
0.28964
0.10465
0.13132
0.99481
0.10502
0.21201
0.25125
0.30175
0.1494
0.76503
0.33046
0.21695
0.56842
0.61866
0.29325
0.19623
0.31469
0.31053
0.51039
0.28586
0.18793
0.11126
0.12025
0.3731
0.92832
0.3162
0.82507
0.88657
1.1387
0.10823
0.50812
0.60756
0.63245
0.058047
0.118
0.12715
0.44418
0.43283
1.0793
1.1891
0.11961
0.49469
0.073859
0.3401
0.23527
0.28317
0.78184
0.099189
0.53651
0.18407
0.81788
0.60199
1.0788
0.20764
0.47524
0.10063
0.083891
0.26894
1.0688
0.11253
0.12695
0.83357
0.21886
0.54338
0.74432
0.11923
0.092713
0.063889
0.20087
0.24167
0.094188
0.22727
0.16719
0.092992
1.0531
0.50933
0.14239
0.13608
0.43631
1.3223
0.5389
0.14577
0.20315
0.72121
0.083701
0.22299
0.23034
0.42373
0.46483
0.084785
0.36055
0.67611
0.089142
0.27754
0.11133
0.14872
0.51686
0.2912
0.23554
0.6503
0.11984
0.8343
0.24572
0.961
0.34814
0.13793
0.25986
0.67288
0.85553
0.099674
0.26607
0.72249
0.50791
1.2833
0.7665
0.13915
0.75451
0.51923
0.34844
0.27414
0.36548
0.40749
0.075616
0.51681
0.50483
0.23801
0.14169
0.29623
0.50869
0.75621
0.16723
0.095861
0.2843
0.49203
0.30149
0.33087
0.96246
0.48056
0.1606
0.18706
0.36724
0.65709
0.10244
0.077793
0.14514
0.39105
0.17287
0.17515
0.18867
0.1001
0.17182
0.13432
0.62639
0.37066
0.12828
0.45879
1.0938
0.15046
1.2575
0.11152
0.58753
0.12447
0.10676
0.10507
0.96076
0.44775
0.90098
0.3706
0.15489
0.16871
0.10916
1.2651
0.18346
0.13143
0.77265
0.095252
0.15713
0.18347
0.086602
0.29475
0.12443
0.090436
0.44426
0.38572
0.39934
0.16389
1.3053
0.65948
1.156
0.36062
0.074421
0.62331
0.2105
0.15003
0.21855
0.09493
0.34157
0.35589
0.14666
0.54264
0.094936
0.11269
0.2737
1.2039
0.08797
0.42595
0.23582
0.18376
0.70331
0.36756
0.10057
0.23788
0.10549
0.32062
0.071856
0.55619
0.17796
0.67591
0.35564
0.079482
0.20516
0.60956
0.34086
0.10142
0.14522
0.1503
0.099403
0.52721
0.84047
0.1039
0.58703
0.23927
1.0716
0.96354
0.56733
0.68959
0.72616
0.63046
0.23638
1.2122
1.2421
0.15089
0.71972
0.23953
0.69624
0.15141
0.78026
0.37603
1.0382
0.64719
0.29845
0.22903
0.4007
0.66624
0.14826
0.93086
0.2469
0.27267
0.21665
0.62974
0.8087
0.90486
0.18823
0.27023
0.94271
0.47896
1.1188
0.11609
0.27417
0.29562
0.76618
0.12677
0.36726
0.1185
1.1451
0.1791
0.085379
0.67489
0.26628
0.080975
0.30808
0.25157
0.92925
0.39794
0.67156
0.16926
0.10164
0.10763
0.30652
0.34138
0.29668
0.10355
0.26433
0.30468
0.11055
0.27819
0.19531
0.27781
0.26988
1.6857
0.46124
0.098059
1.149
0.33279
0.20671
0.68299
0.59819
0.52218
0.086759
0.15166
0.91981
0.068613
0.1668
0.089348
0.91179
1.3003
0.59426
1.2053
0.15861
0.30449
0.24578
0.087832
0.12356
0.26142
0.87658
0.84142
0.26534
0.15498
1.2497
0.70941
0.18823
0.22522
0.10497
0.23844
0.81588
0.42581
0.20137
0.41532
1.1264
0.13769
1.063
1.0275
0.91204
0.79037
0.32941
0.20315
1.0035
0.77678
0.85304
0.24513
0.26856
0.35935
0.12285
0.66404
0.43711
0.15048
0.25939
1.1292
0.23761
0.50965
0.42003
0.15341
0.31057
0.11356
0.13786
0.73998
0.081369
0.11829
0.51288
0.13819
0.12778
0.26011
0.23137
0.56927
0.13063
1.0479
0.31285
0.36519
0.27892
0.22334
0.098672
1.0259
0.26504
0.623
0.11167
0.351
0.46384
1.576
0.39127
0.16653
0.6093
0.23814
0.78196
0.11628
0.89981
0.24226
0.15468
0.71794
0.12334
0.17313
1.1142
0.21637
1.0531
0.1749
0.26112
0.13698
0.0873
0.80988
0.12566
0.34412
0.17151
0.81845
1.2313
0.24373
1.1864
0.90716
0.11425
0.94969
0.3657
0.32937
0.14854
0.13182
0.33689
0.34792
0.092617
0.41689
0.71836
0.76207
0.21559
0.13885
0.62145
1.0497
0.42839
0.80841
0.49047
0.78743
0.64217
1.1024
0.081939
0.6703
0.97492
0.91767
1.0264
0.53514
1.0719
0.090619
0.1091
0.079954
0.14177
0.17961
0.86734
0.16973
0.67594
1.2241
1.3498
0.91724
0.10981
0.92311
0.24325
1.1945
0.5605
0.32844
0.099865
0.35726
0.19423
0.078087
0.15465
0.10873
0.074682
0.073588
0.26973
0.35687
0.12082
0.37379
0.1585
0.32932
1.0983
0.22267
0.47652
0.20356
0.17247
0.15064
0.2452
0.18218
0.98369
0.070833
0.11231
0.73728
0.45554
0.39599
0.10779
0.23344
0.4124
0.37638
0.40694
0.12725
0.99222
0.4159
0.31877
0.48376
0.59438
0.26879
0.3748
0.10683
0.1699
0.56787
0.20966
0.53573
0.85171
0.21534
0.64499
0.063832
0.38842
0.47817
0.31894
0.35058
0.11983
0.11361
0.098945
0.31921
0.084485
0.089483
0.44677
0.51368
0.22332
0.96131
0.40141
0.15154
0.89894
0.077386
0.1183
0.20411
0.12683
0.18429
1.088
0.091905
0.13367
0.1602
0.070777
0.47554
1.6557
0.18872
0.38204
0.11601
0.093932
0.27825
0.10268
0.41308
0.69586
0.56632
0.80559
1.1296
0.061191
0.24914
0.18452
0.81304
0.19637
0.69761
0.13658
0.61825
0.2215
0.70145
0.28701
0.635
0.16452
0.34526
0.14483
0.20498
1.2232
0.10476
0.18347
0.52118
0.754
0.09047
0.17282
0.3589
0.10909
0.086195
0.88183
0.14766
0.29332
0.57373
0.081197
0.97034
0.54548
0.54152
0.14386
0.4605
0.7671
0.42424
0.12861
0.07264
0.097301
0.19244
0.25814
0.20912
0.089667
1.0527
0.50064
1.1778
0.052956
0.31511
0.18724
0.13981
0.16437
1.2388
0.21206
0.1449
0.40006
0.24169
0.10109
0.20341
0.074524
0.58949
0.9479
0.12503
0.11461
0.53463
0.29605
0.075773
0.32452
0.18152
0.092738
0.40114
0.92534
0.33326
0.086815
1.1084
0.16777
0.17341
0.11101
0.13744
0.1544
0.18769
0.085632
0.12334
0.1747
0.52175
0.11385
0.54428
0.068785
0.17033
0.083295
0.88388
0.56269
1.1013
0.79065
1.0174
0.50878
0.95737
0.17337
0.1071
0.11839
0.40857
0.15514
1.1745
0.094309
0.091792
1.1783
0.083341
0.46854
0.14571
0.095708
1.0184
0.16346
0.53388
0.44014
0.91429
0.11902
1.009
1.2907
1.1806
0.12928
0.26682
0.12317
0.096999
0.23476
0.11101
0.17127
0.082494
0.49485
0.093478
0.4782
0.31448
0.14422
0.62938
1.45
1.2018
0.12825
0.22014
0.12927
0.32009
0.078364
1.137
0.35114
0.33712
0.18325
0.18508
0.077149
0.74692
1.4256
0.57834
0.25929
0.90274
0.12884
0.72242
0.16959
0.20927
0.54837
0.66596
1.0655
0.72214
0.19603
0.14604
0.50067
0.12386
0.11308
0.17372
0.37933
0.89336
0.48923
0.77606
0.22075
0.32911
0.52813
0.19063
0.13683
1.0207
0.81759
0.37482
0.48318
0.41119
0.09246
1.0565
0.15802
0.33052
0.1583
0.12607
0.47265
0.41626
0.92936
0.19333
0.13496
0.98685
0.20741
0.067988
0.1131
0.64745
0.13061
0.86804
0.53583
1.0996
0.71242
0.98848
0.82003
0.44767
0.24393
0.46171
0.26178
0.10077
0.22663
0.942
0.10334
0.071534
0.42358
0.4273
0.59465
0.072842
0.084386
0.20423
0.22015
0.85485
0.078777
0.091735
0.12764
0.47512
0.10758
0.095682
0.14946
0.44033
0.60255
0.46083
0.9622
0.12994
0.86312
0.12284
0.36595
0.20156
1.107
0.43932
0.1831
1.1238
0.14811
0.58399
0.076492
0.097011
1.2338
1.2722
0.96087
0.29529
0.18878
1.1768
0.66552
0.13983
0.30045
0.16231
0.27221
0.34812
0.35293
0.1206
0.12031
0.10309
0.95603
0.1758
0.82491
1.0904
0.11418
0.3981
0.28169
0.57231
0.095333
0.45076
0.22817
0.17943
0.77427
1.0871
0.083578
0.83833
0.080697
0.077582
0.14286
0.093994
0.11859
0.28141
0.26328
0.26858
0.10411
0.1277
0.14233
0.2156
0.11056
0.56444
0.92234
0.28406
0.1025
0.4331
0.1364
1.0481
0.93322
0.14328
0.27662
0.97906
0.10553
0.40273
0.37992
0.12304
0.097777
0.21125
0.11349
0.30383
0.099722
0.46582
0.42188
0.28103
0.07672
0.18269
0.241
0.070681
0.11919
0.11459
1.0274
1.4037
0.11618
0.34454
0.47145
0.6442
0.2956
0.3005
0.26101
0.079463
1.603
0.94281
0.066004
1.3373
0.5512
0.090155
0.17484
0.13306
0.10503
0.62698
1.1385
0.10397
0.086649
0.12601
0.19701
0.40721
0.12991
0.31361
0.68786
0.48553
0.50531
0.1117
0.40196
0.36402
0.21485
0.30204
1.1622
0.20432
0.52701
0.77722
0.13762
0.070717
1.1432
0.22729
0.54269
0.083344
0.65666
0.71656
0.25677
0.15655
0.86076
0.53031
1.1997
0.43835
1.022
0.11652
0.079479
0.50501
0.40229
0.17971
1.1674
0.29486
0.59616
0.83919
0.12136
0.45413
1.0513
1.0533
0.091144
0.21654
0.097202
0.75339
0.23192
0.19286
0.14416
0.38571
0.13006
1.0076
0.47055
0.23413
0.1081
0.29812
1.0957
1.2513
0.96018
0.13174
0.70481
0.33824
0.16099
0.3325
0.1206
0.1302
0.094215
0.40887
0.25852
0.25704
0.18696
0.64203
0.12056
0.46578
1.0437
0.13833
0.43905
0.12264
1.1331
0.78725
0.27591
0.50823
0.27262
0.25025
0.078145
0.25129
0.090412
1.0728
0.65535
0.54654
0.13533
0.25061
1.013
0.33579
0.95629
0.18729
0.10966
0.33346
0.071428
0.31176
1.409
0.67304
0.47718
1.1358
0.19909
0.78338
0.11983
0.14964
0.79585
0.15714
0.2234
0.15631
0.19664
0.81629
1.1385
0.11846
0.35079
0.30735
0.24347
0.12584
0.23558
0.92206
0.26941
0.23301
0.66243
0.078591
0.53681
0.33369
0.22192
0.94706
0.24959
0.14925
1.0717
0.084283
0.51214
0.3766
0.36499
0.15375
0.38911
0.18228
0.914
0.17218
0.33186
1.0365
0.13375
0.48426
1.0268
0.75988
0.49365
0.10577
0.19977
0.90391
0.30714
1.331
0.54796
0.24063
0.20006
0.074616
0.70372
0.15865
0.17621
0.077032
0.89933
0.90179
0.29737
0.72227
0.1651
0.36324
0.26768
0.3714
0.077911
0.66022
0.53829
0.24746
0.35366
0.12031
0.2835
0.12831
0.70336
0.44275
0.20565
0.11933
0.30121
0.16342
0.090442
0.2479
1.2077
1.1625
0.28825
0.15251
0.54105
1.5612
0.50175
0.42909
1.0981
0.18089
0.32275
0.9363
1.125
0.28211
0.19655
1.2299
0.23518
0.14021
0.25857
1.1222
0.22451
0.091518
0.15475
0.1017
0.13697
0.10588
0.076745
0.1152
0.23703
0.2345
0.096623
0.22756
0.17614
0.26212
0.34632
0.12515
0.14498
0.15098
0.10781
0.34621
0.22889
0.2196
0.31096
1.071
0.25455
0.64761
0.26233
0.49393
0.37021
0.083735
0.54779
0.41465
1.1494
0.57444
0.09791
1.1641
0.27519
0.081258
0.082594
0.36624
0.30413
0.72574
0.31006
0.15631
1.0238
0.17267
0.84222
0.1277
0.25523
0.1657
0.14865
0.38966
0.96553
0.5981
0.52556
0.62818
0.12994
0.46482
0.40082
0.10125
0.088788
0.14443
0.41188
1.2789
0.366
0.31795
0.28872
1.0708
0.48037
0.068123
0.31899
0.24143
0.19086
0.15452
0.18357
0.33695
0.70911
1.5368
0.17538
1.1279
1.1471
0.10681
0.1941
0.16325
0.071816
0.18633
0.21148
0.068432
0.12524
0.35407
0.11134
0.31175
0.32912
0.2646
0.83996
0.85307
0.14837
0.26331
0.073107
0.11464
0.083503
0.21138
0.62129
0.22528
0.1936
0.24058
0.26597
0.35124
1.2539
0.38745
0.24266
0.39538
0.16835
0.23166
0.30736
0.1598
0.6798
0.088055
0.090581
0.21496
0.15049
0.93801
0.091179
0.18116
0.43878
0.09572
0.82118
0.29017
0.15907
0.077629
0.26673
0.087041
0.21784
0.38935
0.55168
0.098955
0.098641
0.15391
0.33534
0.16773
1.0914
0.077004
0.15827
0.091563
0.42186
0.80367
0.95023
0.37909
1.2108
0.16231
1.1629
0.36048
0.21703
0.38115
0.29242
0.20722
0.60328
0.25535
0.14011
0.31811
0.62179
0.44281
0.085021
1.5743
0.27931
0.15955
0.087877
0.17067
0.30065
0.35416
0.12848
0.31021
1.1765
1.1041
1.2505
1.1738
0.60766
0.53027
0.61115
0.38592
0.33936
0.10052
0.079386
0.16481
0.13491
0.083562
1.0036
0.11006
0.76697
0.86811
0.48965
0.36103
0.40984
0.11064
1.2243
0.13262
0.07179
0.87101
0.9615
0.54648
0.15337
0.12509
0.079031
0.24173
0.38392
1.1186
0.28512
1.2836
0.1427
0.30802
0.35127
0.18712
1.0655
0.098499
0.11224
0.16196
0.10284
0.16209
0.25585
0.2128
0.12256
0.35149
0.58776
0.11958
0.070888
0.1139
0.13373
1.6
0.093923
0.064264
0.07505
0.83244
0.15807
0.11044
1.0035
0.38933
0.59957
0.42286
1.0299
0.26021
1.0467
0.25191
0.30134
1.1958
0.10535
0.37106
0.1833
0.18054
0.25769
0.091253
0.10888
0.33899
0.11826
0.42467
0.29784
1.1762
0.4383
0.070502
0.36649
0.62536
0.82451
0.13684
0.76629
0.80198
0.94841
0.28069
0.79898
0.55221
0.12289
0.09199
0.15923
0.12171
0.43017
0.70473
0.35673
0.11435
0.45092
0.092465
0.12434
1.2891
0.83363
0.36925
0.10294
0.59227
0.12949
0.32018
0.66858
0.075383
0.092527
0.42236
0.46875
0.17275
0.13734
0.63328
0.1027
0.84953
0.11911
0.36841
0.49833
0.46919
0.21039
0.26686
0.66597
0.19419
0.81079
0.3265
0.46309
0.2502
0.45465
0.14597
0.16199
0.92345
0.097676
0.98743
0.82794
0.095633
0.30519
0.17649
0.38663
0.087776
1.0945
1.1504
0.24075
0.12938
0.4701
0.14663
0.19378
0.94142
0.39553
0.086438
1.336
0.64947
0.65551
0.79095
0.14453
0.12782
0.14665
0.18878
1.0372
0.095708
0.71475
0.63497
0.58687
0.073767
0.77147
0.073215
0.22958
1.0327
0.11276
0.18991
0.071536
0.63666
0.1664
0.086939
0.58415
0.53319
0.90293
1.2204
0.11
0.22841
0.25133
0.91307
0.2585
0.917
0.33386
0.38045
1.2366
0.58931
0.44083
0.65611
0.12959
0.47268
0.43168
0.64128
0.95341
0.066476
0.78359
0.62505
0.13495
0.21594
0.37087
0.16206
0.27571
0.20445
0.078936
0.22834
1.1651
0.10996
0.15224
0.63515
0.1173
0.098863
0.096802
0.33637
0.15081
0.093914
0.72771
0.11198
0.1169
1.0808
0.31757
0.070407
1.1386
0.88839
0.087084
0.87401
0.28506
0.66011
0.1038
0.075128
0.10032
1.5034
0.12782
0.90284
0.16534
0.39367
0.37766
0.52919
1.2411
0.32413
0.53134
0.6061
0.09166
0.082773
0.1799
0.67454
0.50297
0.17229
1.3035
0.73283
0.4507
0.12054
0.71205
0.41255
0.41729
0.13423
0.072814
0.14696
0.11207
1.252
0.13159
0.079784
0.35439
0.24286
0.15916
0.080237
0.27473
0.15968
1.1616
0.50197
0.21758
0.21134
0.11376
0.3863
0.13693
0.41803
0.090484
0.1292
0.18911
0.67945
0.93271
0.1077
0.14218
0.23185
1.2514
0.38712
0.18937
0.24774
0.2645
1.0911
0.1667
0.50354
0.27918
0.41753
0.14781
0.59006
0.6493
0.69224
1.0668
0.31445
0.091083
0.82434
1.0951
0.19198
0.15289
0.13613
1.7049
0.62116
1.1265
0.091697
0.1043
1.2507
0.69802
1.1709
0.085942
0.11781
0.22179
0.76521
0.51395
0.19273
0.90159
0.085236
0.2287
0.14316
1.1158
0.80639
0.15882
0.29083
0.72915
0.13292
0.17608
0.93285
0.076097
0.57655
0.19629
0.34991
1.2814
0.13459
1.2605
0.125
0.31979
0.22153
0.82785
0.2124
0.70396
1.0387
1.0864
0.1947
0.91286
0.68241
0.40345
0.17541
0.54616
0.64967
0.12973
0.13164
0.13271
0.15184
0.56931
0.087452
0.20455
0.89425
0.21449
0.31095
0.91003
0.16142
0.15471
0.29032
0.15286
0.11438
0.15259
0.21371
1.1301
0.41362
0.37568
0.4015
0.13783
0.10724
0.35747
0.90354
0.20707
0.28812
0.18172
0.12336
0.15601
0.08773
0.58513
0.19513
1.2041
0.23439
0.2488
0.33281
0.60608
0.83871
0.64427
0.098276
0.48356
0.68622
0.17785
0.18786
0.14082
1.1272
0.1845
0.48521
0.37889
0.23
0.39839
0.37879
0.33761
0.24199
0.98094
0.17349
0.62639
0.12814
0.78634
0.099548
1.1257
0.16207
0.58938
0.085891
0.13644
0.20601
0.27888
0.69078
0.19756
0.16896
0.22423
0.45641
0.12505
0.77183
0.10482
0.29781
0.24382
0.33702
0.18593
0.47193
0.32028
0.11285
0.119
0.24069
0.61128
0.25003
1.1933
0.26513
0.96692
0.38303
1.5402
0.17378
0.40059
1.068
0.92494
0.53623
0.10508
0.50913
0.071324
0.067228
0.41223
0.8383
0.2953
0.28833
0.15101
0.17044
0.08439
0.076542
0.67485
0.23704
0.091168
0.18847
0.14274
0.26123
0.39656
1.0519
0.088654
0.19261
0.29149
0.46162
1.2635
0.60815
0.11184
0.1798
0.19274
0.060787
0.081576
0.50054
0.79347
1.1865
0.9174
0.74496
0.18809
0.085326
0.075035
0.66178
0.12474
0.28428
0.93737
0.1601
0.46615
0.19903
0.084466
0.063353
0.10923
0.33591
0.30823
0.30569
0.16404
0.54812
0.86
0.17437
0.13607
0.34727
0.20474
0.11814
0.1495
0.8401
0.10104
1.0685
0.88974
0.16782
0.14016
0.23356
0.094172
0.22841
0.88965
1.1991
1.4786
0.36723
1.1251
0.63424
0.29927
0.1033
0.13587
0.12507
1.0549
0.10571
0.20652
0.38794
0.69692
0.10565
0.57609
0.36571
0.10872
0.13826
0.12178
0.50856
0.17219
0.40748
0.60285
0.13384
0.95824
0.14203
0.32811
0.38146
0.48703
0.30915
0.0761
0.41807
0.11558
0.42304
0.74063
0.19783
0.42541
0.22254
0.4062
0.14702
0.093792
0.16965
0.91116
0.43837
0.18297
0.23835
0.66853
0.24154
0.067578
0.23557
1.3768
0.12267
1.0752
0.11236
1.217
0.14439
0.93768
0.23253
0.12255
0.32906
0.079723
0.17147
0.20064
1.0553
1.0229
0.096158
0.17045
0.65426
0.82258
0.32333
0.2627
0.53847
1.7089
0.56527
0.18622
1.1037
0.78798
0.21766
0.25052
0.12751
0.085866
1.1118
0.15278
0.63974
0.27734
0.56691
0.13138
0.72281
0.36748
0.40596
1.1003
1.1161
0.23279
0.29361
1.1698
0.13223
0.31319
0.2585
0.21822
0.25158
0.16121
0.43719
0.71942
0.13821
0.10462
0.15557
1.1638
0.085188
0.071195
0.066429
1.0149
0.1004
1
0.32269
1.1978
0.79886
1.3808
0.086917
0.34817
0.2425
0.17867
0.24172
0.09136
0.98797
0.49847
0.16714
0.37654
0.1188
0.44517
0.31337
0.096128
0.35582
0.24525
0.72746
0.2529
0.15005
0.83667
0.19926
0.25362
0.24688
1.039
0.16228
1.1175
0.13972
0.53744
0.88166
0.808
1.0154
0.72742
0.31858
0.29487
0.48311
0.57971
0.31457
0.62652
0.47185
0.16713
0.22628
0.21962
0.61904
0.22772
0.1088
0.35525
0.69123
0.81465
0.14798
0.10249
0.21612
0.07788
0.070474
1.0119
1.1281
0.29114
0.17365
0.69979
0.086892
1.2314
0.15253
0.33198
0.66479
0.29063
0.22648
0.22564
1.1252
0.27612
0.15944
0.95081
0.10578
0.097757
0.073382
0.38876
0.19489
1.0959
0.09344
0.080473
0.36931
0.78472
0.24952
0.23648
0.11273
0.14034
0.23318
0.10868
0.19735
0.097397
0.83345
0.10659
0.34521
0.31218
1.072
0.26643
0.12918
1.2025
0.38956
0.28615
0.9316
0.45452
0.18684
0.58303
0.59105
0.11827
0.18789
0.38164
0.69993
0.95275
0.27719
0.20708
0.16695
0.35029
0.62455
0.67654
0.4049
0.42324
0.1443
1.2808
1.0573
1.2114
0.29243
0.90447
1.078
0.23567
0.66573
0.26853
0.66486
0.27933
1.0917
0.86653
0.13186
0.18477
0.22888
0.37828
0.98185
1.3402
0.13211
0.57535
0.46273
0.36812
0.42377
1.2019
0.7234
0.095066
0.34826
0.28252
0.91139
0.10345
0.42379
0.28807
0.29928
0.40232
0.82784
0.10292
0.31754
0.27224
0.18385
0.32627
0.076096
0.71351
0.155
0.41431
1.1876
1.0146
0.17537
0.95024
0.12658
0.23623
1.2906
0.23795
0.1154
0.50879
1.0472
0.58727
0.30834
0.30779
0.17121
0.17695
0.17083
0.11744
0.63217
0.58856
0.61551
0.17062
0.095347
0.093294
0.14407
0.43901
1.2019
0.25417
0.46929
0.14933
0.84557
0.63923
0.89245
0.11032
0.13769
0.17616
0.37725
0.28129
0.22786
0.39195
0.62503
1.1215
0.17264
0.70156
0.40339
1.1058
0.34231
0.094568
0.41397
0.36887
0.91652
0.54573
0.093226
0.087846
0.45365
0.80008
0.32345
0.2356
0.22492
0.11243
0.068443
0.39844
0.15013
1.3958
0.32227
0.18694
0.46375
0.29887
0.15075
0.39558
0.49191
0.36316
0.71366
0.57249
0.29308
0.1389
0.3218
0.15722
0.11223
0.64337
0.28355
1.0691
1.4319
0.15384
0.16051
0.85383
0.096827
0.60382
0.10694
0.128
0.97572
0.71697
0.34866
0.10455
0.20207
0.12344
0.25707
1.1869
0.33282
1.0837
0.085779
0.13969
0.12691
0.706
0.31258
0.2699
0.56517
0.28985
0.064856
0.80793
0.36629
0.32751
0.24264
0.2591
0.55819
0.45114
0.1482
0.15787
0.17764
1.0519
0.48674
0.15062
0.086641
1.1269
0.075146
0.60585
0.15404
1.1838
1.0205
0.20024
0.20902
0.72952
0.25206
0.23693
0.54685
0.33718
0.19807
0.12714
1.0828
0.11211
1.2641
0.15941
0.096245
0.53831
1.7324
0.14016
0.29084
0.13756
0.13787
0.49225
0.27743
0.74954
0.089899
0.82058
0.29314
0.42838
0.18396
0.12358
0.095909
0.51666
0.14225
0.52628
0.16373
0.095572
0.48972
0.12155
0.10632
0.49923
0.2589
0.093228
0.216
0.84135
0.18197
0.34009
0.07857
0.21564
0.5752
0.15463
0.47372
0.87504
0.94887
0.76711
0.12912
0.27804
0.75037
0.27494
0.09666
0.073474
0.29566
0.47284
0.36306
0.2714
0.23948
0.25743
0.16354
0.13124
0.1276
0.77679
0.39934
0.36984
0.10915
0.41556
0.093485
0.26852
0.077186
0.21574
0.08437
0.19806
1.7316
0.078637
0.32949
0.12929
0.34667
0.062984
0.23208
0.17852
0.77082
0.15536
1.1737
0.21054
1.1065
0.10388
0.1262
0.18233
0.31695
0.66747
0.13015
0.089722
0.10603
1.3404
0.24304
0.1174
1.1412
0.48493
0.563
0.96168
0.10903
0.38531
0.74619
0.18854
0.075664
0.12471
0.45904
0.81385
0.34211
0.101
0.14332
0.32801
0.12538
0.21143
0.088053
0.22287
0.34513
0.16559
0.12883
0.86026
0.23175
0.38677
0.1541
0.51792
0.62202
0.12303
0.53214
0.099134
0.37078
0.090402
0.09182
0.4295
0.23861
0.099908
0.24423
1.627
0.12407
0.6956
0.23324
0.83996
0.13972
1.0262
0.19773
1.34
0.21858
0.1151
0.27701
0.55889
0.99566
0.14582
0.15925
0.75667
0.16281
0.13848
0.90228
0.11656
0.27475
0.52864
0.30737
0.10028
1.123
0.39996
0.75487
0.87175
0.13598
0.39492
0.059582
0.91115
1.0971
0.29992
0.081985
0.11098
0.73505
0.11256
0.086131
0.53362
0.11332
0.29005
0.77183
1.1976
0.38038
1.1472
0.68424
0.074047
1.2922
0.79733
0.89062
0.25331
0.30354
0.78603
0.18981
0.12169
0.21628
0.5587
0.50041
0.52277
0.72395
0.35066
0.17152
1.1231
0.36338
1.1696
0.23155
0.21936
0.1641
0.404
0.98165
0.13784
0.94388
0.10024
0.2014
0.63232
0.76955
0.2821
0.55505
0.96589
0.064364
0.30182
1.1364
0.35781
0.13052
0.69556
0.39186
0.20961
0.28248
0.10133
0.31134
1.2166
0.31297
0.30373
0.073897
0.088973
0.26344
0.38301
0.096974
0.44641
1.1404
0.22639
0.69223
0.5401
1.1449
1.0509
0.90195
0.62307
1.0909
0.30678
1.2487
0.072812
0.36697
0.10973
0.14718
0.3066
1.1842
0.090026
1.0132
0.11614
0.11128
0.44125
1.0661
0.16628
0.10068
0.38703
0.16057
0.13043
0.094449
0.2306
0.4178
0.31962
0.16072
0.52862
0.09212
0.19051
0.35824
1.0487
0.33568
0.58868
0.66553
1.0977
0.23389
0.26068
0.60573
0.082122
0.62573
0.15185
0.35366
0.32143
0.73179
0.0874
0.88438
0.18963
0.082289
0.27439
0.28416
0.6904
0.10134
0.68361
0.51748
0.36678
0.13607
0.82453
0.86861
0.97617
0.30129
0.48959
0.10592
0.3361
0.46197
0.81549
0.22203
0.087434
0.64582
0.79408
0.93724
0.17864
0.094065
0.26442
0.58465
0.66142
0.19809
0.44198
0.31275
0.19765
0.10145
0.18321
1.2
0.21059
0.082241
0.17035
0.10845
1.6751
0.31554
0.17871
0.32754
0.44617
0.40039
0.20181
0.13141
0.11862
0.51702
0.11254
0.38827
1.054
1.1278
0.79424
0.62471
0.5812
0.7223
0.12337
0.8205
1.1509
0.066979
0.11541
0.15141
0.4043
0.98373
1.609
0.89725
0.58923
0.40725
0.16436
0.15156
1.23
0.32561
0.18368
0.12993
0.22502
0.13785
0.19857
0.82474
1.2292
0.20147
0.16988
0.20092
0.098095
0.55327
0.26
0.26927
0.16378
0.35709
0.56265
0.13417
1.0299
0.18595
0.78764
0.28576
0.15234
0.13309
0.10276
0.099699
0.35303
0.71617
0.67598
0.44776
0.60869
0.24671
0.34904
0.21809
0.38522
0.50287
0.38716
0.2273
0.15472
1.0028
0.10704
0.27471
0.84805
1.2291
0.91867
0.15209
0.10384
1.103
0.2269
0.15052
0.12487
0.2355
0.13723
0.38876
0.17851
0.88129
1.2474
0.71709
0.080434
0.07038
0.21597
0.21802
0.95029
0.089884
0.44234
0.44524
0.12931
0.30699
0.085411
0.17196
0.13183
0.98791
0.51385
0.081965
0.27498
0.23391
0.25317
1.3574
0.11152
0.25786
0.75799
0.10216
0.33951
0.19631
0.08511
0.11677
0.90767
0.080643
0.093804
0.26214
0.70477
0.069047
0.1141
0.47228
0.23919
0.27048
0.22409
0.67284
0.36815
0.31512
0.14534
0.28277
0.072318
0.08141
0.22227
0.36393
0.16713
1.2282
0.1075
0.19748
0.15994
0.1699
0.10128
0.10818
0.15616
1.1144
0.24351
1.0506
0.90162
1.0711
0.2141
0.20891
0.22526
0.99787
0.55988
0.28964
0.10465
0.13132
0.99481
0.10502
0.21201
0.25125
0.30175
0.1494
0.76503
0.33046
0.21695
0.56842
0.61866
0.29325
0.19623
0.31469
0.31053
0.51039
0.28586
0.18793
0.11126
0.12025
0.3731
0.92832
0.3162
0.82507
0.88657
1.1387
0.10823
0.50812
0.60756
0.63245
0.058047
0.118
0.12715
0.44418
0.43283
1.0793
1.1891
0.11961
0.49469
0.073859
0.3401
0.23527
0.28317
0.78184
0.099189
0.53651
0.18407
0.81788
0.60199
1.0788
0.20764
0.47524
0.10063
0.083891
0.26894
1.0688
0.11253
0.12695
0.83357
0.21886
0.54338
0.74432
0.11923
0.092713
0.063889
0.20087
0.24167
0.094188
0.22727
0.16719
0.092992
1.0531
0.50933
0.14239
0.13608
0.43631
1.3223
0.5389
0.14577
0.20315
0.72121
0.083701
0.22299
0.23034
0.42373
0.46483
0.084785
0.36055
0.67611
0.089142
0.27754
0.11133
0.14872
0.51686
0.2912
0.23554
0.6503
0.11984
0.8343
0.24572
0.961
0.34814
0.13793
0.25986
0.67288
0.85553
0.099674
0.26607
0.72249
0.50791
1.2833
0.7665
0.13915
0.75451
0.51923
0.34844
0.27414
0.36548
0.40749
0.075616
0.51681
0.50483
0.23801
0.14169
0.29623
0.50869
0.75621
0.16723
0.095861
0.2843
0.49203
0.30149
0.33087
0.96246
0.48056
0.1606
0.18706
0.36724
0.65709
0.10244
0.077793
0.14514
0.39105
0.17287
0.17515
0.18867
0.1001
0.17182
0.13432
0.62639
0.37066
0.12828
0.45879
1.0938
0.15046
1.2575
0.11152
0.58753
0.12447
0.10676
0.10507
0.96076
0.44775
0.90098
0.3706
0.15489
0.16871
0.10916
1.2651
0.18346
0.13143
0.77265
0.095252
0.15713
0.18347
0.086602
0.29475
0.12443
0.090436
0.44426
0.38572
0.39934
0.16389
1.3053
0.65948
1.156
0.36062
0.074421
0.62331
0.2105
0.15003
0.21855
0.09493
0.34157
0.35589
0.14666
0.54264
0.094936
0.11269
0.2737
1.2039
0.08797
0.42595
0.23582
0.18376
0.70331
0.36756
0.10057
0.23788
0.10549
0.32062
0.071856
0.55619
0.17796
0.67591
0.35564
0.079482
0.20516
0.60956
0.34086
0.10142
0.14522
0.1503
0.099403
0.52721
0.84047
0.1039
0.58703
0.23927
1.0716
0.96354
0.56733
0.68959
0.72616
0.63046
0.23638
1.2122
1.2421
0.15089
0.71972
0.23953
0.69624
0.15141
0.78026
0.37603
1.0382
0.64719
0.29845
0.22903
0.4007
0.66624
0.14826
0.93086
0.2469
0.27267
0.21665
0.62974
0.8087
0.90486
0.18823
0.27023
0.94271
0.47896
1.1188
0.11609
0.27417
0.29562
0.76618
0.12677
0.36726
0.1185
1.1451
0.1791
0.085379
0.67489
0.26628
0.080975
0.30808
0.25157
0.92925
0.39794
0.67156
0.16926
0.10164
0.10763
0.30652
0.34138
0.29668
0.10355
0.26433
0.30468
0.11055
0.27819
0.19531
0.27781
0.26988
1.6857
0.46124
0.098059
1.149
0.33279
0.20671
0.68299
0.59819
0.52218
0.086759
0.15166
0.91981
0.068613
0.1668
0.089348
0.91179
1.3003
0.59426
1.2053
0.15861
0.30449
0.24578
0.087832
0.12356
0.26142
0.87658
0.84142
0.26534
0.15498
1.2497
0.70941
0.18823
0.22522
0.10497
0.23844
0.81588
0.42581
0.20137
0.41532
1.1264
0.13769
1.063
1.0275
0.91204
0.79037
0.32941
0.20315
1.0035
0.77678
0.85304
0.24513
0.26856
0.35935
0.12285
0.66404
0.43711
0.15048
0.25939
1.1292
0.23761
0.50965
0.42003
0.15341
0.31057
0.11356
0.13786
0.73998
0.081369
0.11829
0.51288
0.13819
0.12778
0.26011
0.23137
0.56927
0.13063
1.0479
0.31285
0.36519
0.27892
0.22334
0.098672
1.0259
0.26504
0.623
0.11167
0.351
0.46384
1.576
0.39127
0.16653
0.6093
0.23814
0.78196
0.11628
0.89981
0.24226
0.15468
0.71794
0.12334
0.17313
1.1142
0.21637
1.0531
0.1749
0.26112
0.13698
0.0873
0.80988
0.12566
0.34412
0.17151
0.81845
1.2313
0.24373
1.1864
0.90716
0.11425
0.94969
0.3657
0.32937
0.14854
0.13182
0.33689
0.34792
0.092617
0.41689
0.71836
0.76207
0.21559
0.13885
0.62145
1.0497
0.42839
0.80841
0.49047
0.78743
0.64217
1.1024
0.081939
0.6703
0.97492
0.91767
1.0264
0.53514
1.0719
0.090619
0.1091
0.079954
0.14177
0.17961
0.86734
0.16973
0.67594
1.2241
1.3498
0.91724
0.10981
0.92311
0.24325
1.1945
0.5605
0.32844
0.099865
0.35726
0.19423
0.078087
0.15465
0.10873
0.074682
0.073588
0.26973
0.35687
0.12082
0.37379
0.1585
0.32932
1.0983
0.22267
0.47652
0.20356
0.17247
0.15064
0.2452
0.18218
0.98369
0.070833
0.11231
0.73728
0.45554
0.39599
0.10779
0.23344
0.4124
0.37638
0.40694
0.12725
0.99222
0.4159
0.31877
0.48376
0.59438
0.26879
0.3748
0.10683
0.1699
0.56787
0.20966
0.53573
0.85171
0.21534
0.64499
0.063832
0.38842
0.47817
0.31894
0.35058
0.11983
0.11361
0.098945
0.31921
0.084485
0.089483
0.44677
0.51368
0.22332
0.96131
0.40141
0.15154
0.89894
0.077386
0.1183
0.20411
0.12683
0.18429
1.088
0.091905
0.13367
0.1602
0.070777
0.47554
1.6557
0.18872
0.38204
0.11601
0.093932
0.27825
0.10268
0.41308
0.69586
0.56632
0.80559
1.1296
0.061191
0.24914
0.18452
0.81304
0.19637
0.69761
0.13658
0.61825
0.2215
0.70145
0.28701
0.635
0.16452
0.34526
0.14483
0.20498
1.2232
0.10476
0.18347
0.52118
0.754
0.09047
0.17282
0.3589
0.10909
0.086195
0.88183
0.14766
0.29332
0.57373
0.081197
0.97034
0.54548
0.54152
0.14386
0.4605
0.7671
0.42424
0.12861
0.07264
0.097301
0.19244
0.25814
0.20912
0.089667
1.0527
0.50064
1.1778
0.052956
0.31511
0.18724
0.13981
0.16437
1.2388
0.21206
0.1449
0.40006
0.24169
0.10109
0.20341
0.074524
0.58949
0.9479
0.12503
0.11461
0.53463
0.29605
0.075773
0.32452
0.18152
0.092738
0.40114
0.92534
0.33326
0.086815
1.1084
0.16777
0.17341
0.11101
0.13744
0.1544
0.18769
0.085632
0.12334
0.1747
0.52175
0.11385
0.54428
0.068785
0.17033
0.083295
0.88388
0.56269
1.1013
0.79065
1.0174
0.50878
0.95737
0.17337
0.1071
0.11839
0.40857
0.15514
1.1745
0.094309
0.091792
1.1783
0.083341
0.46854
0.14571
0.095708
1.0184
0.16346
0.53388
0.44014
0.91429
0.11902
1.009
1.2907
1.1806
0.12928
0.26682
0.12317
0.096999
0.23476
0.11101
0.17127
0.082494
0.49485
0.093478
0.4782
0.31448
0.14422
0.62938
1.45
1.2018
0.12825
0.22014
0.12927
0.32009
0.078364
1.137
0.35114
0.33712
0.18325
0.18508
0.077149
0.74692
1.4256
0.57834
0.25929
0.90274
0.12884
0.72242
0.16959
0.20927
0.54837
0.66596
1.0655
0.72214
0.19603
0.14604
0.50067
0.12386
0.11308
0.17372
0.37933
0.89336
0.48923
0.77606
0.22075
0.32911
0.52813
0.19063
0.13683
1.0207
0.81759
0.37482
0.48318
0.41119
0.09246
1.0565
0.15802
0.33052
0.1583
0.12607
0.47265
0.41626
0.92936
0.19333
0.13496
0.98685
0.20741
0.067988
0.1131
0.64745
0.13061
0.86804
0.53583
1.0996
0.71242
0.98848
0.5906
0.093215
0.43965
0.17926
0.28017
0.10645
0.3016
0.24606
0.21614
0.78858
0.6044
0.34121
0.26791
0.25774
0.23907
0.10863
1.1833
0.12431
1.2311
0.091735
0.67843
0.61865
0.97877
0.3015
0.10168
0.12353
0.45965
0.46083
1.1783
0.10934
0.50431
0.08403
0.36595
0.076804
0.94953
0.53286
0.25631
0.11569
0.40667
0.26909
0.32223
0.057425
0.069877
0.7188
0.36455
0.089591
0.18878
0.37158
0.19358
0.37309
0.18472
0.5603
0.27221
0.30996
0.19621
0.14598
1.164
0.076564
0.067029
0.69042
0.82491
0.33412
0.11418
0.26639
0.66115
0.076563
0.67766
0.21232
1.1325
0.15261
0.36865
0.64169
0.37581
0.83833
0.69856
0.83317
1.0462
0.17152
1.0709
0.56332
0.27859
0.86489
0.10411
0.063786
1.3096
1.0154
0.16876
0.88515
1.1806
1.2222
0.4621
0.079967
0.71843
1.0481
0.52255
0.072722
0.33022
0.82423
0.24567
0.40273
0.19025
0.12304
0.17032
0.19886
0.47154
0.12559
1.2984
1.0863
1.0111
0.28103
0.34395
0.18269
0.66382
0.070681
0.071744
0.11833
0.62048
0.7114
0.89036
0.34454
0.47145
0.25474
0.36772
0.3005
0.83188
0.4869
1.346
0.89038
0.61153
0.98224
0.070737
0.36636
0.17484
0.49823
0.074864
0.52623
0.25285
0.15961
0.13554
0.65038
0.15542
1.126
0.31315
0.8001
0.41821
0.16858
0.2645
1.1374
0.77041
0.30973
0.21485
0.30204
0.2508
0.12517
0.52701
0.77722
0.74747
0.66715
1.1432
0.75247
0.17412
0.16775
0.38947
0.71656
0.10695
0.53639
0.18421
0.12459
0.33231
0.11259
0.44952
0.95755
0.49122
1.1481
0.88318
0.17971
1.6454
0.29486
0.59616
0.6583
0.086935
0.52173
0.13516
0.28783
0.17248
0.21654
0.097202
0.14246
0.17784
0.19286
1.0177
0.13718
0.22044
0.89975
0.18996
0.2818
0.55337
0.21144
1.2649
0.53724
0.093795
1.0588
0.36069
0.45937
0.89165
0.17559
0.46547
0.14091
0.41712
0.40589
0.25852
0.50263
0.084212
0.60359
0.1269
1.2238
0.14768
0.19111
0.13097
0.24753
0.4258
0.5691
0.21823
0.77001
0.098769
0.32441
1.0816
1.2976
0.061737
1.1757
0.38373
0.11478
0.13533
0.18319
0.97516
0.46492
0.1186
1.604
0.22821
0.69996
0.39045
0.12363
0.81967
0.12796
0.72869
0.21462
0.16982
0.78338
1.1944
0.14964
0.12609
1.0251
0.41945
0.64374
0.091784
0.88506
0.56113
1.0972
1.3504
0.1497
0.093128
0.46913
0.26543
0.16488
0.36838
1.2485
0.66243
0.078591
0.53681
0.098991
0.24015
0.17926
0.089672
0.19595
1.0093
0.20982
0.20751
0.545
0.16896
0.15375
0.15363
0.73892
0.62608
0.70841
0.19444
0.62633
0.96139
0.48426
0.24105
1.1637
0.12206
0.10577
0.35419
0.2315
0.14662
0.097473
0.34544
0.11562
0.21424
0.074616
0.1252
1.3201
0.16418
1.0071
0.33603
1.2028
0.10981
0.34004
0.35318
0.18701
0.6867
0.45962
0.74982
0.85839
0.53829
0.50442
0.68286
0.12031
0.19212
0.1185
0.77424
0.19238
0.28279
0.66076
0.24712
0.16342
0.66513
0.7698
0.51894
0.45962
0.24712
1.211
0.19082
0.3078
0.50175
0.42909
0.26461
0.78503
0.11056
0.77578
1.125
1.1622
0.11368
0.16038
0.67466
0.24157
0.25857
1.1222
0.17982
0.42853
0.63598
0.17868
0.13697
0.35735
1.1958
0.64662
0.81279
0.39058
0.096623
0.40892
0.16787
0.13057
0.073997
0.12515
0.14498
0.67389
0.12424
0.27777
0.10853
1.5326
0.31096
0.080117
0.25483
0.64761
0.32883
0.18972
0.37021
0.18656
0.27349
0.14874
0.12656
1.0878
0.28471
0.85812
0.13566
0.58318
1.0841
1.0834
0.30404
0.12217
0.18696
0.35143
0.42303
0.59109
1.5944
0.2648
0.13024
0.1657
0.30562
0.2044
0.37922
0.20888
0.19564
0.18923
0.1988
0.7209
0.40082
1.1222
0.14051
0.38226
0.166
0.24248
0.30914
1.7272
0.15909
0.10953
0.48037
0.068123
0.20342
0.21685
0.18093
0.77012
0.11875
1.1169
1.1458
0.12792
0.13502
0.075917
0.45429
0.10681
0.1941
0.075403
0.3521
0.29038
0.28871
0.068432
0.43784
0.45983
0.43081
0.45381
0.6671
0.15258
0.80138
0.13572
0.083712
0.26331
0.74264
0.71471
0.14935
0.046633
0.22118
1.0193
0.51667
0.94991
0.082713
0.11478
0.08515
0.83854
0.22637
0.53391
0.92879
0.12114
0.85664
0.1598
0.095278
0.33991
0.090581
0.39297
0.72402
0.14034
0.091179
0.86387
0.13291
0.31508
0.26131
0.13726
0.15907
0.077629
0.18503
0.087041
0.40634
0.38894
0.37907
0.31102
0.077932
0.15391
0.5889
0.19638
0.8062
0.13162
0.13911
0.14484
0.2594
0.16267
0.094558
0.80344
0.49677
0.075201
0.15097
0.5061
0.89569
0.12601
1.1775
1.0189
1.562
0.25535
0.1426
0.26205
0.99457
0.22209
0.46365
0.69421
0.27216
0.17216
0.087877
0.17067
0.22709
0.29121
1.3211
0.21159
0.73511
0.42589
0.18185
0.63381
0.25816
0.20114
0.39838
0.49277
0.073063
0.10052
0.12323
0.16481
0.27753
0.2748
1.0036
0.73876
1.2953
0.14709
0.14559
1.1928
0.50324
0.11064
1.1678
0.13262
1.5145
0.077524
0.28137
0.22225
0.17906
0.29762
0.11113
0.64889
0.23486
0.098149
0.28512
1.2836
0.10136
0.07392
1.112
0.46045
1.2091
0.14557
1.2455
0.19973
0.12815
0.30446
0.99794
0.3302
1.1184
0.35149
0.58776
0.11958
0.12462
0.081315
0.13373
0.4346
1.3294
0.54591
0.19892
0.29904
0.46339
0.32119
0.062358
0.093371
0.1829
0.30493
0.15548
0.068002
0.83602
0.49131
0.70332
0.16176
0.30063
0.6616
1.3278
0.18054
0.19642
0.3042
0.19556
0.18966
0.34284
0.31821
0.29784
0.088315
0.24027
0.40174
0.36649
0.62536
0.27043
0.13684
0.75168
0.48137
0.4318
0.23301
0.10213
0.096994
0.12289
0.09199
0.70619
1.0539
1.0266
1.1063
0.27219
0.11435
0.11783
0.24628
0.47421
0.064227
1.5157
0.34397
1.1263
0.14076
0.12949
0.34579
0.16159
0.19075
0.12015
0.22098
0.10107
0.17275
0.27894
0.086769
0.60499
0.64732
0.11911
0.3842
1.1904
1.1255
0.090788
1.0897
0.3835
0.41255
0.10366
0.3265
0.089613
0.51366
0.51493
0.14597
0.79705
0.39639
0.4531
0.15573
0.17658
0.33081
0.4091
0.11441
0.38663
0.90123
0.29855
0.15732
0.52851
0.12938
0.27259
1.0738
0.094255
0.94142
0.57758
0.074837
0.51432
0.10359
0.30352
0.40811
0.31183
0.12782
0.17105
0.60564
0.31113
0.19995
1.0279
0.63497
0.38364
0.14473
0.77147
0.23602
0.22958
0.20071
0.42241
0.46983
1.5147
0.63666
0.12949
1.0985
0.092859
0.53319
1.171
0.10219
0.26721
0.78852
0.3337
0.38276
0.2585
1.1418
0.14143
0.38045
0.32042
0.12109
0.25573
0.65611
0.11538
0.19679
0.10061
0.77812
0.5436
0.12901
0.081834
0.70798
0.83254
0.21695
1.0227
0.3061
0.15386
0.20445
0.32581
0.13482
0.16407
0.2227
0.22999
0.57229
0.37502
0.21035
1.0928
0.29555
0.16969
1.0216
0.097116
0.25424
0.43647
0.15932
1.1792
0.092408
0.91309
0.86794
0.26918
0.24103
0.4033
0.44988
0.13835
0.29852
0.10032
0.33831
0.22494
0.20992
0.16534
1.1253
0.4928
0.08141
0.089087
0.10075
0.10553
0.13087
0.35633
0.45304
0.096551
0.34629
0.14093
0.30305
1.3035
0.13287
0.28557
0.30105
0.088176
0.26245
0.41729
0.35841
0.3219
0.19261
0.48583
0.10679
0.54761
0.079784
0.35439
0.4879
0.18809
0.18638
0.27473
0.15968
0.31709
1.1747
0.13804
0.66193
0.092948
0.3863
0.52656
0.12967
0.20388
0.11965
0.32258
0.34293
0.61506
0.91997
0.14509
0.42562
0.86174
0.28929
0.11925
0.13279
0.29576
0.12415
0.21748
0.26558
1.1637
0.15161
1.2601
0.16223
0.18027
0.23607
0.87922
0.12468
0.22089
1.5793
1.0951
0.12778
0.59161
0.13613
0.59154
0.31408
0.51687
0.20157
1.2409
0.69898
0.16726
0.93348
0.14811
0.25324
0.88131
0.39253
0.14857
0.087634
0.18293
0.27317
0.2287
0.23743
0.10435
0.19823
0.14829
0.54849
0.18848
0.32102
0.61638
0.063707
0.32758
0.12806
0.064917
0.2852
0.18038
0.1774
0.18378
0.125
0.061177
0.54712
0.37312
0.89528
0.090656
1.2649
0.38387
0.17906
0.91286
0.73637
0.37741
0.48889
0.29721
0.99628
0.20076
0.16622
0.18549
1.0541
0.21031
0.087452
1.4423
0.38796
0.22742
0.087576
0.61747
0.20562
0.094005
0.29032
0.15286
0.43081
0.15259
0.57836
0.81232
0.10163
0.091222
0.4015
0.49845
0.17358
0.434
0.10989
0.28751
0.13733
0.5179
0.45927
0.12146
0.25706
0.31913
0.96079
0.1048
0.23439
0.22501
0.97436
1.1664
0.12315
0.12673
0.22145
0.16349
0.11022
0.20464
0.14857
0.21155
1.1272
1.1394
0.13896
0.39507
0.23
0.74569
0.3279
0.33761
0.21199
0.56396
0.08686
0.20295
0.23215
0.35725
0.22139
0.14652
0.16207
0.87216
0.10572
1.0312
0.14138
0.70709
0.57572
0.1328
0.39193
1.331
0.41108
0.085739
0.14328
0.19213
0.2059
0.15282
0.087329
0.10901
0.089493
0.32028
0.1344
0.5633
0.81049
1.3568
0.13746
0.87418
0.56372
1.1266
0.50241
0.36013
0.86196
0.30113
0.11382
1.2616
0.38903
0.98486
0.093264
0.060235
0.1524
0.6054
1.2367
1.076
0.46214
0.15101
0.77878
0.87636
0.16398
0.11637
0.10732
1.5129
0.10289
1.0108
0.38934
0.25815
0.92343
0.62276
0.3218
0.29149
0.12691
0.079044
0.088179
1.0168
1.2183
0.19274
0.29125
0.56756
0.9461
0.15373
0.13165
0.24221
0.19927
0.5688
0.57028
0.29626
0.12086
0.091462
0.28428
1.1709
0.1601
0.95844
0.094456
0.1083
0.6552
0.44593
1.5207
0.79227
0.34579
1.0147
0.16774
0.091567
0.17437
1.0024
0.12771
0.64285
0.72822
0.12162
0.3859
0.097961
1.0685
0.23683
0.13973
1.3332
0.8495
0.43367
0.22841
0.30329
0.43628
1.4786
1.1189
0.51285
0.27422
0.28509
0.084854
0.46261
1.1721
1.0549
0.2506
0.20652
0.14184
0.90154
0.097395
0.40849
0.30137
0.32311
0.7055
1.1603
0.19202
0.31485
0.40748
0.14651
0.96969
0.3257
0.12464
0.32811
0.38146
1.5297
0.92764
0.20515
0.12009
0.35856
0.38452
0.29672
0.21534
0.42541
1.1276
0.6365
0.14702
0.095888
0.1295
0.52848
0.94147
0.43818
0.095642
0.21078
0.60538
0.067578
0.89672
0.67125
0.52627
0.2061
0.08246
0.54988
0.146
0.34696
0.49136
0.12255
0.10695
0.10603
1.5421
0.11517
0.33275
0.33369
0.38902
1.4344
0.38299
0.074589
0.32333
0.1826
0.89999
0.1724
0.56527
1.0943
0.07584
0.36676
0.62293
0.97561
0.08682
1.2274
0.36449
0.96607
0.244
0.075545
1.2658
0.13138
0.11325
0.44267
1.2036
0.12376
0.20291
0.64922
0.3072
0.14381
0.13223
1.0651
0.077401
0.98191
0.25158
0.85464
0.78751
0.085809
0.074782
0.93157
0.24766
0.89654
0.96522
0.50602
0.18796
0.17138
0.44845
1
0.39622
0.26596
0.48047
0.11065
0.2539
0.4009
0.1132
0.70005
1.3552
0.19758
0.1455
0.095042
0.21959
0.10942
0.11281
0.23748
0.65018
0.11688
0.40902
0.24525
0.097842
0.2529
0.15005
0.20301
0.18461
0.35374
0.22689
1.039
0.37864
1.1053
0.17346
0.36793
0.19277
0.32003
0.53109
0.87764
0.19489
0.07419
0.2368
0.94621
0.09254
0.08418
0.078346
0.097074
0.15797
0.21962
0.71079
0.21187
0.34091
0.064451
0.26489
0.81465
0.85981
1.1204
0.11122
0.45193
1.1752
0.96878
0.094427
0.085642
0.29525
0.17053
1.2283
0.26585
0.55251
0.12885
0.66479
0.68173
0.17753
0.076009
1.1252
1.2279
0.10322
0.13026
0.094802
0.44971
0.1542
0.15556
1.4365
0.068332
0.09344
0.46739
0.45069
0.78472
0.94208
0.23648
0.13571
0.47101
0.11371
0.41067
0.12834
0.45225
0.85888
0.31796
0.23587
0.32735
1.072
0.92678
0.12918
0.72841
0.18006
0.28615
0.22081
0.28793
0.18684
0.58303
0.58314
0.92472
0.14528
0.82586
0.27605
0.3639
0.5984
0.12296
0.215
0.083112
0.62455
1.1151
0.47676
1.1876
0.089848
0.092783
0.24923
0.17408
0.16964
0.091044
0.19318
0.093258
0.26167
0.095526
0.51317
1.2755
0.2922
1.1133
0.42038
0.10784
0.22888
0.15174
0.36241
0.25641
0.10173
0.28203
0.10458
0.11253
0.1381
1.212
0.14773
0.202
0.076274
0.079484
0.12975
0.32857
0.10173
0.56894
0.18055
0.58062
0.17356
0.77146
0.18686
0.2705
0.73042
0.94195
0.076096
0.14719
0.155
0.24383
0.74667
0.18589
1.1823
1.1176
0.095902
0.082936
0.11586
1.0072
0.66447
0.13784
0.28662
1.4109
1.0716
0.10169
0.90136
0.16416
0.075595
0.11744
1.0478
0.28061
0.064143
0.097893
0.086817
0.08639
0.49223
0.36406
1.2019
0.35397
0.0974
0.61154
0.70212
0.63923
0.16228
0.11032
0.59334
0.1094
0.36587
0.078739
0.14108
0.094979
0.22879
0.17245
0.17793
0.44251
1.0691
0.1066
0.34231
0.53435
0.27241
0.46095
0.49176
0.24217
0.093226
0.60303
0.32849
0.46422
0.79358
0.24858
0.47869
0.44268
0.33416
0.22075
0.095433
0.39664
0.19177
0.99056
0.29844
0.28759
0.15075
0.39558
0.22151
0.088871
0.18635
0.57249
0.64759
0.11329
0.20835
0.29824
0.41412
0.127
1.5353
0.52085
0.92724
0.30259
1.5866
0.35348
0.2704
1.1748
0.094354
0.37074
0.23145
0.22897
0.13662
0.71562
0.1687
0.075574
0.085869
0.28052
0.55783
0.41418
0.59698
0.39282
0.15997
0.099958
0.17764
0.36488
0.11821
0.56847
0.068082
0.23021
0.38755
0.29399
1.309
0.69141
0.47619
0.29506
0.12086
0.39714
1.1352
0.16029
0.36972
1.0708
0.086641
1.1269
0.13241
0.57301
0.1708
0.12516
0.078535
0.20024
1.0073
0.078614
0.18238
0.15443
0.15055
0.33718
1.1303
0.36669
0.1757
0.10099
0.76098
0.84678
0.17265
0.13252
0.094422
0.36216
1.0172
0.32548
0.21718
0.49225
0.29352
0.46347
0.089899
0.14454
0.47096
0.24529
0.36102
0.10199
0.20871
0.22006
0.77077
0.52628
0.10027
1.0446
0.15898
0.71403
0.2437
0.54851
0.60828
1.2225
1.1684
0.20511
0.77673
1.0516
1.199
1.1254
0.20793
0.2348
0.4002
0.41589
0.53053
0.76711
0.13579
0.26665
0.11805
0.10451
0.23757
1.1506
0.071815
0.097629
0.13933
0.45401
0.34165
1.1709
0.085541
0.23999
0.5316
0.12188
0.39934
0.19592
1.3202
0.41556
0.68749
0.62632
0.14554
1.1618
0.08437
0.14821
1.0106
1.01
0.11193
0.083726
0.78909
0.18665
0.6853
0.85355
0.34075
0.096138
1.0451
0.35847
0.57855
0.43073
0.72191
0.18233
0.14032
0.66747
0.62302
0.085046
0.10603
0.22703
0.33478
0.60771
0.12053
0.45526
0.14903
0.96168
0.71936
0.084046
0.45536
0.40277
0.65193
0.50097
0.78059
0.1589
0.6261
0.65232
0.093712
1.2233
0.12538
0.35369
0.14795
0.10772
0.11604
0.32157
0.52505
0.20462
0.23175
0.16532
0.26555
0.10104
0.26442
0.22508
0.10629
0.12138
0.15029
0.090402
0.1896
0.1172
0.6394
0.8427
0.10154
0.14749
0.2483
0.52559
0.23324
0.37359
0.2502
0.21035
0.10788
0.10164
0.58109
0.17878
0.18557
0.59621
0.6972
1.0401
0.38335
0.094576
0.089904
0.13848
0.46883
1.383
0.24312
0.71183
0.12329
0.10028
0.1346
0.12838
0.099288
0.54283
0.19878
0.12846
0.95919
0.079983
0.15076
0.24793
0.12436
1.3018
0.36333
0.18453
1.1521
0.15129
0.95969
0.078581
0.53331
0.20674
0.25398
0.74704
0.111
0.26745
1.187
0.072511
0.11107
0.10121
0.12407
0.082252
0.77774
0.28847
0.24345
0.25303
0.11042
0.58826
0.15307
0.93856
0.30126
0.31594
0.41675
0.20243
0.1229
0.30909
0.17267
1.0006
0.43261
0.13784
0.40183
0.10822
0.30051
0.5629
0.37401
0.084265
0.71206
0.65846
0.14016
0.074208
1.1364
0.09959
0.13926
0.69556
0.23838
0.11617
0.48513
0.55463
0.2449
0.15565
0.31297
0.18439
0.38763
0.088973
0.28001
0.47239
0.12678
0.08127
0.26708
0.16495
0.69223
0.25704
0.93615
0.15681
0.35459
0.58789
0.43537
0.77583
0.26191
0.072812
0.12668
0.38217
0.19752
0.3066
0.19728
0.14889
0.19998
1.1892
0.10739
0.57613
0.30094
0.7025
0.072511
0.30138
0.16057
0.13043
0.75463
0.34583
0.34351
0.87208
0.83748
0.35554
0.40187
0.74356
0.085717
0.15348
0.33568
0.58868
0.080303
0.1164
0.23389
0.11271
0.58755
0.12122
0.62573
0.53633
1.2469
0.12133
0.12627
0.15645
1.5719
0.20445
0.4029
0.15491
0.28416
0.21811
0.10319
0.062917
0.097708
0.36091
0.13622
0.99235
0.2118
0.97617
1.2111
0.17331
0.61825
0.20037
0.79492
0.1577
0.11053
0.34182
0.85104
0.1291
0.13858
0.081065
0.13447
0.14655
0.20928
0.18967
1.0952
0.36201
0.26855
1.1577
0.38708
0.18321
0.62231
0.76089
0.32319
0.17083
0.098764
0.14888
1.0156
0.15071
0.11116
0.10674
0.20372
0.20181
0.13141
0.2994
0.098007
1.2045
0.55978
0.10086
0.2184
1.3029
0.31272
0.14407
0.093971
0.31019
0.64299
1.2338
0.08674
0.1514
0.15141
0.17783
0.84472
0.97956
0.89725
0.58923
0.64852
1.0986
0.62684
1.23
0.32991
0.081078
0.20255
0.29615
0.076917
0.19857
0.12564
0.47536
0.20147
0.49755
0.38217
0.98953
0.75339
0.25519
0.071777
0.19571
0.17716
0.10408
1.1436
0.093278
0.086933
1.0575
0.58838
0.21607
0.26208
0.69291
0.099699
0.27321
0.98516
1.0324
0.44776
0.11177
0.34601
0.99954
0.74593
0.33266
0.17603
0.28881
0.16991
0.14072
0.37178
0.1732
0.27227
1.0035
0.44109
0.10843
0.078798
1.2933
0.15037
0.70088
0.091721
0.30616
0.16129
0.13723
0.62825
0.13271
0.17011
0.43175
0.36807
0.77863
0.075559
0.092645
0.45357
0.68051
0.2659
0.87901
0.28385
0.1687
0.19786
0.73842
0.11177
0.27827
0.66294
0.40073
0.65282
1.23
0.3997
0.85925
0.29846
0.37695
1.4632
0.19222
0.63128
0.2165
0.87445
0.075556
0.11677
0.90767
0.080643
0.093804
0.26214
0.70477
0.069047
0.1141
0.47228
0.23919
0.27048
0.22409
0.67284
0.36815
0.31512
0.14534
0.28277
0.072318
0.08141
0.22227
0.36393
0.16713
1.2282
0.1075
0.19748
0.15994
0.1699
0.10128
0.10818
0.15616
1.1144
0.24351
1.0506
0.90162
1.0711
0.2141
0.20891
0.22526
0.99787
0.55988
0.28964
0.10465
0.13132
0.99481
0.10502
0.21201
0.25125
0.30175
0.1494
0.76503
0.33046
0.21695
0.56842
0.61866
0.29325
0.19623
0.31469
0.31053
0.51039
0.28586
0.18793
0.11126
0.12025
0.3731
0.92832
0.3162
0.82507
0.88657
1.1387
0.10823
0.50812
0.60756
0.63245
0.058047
0.118
0.12715
0.44418
0.43283
1.0793
1.1891
0.11961
0.49469
0.073859
0.3401
0.23527
0.28317
0.78184
0.099189
0.53651
0.18407
0.81788
0.60199
1.0788
0.20764
0.47524
0.10063
0.083891
0.26894
1.0688
0.11253
0.12695
0.83357
0.21886
0.54338
0.74432
0.11923
0.092713
0.063889
0.20087
0.24167
0.094188
0.22727
0.16719
0.092992
1.0531
0.50933
0.14239
0.13608
0.43631
1.3223
0.5389
0.14577
0.20315
0.72121
0.083701
0.22299
0.23034
0.42373
0.46483
0.084785
0.36055
0.67611
0.089142
0.27754
0.11133
0.14872
0.51686
0.2912
0.23554
0.6503
0.11984
0.8343
0.24572
0.961
0.34814
0.13793
0.25986
0.67288
0.85553
0.099674
0.26607
0.72249
0.50791
1.2833
0.7665
0.13915
0.75451
0.51923
0.34844
0.27414
0.36548
0.40749
0.075616
0.51681
0.50483
0.23801
0.14169
0.29623
0.50869
0.75621
0.16723
0.095861
0.2843
0.49203
0.30149
0.33087
0.96246
0.48056
0.1606
0.18706
0.36724
0.65709
0.10244
0.077793
0.14514
0.39105
0.17287
0.17515
0.18867
0.1001
0.17182
0.13432
0.62639
0.37066
0.12828
0.45879
1.0938
0.15046
1.2575
0.11152
0.58753
0.12447
0.10676
0.10507
0.96076
0.44775
0.90098
0.3706
0.15489
0.16871
0.10916
1.2651
0.18346
0.13143
0.77265
0.095252
0.15713
0.18347
0.086602
0.29475
0.12443
0.090436
0.44426
0.38572
0.39934
0.16389
1.3053
0.65948
1.156
0.36062
0.074421
0.62331
0.2105
0.15003
0.21855
0.09493
0.34157
0.35589
0.14666
0.54264
0.094936
0.11269
0.2737
1.2039
0.08797
0.42595
0.23582
0.18376
0.70331
0.36756
0.10057
0.23788
0.10549
0.32062
0.071856
0.55619
0.17796
0.67591
0.35564
0.079482
0.20516
0.60956
0.34086
0.10142
0.14522
0.1503
0.099403
0.52721
0.84047
0.1039
0.58703
0.23927
1.0716
0.96354
0.56733
0.68959
0.72616
0.63046
0.23638
1.2122
1.2421
0.15089
0.71972
0.23953
0.69624
0.15141
0.78026
0.37603
1.0382
0.64719
0.29845
0.22903
0.4007
0.66624
0.14826
0.93086
0.2469
0.27267
0.21665
0.62974
0.8087
0.90486
0.18823
0.27023
0.94271
0.47896
1.1188
0.11609
0.27417
0.29562
0.76618
0.12677
0.36726
0.1185
1.1451
0.1791
0.085379
0.67489
0.26628
0.080975
0.30808
0.25157
0.92925
0.39794
0.67156
0.16926
0.10164
0.10763
0.30652
0.34138
0.29668
0.10355
0.26433
0.30468
0.11055
0.27819
0.19531
0.27781
0.26988
1.6857
0.46124
0.098059
1.149
0.33279
0.20671
0.68299
0.59819
0.52218
0.086759
0.15166
0.91981
0.068613
0.1668
0.089348
0.91179
1.3003
0.59426
1.2053
0.15861
0.30449
0.24578
0.087832
0.12356
0.26142
0.87658
0.84142
0.26534
0.15498
1.2497
0.70941
0.18823
0.22522
0.10497
0.23844
0.81588
0.42581
0.20137
0.41532
1.1264
0.13769
1.063
1.0275
0.91204
0.79037
0.32941
0.20315
1.0035
0.77678
0.85304
0.24513
0.26856
0.35935
0.12285
0.66404
0.43711
0.15048
0.25939
1.1292
0.23761
0.50965
0.42003
0.15341
0.31057
0.11356
0.13786
0.73998
0.081369
0.11829
0.51288
0.13819
0.12778
0.26011
0.23137
0.56927
0.13063
1.0479
0.31285
0.36519
0.27892
0.22334
0.098672
1.0259
0.26504
0.623
0.11167
0.351
0.46384
1.576
0.39127
0.16653
0.6093
0.23814
0.78196
0.11628
0.89981
0.24226
0.15468
0.71794
0.12334
0.17313
1.1142
0.21637
1.0531
0.1749
0.26112
0.13698
0.0873
0.80988
0.12566
0.34412
0.17151
0.81845
1.2313
0.24373
1.1864
0.90716
0.11425
0.94969
0.3657
0.32937
0.14854
0.13182
0.33689
0.34792
0.092617
0.41689
0.71836
0.76207
0.21559
0.13885
0.62145
1.0497
0.42839
0.80841
0.49047
0.78743
0.64217
1.1024
0.081939
0.6703
0.97492
0.91767
1.0264
0.53514
1.0719
0.090619
0.1091
0.079954
0.14177
0.17961
0.86734
0.16973
0.67594
1.2241
1.3498
0.91724
0.10981
0.92311
0.24325
1.1945
0.5605
0.32844
0.099865
0.35726
0.19423
0.078087
0.15465
0.10873
0.074682
0.073588
0.26973
0.35687
0.12082
0.37379
0.1585
0.32932
1.0983
0.22267
0.47652
0.20356
0.17247
0.15064
0.2452
0.18218
0.98369
0.070833
0.11231
0.73728
0.45554
0.39599
0.10779
0.23344
0.4124
0.37638
0.40694
0.12725
0.99222
0.4159
0.31877
0.48376
0.59438
0.26879
0.3748
0.10683
0.1699
0.56787
0.20966
0.53573
0.85171
0.21534
0.64499
0.063832
0.38842
0.47817
0.31894
0.35058
0.11983
0.11361
0.098945
0.31921
0.084485
0.089483
0.44677
0.51368
0.22332
0.96131
0.40141
0.15154
0.89894
0.077386
0.1183
0.20411
0.12683
0.18429
1.088
0.091905
0.13367
0.1602
0.070777
0.47554
1.6557
0.18872
0.38204
0.11601
0.093932
0.27825
0.10268
0.41308
0.69586
0.56632
0.80559
1.1296
0.061191
0.24914
0.18452
0.81304
0.19637
0.69761
0.13658
0.61825
0.2215
0.70145
0.28701
0.635
0.16452
0.34526
0.14483
0.20498
1.2232
0.10476
0.18347
0.52118
0.754
0.09047
0.17282
0.3589
0.10909
0.086195
0.88183
0.14766
0.29332
0.57373
0.081197
0.97034
0.54548
0.54152
0.14386
0.4605
0.7671
0.42424
0.12861
0.07264
0.097301
0.19244
0.25814
0.20912
0.089667
1.0527
0.50064
1.1778
0.052956
0.31511
0.18724
0.13981
0.16437
1.2388
0.21206
0.1449
0.40006
0.24169
0.10109
0.20341
0.074524
0.58949
0.9479
0.12503
0.11461
0.53463
0.29605
0.075773
0.32452
0.18152
0.092738
0.40114
0.92534
0.33326
0.086815
1.1084
0.16777
0.17341
0.11101
0.13744
0.1544
0.18769
0.085632
0.12334
0.1747
0.52175
0.11385
0.54428
0.068785
0.17033
0.083295
0.88388
0.56269
1.1013
0.79065
1.0174
0.50878
0.95737
0.17337
0.1071
0.11839
0.40857
0.15514
1.1745
0.094309
0.091792
1.1783
0.083341
0.46854
0.14571
0.095708
1.0184
0.16346
0.53388
0.44014
0.91429
0.11902
1.009
1.2907
1.1806
0.12928
0.26682
0.12317
0.096999
0.23476
0.11101
0.17127
0.082494
0.49485
0.093478
0.4782
0.31448
0.14422
0.62938
1.45
1.2018
0.12825
0.22014
0.12927
0.32009
0.078364
1.137
0.35114
0.33712
0.18325
0.18508
0.077149
0.74692
1.4256
0.57834
0.25929
0.90274
0.12884
0.72242
0.16959
0.20927
0.54837
0.66596
1.0655
0.72214
0.19603
0.14604
0.50067
0.12386
0.11308
0.17372
0.37933
0.89336
0.48923
0.77606
0.22075
0.32911
0.52813
0.19063
0.13683
1.0207
0.81759
0.37482
0.48318
0.41119
0.09246
1.0565
0.15802
0.33052
0.1583
0.12607
0.47265
0.41626
0.92936
0.19333
0.13496
0.98685
0.20741
0.067988
0.1131
0.64745
0.13061
0.86804
0.53583
1.0996
0.71242
0.98848
0.57144
0.14519
0.46771
0.15297
0.28017
0.20295
0.14
0.51065
0.09811
0.78858
0.48672
0.14314
0.1906
0.36541
0.23907
0.1343
0.20379
0.44564
0.64067
0.11303
0.52153
0.28217
0.19748
1.133
0.15011
0.086994
0.15687
0.36555
0.21779
0.39048
0.66295
0.6276
0.1915
0.25583
0.13162
0.12854
0.25631
0.19358
0.28069
0.42663
0.73039
0.45657
0.15816
0.33749
0.081034
0.19377
0.09639
0.08897
0.19358
0.73987
0.084095
0.45964
1.2691
0.69628
0.62988
0.14598
0.17691
0.20703
0.090421
0.35003
0.14842
0.33412
0.19316
0.78291
0.1997
0.70657
0.13217
0.14003
1.1325
0.10998
0.46527
0.13163
0.1896
0.71632
0.69856
0.1232
0.20941
0.15605
0.36211
0.43108
0.27859
0.95497
0.73281
0.32438
0.3211
0.1109
0.09491
0.76879
0.091986
1.2222
0.089512
0.19151
0.12427
0.058118
0.12294
0.71298
0.33802
0.32687
0.26136
0.23406
0.37969
0.48219
0.17032
0.71677
0.38112
0.74275
0.10821
1.0863
1.1735
0.8574
0.090294
0.18269
0.66382
0.091494
0.10341
0.096046
0.12228
0.5589
1.2281
0.11679
0.3104
0.25474
0.69136
0.20645
0.91903
0.093928
0.12485
0.6224
0.074803
0.19178
0.19038
0.36636
0.78147
0.48255
0.1084
0.5071
0.94938
0.23482
0.091409
0.082881
0.10859
0.98952
1.0583
0.15276
0.48008
0.47597
0.50391
0.15544
1.1517
1.2201
0.88269
0.17169
0.091198
0.18949
0.52701
0.37657
0.63143
0.15727
0.37528
0.20607
0.13715
0.075991
0.38947
0.40856
0.15258
0.36041
0.15771
0.12564
0.18324
0.12606
0.44952
0.18517
0.085009
0.39604
0.81852
0.20777
1.2459
0.070232
0.12584
0.10295
0.17262
0.38726
0.069505
0.13525
1.7017
0.094008
0.097202
1.2203
0.22106
0.14856
0.16157
0.085699
0.099607
0.61198
0.52016
0.2818
0.87519
0.20057
1.5307
0.53724
0.78461
0.06048
0.60545
0.34237
0.23808
0.35834
0.087897
0.082554
0.2157
1.0021
1.2291
0.98748
0.15906
0.60359
0.19264
0.39782
0.28707
0.13772
0.99612
0.42384
0.12549
0.5691
0.14615
1.4173
0.113
0.16586
0.9603
0.99247
0.39717
0.12866
0.10968
0.76364
0.25834
0.58005
0.21793
0.44954
0.4887
0.83093
0.29401
0.14887
0.43349
0.15208
0.20242
0.84926
0.61831
0.093718
0.30044
0.36219
0.28323
0.16552
0.096165
0.11442
0.057135
0.14871
0.091784
0.1839
0.10083
0.11918
1.051
1.1274
0.48633
1.1584
0.6618
0.36305
0.10007
0.081558
0.13454
0.078591
0.17996
0.29514
0.14659
1.0762
0.20158
0.94712
0.29531
0.26213
0.38255
0.31204
0.16896
0.48255
0.1195
0.73892
0.16205
0.12856
1.5211
0.62633
0.077143
0.26899
1.3055
1.1637
0.12206
0.17495
0.18143
1.1285
0.27599
0.18665
0.29632
0.18233
0.21424
0.10131
0.5363
0.07579
1.0406
0.55479
0.41957
0.51134
0.17204
0.34004
0.42609
1.1449
0.16637
0.34516
0.74982
0.10895
0.33224
1.1908
1.151
0.1612
0.16837
0.85867
0.66642
0.1801
0.14219
0.69571
0.35635
0.94173
1.3196
1.171
0.49915
0.23291
0.96603
0.82721
0.32829
0.31478
0.88071
0.25056
1.1871
1.1685
0.14977
1.1111
0.10115
1.1622
0.10632
0.21271
0.8264
0.11915
0.12741
0.072828
0.42421
0.94018
0.13111
0.33681
0.13916
1.1656
0.15508
0.10677
0.44394
0.27597
0.096623
0.11001
0.35558
0.13057
0.073997
0.069843
0.4986
0.10051
0.14873
0.70542
1.1966
0.29441
0.38134
0.20066
0.20808
0.64761
0.17546
1.1607
0.62181
0.1883
0.1022
0.75071
0.94117
0.14637
0.40229
0.091895
0.69067
0.24112
1.2559
1.4227
1.2194
0.16961
0.6383
1.4813
0.42085
0.31204
0.28473
0.26532
1.0593
0.10408
0.30562
0.45338
0.37922
0.30788
0.37563
0.22764
0.2497
0.7209
0.097083
0.2674
1.5025
0.63213
0.1607
1.197
1.134
1.7272
1.3013
0.17867
0.094907
1.1993
0.20342
1.0194
0.81496
0.16248
1.0074
1.1169
0.1523
0.098604
0.66316
1.3713
0.11426
0.1002
0.82011
0.075403
0.21053
1.209
0.30683
0.068432
0.27386
1.0415
0.45453
0.29329
0.11419
0.15258
0.381
0.39106
0.86595
0.27324
0.19844
0.71471
0.30378
0.19256
0.17276
0.25496
0.51667
0.11287
0.071417
0.43834
0.08515
0.9706
0.22637
0.21768
0.29652
0.47383
1.1317
1.0363
0.10989
1.093
0.41172
0.20567
0.20227
0.4878
1.1669
0.99274
0.3586
0.31508
0.68555
0.076945
0.1483
0.077629
0.24649
0.24792
0.17745
0.50353
0.19358
0.14264
0.19705
0.15391
0.19844
0.84442
0.080588
0.26364
0.55273
0.64468
0.2594
0.32653
0.80007
0.80344
0.22022
0.1926
0.80015
0.94785
0.38302
0.12601
0.37076
0.16997
0.80065
0.25535
0.12931
0.062823
0.81638
0.23004
0.26717
0.081715
0.48329
0.17216
0.7136
0.26672
0.11697
0.51948
0.27914
0.21159
0.67001
0.46999
0.74178
0.81254
0.11861
0.15002
0.29824
0.49277
0.16192
0.35546
0.069525
0.26292
0.53416
0.31286
0.086014
0.17408
0.11109
0.087667
0.13882
0.41152
0.16884
0.09398
0.32572
0.25111
1.154
0.36435
0.10991
0.47921
0.087141
0.13537
0.83584
0.64889
0.23486
0.43095
0.17969
0.29828
1.4457
0.11815
0.10359
0.46045
1.2091
0.18281
0.15602
0.16443
0.68961
0.21947
0.99794
0.92122
0.59847
0.21954
0.19788
0.85012
0.12462
0.37042
0.13373
0.4346
1.3294
0.56211
0.8358
1.025
0.089277
0.79224
0.82899
0.26904
0.50522
0.34999
0.57091
0.57652
0.83602
0.098588
0.14643
1.3326
0.65928
0.19815
0.090336
0.20617
0.83146
0.53353
0.16948
0.18966
0.26617
0.31821
1.1306
0.33934
0.53351
0.1847
0.21135
0.17726
0.096557
1.1838
0.33388
0.15968
0.4318
0.41266
0.10213
0.089283
0.12289
0.27535
0.52214
0.61264
0.10108
0.12134
0.10585
0.12982
0.10752
0.64062
0.34304
0.15673
0.070818
0.13537
0.19005
0.12479
0.09231
1.001
0.22423
0.090462
0.17704
0.22098
0.23114
0.099124
0.4135
0.058276
0.60499
0.35511
1.1969
0.29865
0.13163
0.27965
1.2384
1.0897
0.27427
0.48058
1.2107
0.30889
0.099466
1.5577
0.82678
0.62554
0.12924
0.19089
0.4531
0.12367
1.5433
0.1184
0.10144
0.67145
0.2004
0.28511
1.165
1.3406
0.10854
0.095612
0.94977
0.50818
1.1942
0.21259
0.15337
0.074837
0.15666
1.2513
0.099026
0.61183
0.14632
0.52919
0.292
1.2864
0.41529
0.19995
0.16096
0.13342
0.12991
0.091893
0.88651
0.062289
0.082415
0.20071
0.17031
0.19549
0.10149
1.2549
0.35489
0.096178
1.3079
0.53319
0.10985
0.18294
0.20833
0.78043
0.3337
0.38276
0.53667
0.23138
0.094833
0.084143
0.85163
0.10671
0.25573
0.65611
0.66553
0.21921
0.65482
0.9506
0.12253
0.68886
0.15809
0.14299
0.53847
0.55505
0.19116
0.12676
0.98876
0.20536
0.17877
0.11856
0.16407
0.6698
0.83454
0.089772
0.67226
0.16427
0.115
0.29555
0.067073
0.62846
0.31731
0.25424
1.0364
0.81567
0.99705
1.0198
0.3156
0.86794
1.0852
0.10855
0.26581
0.13455
0.69411
0.13684
0.13146
0.14211
0.15792
1.0608
0.82321
0.45085
0.067306
0.094428
1.0181
0.30865
0.10553
1.3009
0.30846
0.52005
0.16501
0.34629
0.073437
0.95691
0.49917
0.47517
0.98382
0.91815
0.088176
1.0057
0.40261
0.38319
0.096266
0.99225
0.21971
0.05624
0.12219
1.0984
0.35439
0.15395
1.2259
0.75126
0.27345
0.43345
0.15134
0.096651
0.15854
0.67207
0.17041
0.91187
0.83502
0.097726
0.12792
0.12613
0.21369
0.78502
0.1092
0.91997
0.090904
0.10556
0.14349
0.96367
0.23519
1.2897
0.26153
0.2588
0.87842
0.72216
0.87257
0.19166
0.77103
0.11679
1.4868
0.086597
0.85269
0.16145
0.64999
1.0079
1.1683
0.17289
0.19823
0.22854
0.17333
0.31408
0.51687
0.30997
1.2409
0.27137
0.64891
0.10642
0.91258
0.29849
0.69032
1.4568
0.1549
0.33004
0.46238
0.27317
0.52524
1.3043
0.26548
0.19823
0.32587
1.1335
0.22735
1.2003
0.61638
0.063707
0.10418
0.6972
0.064917
0.17581
0.65319
0.092531
0.96339
0.13163
1.4889
0.89849
0.23703
1.1453
0.86532
0.33747
0.91677
0.17906
0.91286
0.32439
0.84713
0.10895
0.29721
0.45236
0.31889
0.4017
0.38279
0.67997
0.40425
0.58228
0.45857
0.38768
0.71599
0.95367
0.94207
0.20562
0.97136
0.29032
0.11062
0.62301
0.93455
0.077784
0.32832
0.1063
0.1244
0.95503
0.34847
0.68383
0.45544
0.13042
0.33909
0.08447
0.38116
0.53357
0.22136
1.3657
0.083618
0.10043
0.41137
0.23439
0.13812
0.5299
0.13769
0.26774
0.14791
0.12279
0.27208
0.077917
0.29927
1.6497
0.21155
0.2681
0.20258
0.895
0.15141
0.17116
0.27246
0.3279
0.95181
0.068913
0.085704
0.20382
0.095747
0.18943
0.092009
0.60634
0.60095
0.77999
0.73459
0.10572
1.2799
0.20139
0.26796
0.20372
1.1559
0.48225
0.41784
0.36065
0.41693
0.31116
0.18123
0.54462
0.15282
1.3707
0.085392
0.52727
0.32028
0.072393
0.58992
0.1649
1.2712
0.4792
0.090726
0.089321
0.21369
0.50241
0.92115
0.10808
0.13784
1.1781
0.45754
0.071281
0.17861
1.1127
0.17423
0.24413
0.81152
0.092361
0.074302
0.53238
0.17398
0.089
0.87636
0.19853
0.226
0.32276
0.1586
0.29432
0.60172
0.13429
0.85492
0.38217
0.2714
0.13353
1.093
0.25738
0.093442
0.84468
0.79051
0.14273
0.29639
0.75729
1.2149
0.082045
0.15854
0.50171
0.11808
0.22472
0.17528
0.27127
0.38139
0.12086
1.1098
0.22203
0.28525
1.1725
0.33401
0.23534
1.1139
0.21698
0.12712
0.59019
0.16909
0.14007
0.61786
0.25912
0.476
0.069663
0.65131
1.2572
0.40982
0.70281
0.35197
0.2061
0.99683
0.2112
0.11611
0.368
0.096122
0.21641
0.3478
0.41271
0.32087
0.34241
0.09036
0.73886
0.13334
0.11408
0.25479
0.10905
0.46261
0.48294
0.30844
0.2506
0.13269
0.23081
0.90154
0.68605
1.099
0.10759
0.97958
0.61451
1.1603
0.14022
0.22593
1.1802
0.079277
0.15838
0.74958
0.68852
0.14785
1.1286
0.35376
1.2254
0.10484
0.10689
0.58136
1.0736
0.41949
0.14492
0.2862
0.094178
0.14974
0.077849
0.55307
0.72328
0.52848
0.94147
0.096779
0.11649
1.1587
0.10422
0.093162
1.1363
0.1188
0.98065
1.0678
0.94559
1.2712
0.58379
0.34696
0.36628
0.12255
0.15828
0.92872
0.90145
0.12609
0.1651
0.46235
0.074393
0.65393
0.14564
0.68941
0.24755
0.19862
1.1758
0.1724
0.37739
1.2392
0.27571
0.36676
0.15973
0.54195
0.08682
0.30037
1.0652
0.34717
0.244
1.0827
1.2658
0.39003
0.43623
0.37145
1.138
0.10897
0.74865
0.48319
0.11753
0.43236
0.14119
1.1683
0.45385
0.076738
0.58059
1.4388
0.10681
0.21542
0.55666
1.2937
0.24766
0.22268
0.20091
0.22172
1.5604
0.46744
1.062
1.2088
0.11698
0.18354
0.27623
0.48208
0.10905
0.81343
0.20517
0.14246
0.057777
0.11826
0.42444
0.095042
0.37557
0.18499
0.88358
0.88161
0.060219
0.22106
0.088199
0.17186
0.10594
0.45637
0.40363
0.27598
0.18461
0.46719
1.1333
0.064226
1.0926
0.28456
0.09805
0.50516
1.0125
0.26769
0.53109
0.87764
0.17695
0.23403
0.46834
0.70001
0.10726
0.10196
0.078346
0.32638
0.15797
0.15151
0.34284
0.083187
0.13453
0.36984
0.26489
1.1757
0.19657
0.10435
0.95352
0.43234
1.1999
0.30989
0.62588
0.21696
1.5226
0.57198
0.584
0.46177
0.24017
0.73289
0.15759
0.30063
1.1866
0.78814
0.23351
0.12933
0.96444
0.25387
0.14954
0.57033
0.46005
0.31933
0.23335
0.068332
0.80803
0.1148
0.64087
0.37324
1.2457
0.14886
0.55876
1.5294
0.088248
0.67134
0.53726
0.10409
0.83614
0.30008
0.6386
0.11409
0.16813
0.77842
0.12918
0.28858
0.66824
1.2181
0.26145
1.0777
0.63953
1.0166
0.11252
0.87853
1.3598
0.14102
0.08355
0.3639
0.11485
0.17254
0.60267
0.31063
0.18987
1.1151
1.2583
0.84294
0.11604
0.17985
0.66588
0.20369
0.085127
0.77833
0.093035
0.46032
0.62701
0.24876
0.14179
0.083025
0.49461
0.31364
0.33044
0.79071
0.27926
0.15174
0.16166
0.25641
1.0365
0.35906
0.85536
0.083331
0.29937
0.10485
0.40015
0.38742
1.1471
0.093735
0.1955
0.30108
0.45112
0.56894
0.41422
1.0421
0.17356
0.32809
0.41858
1.0107
1.1158
0.5743
0.073906
0.21632
1.1707
0.094076
0.11959
0.30022
0.18293
0.19071
0.095902
0.082936
0.11586
0.2225
0.09729
0.15669
0.12057
0.44562
0.22224
0.16606
0.25623
0.69305
0.23377
0.30054
0.6165
0.13458
0.090094
0.15668
0.10517
1.4835
1.0511
0.98311
0.27958
1.1513
0.19536
0.61154
0.70212
0.63923
0.24134
0.47296
0.72411
0.18928
1.5214
1.1121
0.38313
0.1329
0.64682
0.63066
0.17072
0.092163
0.20695
0.084412
0.15742
1.0633
0.27241
0.15083
0.49176
0.19787
0.23375
0.18923
0.67744
0.10453
0.30422
0.37029
1.4447
0.44268
0.064151
0.1217
0.10533
0.88674
0.28503
0.72582
0.10782
0.22065
1.2705
1.0451
0.29597
1.2517
0.17452
0.41544
0.1799
0.63999
0.35707
0.16997
0.32516
0.61624
0.18215
1.3423
0.2441
1.1429
0.193
0.12041
0.41507
0.28162
0.10652
0.36319
0.80111
0.38198
0.074244
0.28201
0.084362
0.21536
0.43966
0.32343
0.1415
0.18143
0.082003
0.46346
1.237
0.3833
0.47326
0.083518
1.3173
1.006
0.24525
1.0754
0.90393
0.29399
0.32745
0.10835
0.19287
0.41341
1.1258
0.10916
0.28074
0.16029
0.35139
0.38003
0.64452
0.26004
0.40111
1.1177
0.18171
0.1087
0.078535
1.1057
0.53892
0.091681
0.3601
0.19399
0.31567
0.91939
0.25104
0.078098
0.40329
0.69815
1.0122
0.62172
0.59372
0.54408
0.29133
1.4463
1.3885
0.18358
0.1223
0.70668
0.52886
0.18491
0.17908
0.21497
1.2094
0.3454
0.40111
0.16955
0.20871
0.2702
0.06727
0.084468
0.10027
0.081662
0.15898
0.29927
0.73566
0.27583
0.60828
0.14055
0.12706
0.16279
0.16521
1.0516
1.199
0.28487
0.20793
1.6245
0.4002
0.41589
0.53053
0.238
0.73836
0.26665
0.47964
0.1573
0.22413
0.21379
0.50279
1.2041
0.47988
0.70665
0.49335
1.3271
0.069085
0.16694
0.16991
0.088256
0.2747
0.48503
1.084
0.43446
0.57703
0.43841
0.11482
0.2086
0.24597
0.38303
0.22117
0.23962
0.12439
0.12235
0.34092
1.1821
0.45969
0.6202
0.28395
0.097381
0.70697
0.23601
0.41195
0.099564
0.23586
1.2417
0.50201
0.50732
0.37834
0.1914
0.083669
0.11773
0.97348
0.61574
0.17762
0.11174
0.78098
0.83533
0.24932
0.91208
0.079414
0.27087
0.82854
0.50097
0.058393
0.45145
0.15781
0.47376
0.39591
0.38324
0.16268
0.6883
1.2013
0.080304
0.14212
0.59194
0.14
1.0161
0.34636
0.16532
0.74633
0.089316
0.52086
0.30491
0.10629
0.13064
0.15029
0.090402
0.15136
0.61627
0.076053
1.1313
1.1655
1.0698
0.084908
0.52559
0.24807
0.12202
0.30264
0.21035
0.76503
0.76587
0.55545
1.2306
0.11231
0.35756
0.83135
0.95455
0.20601
0.096317
0.53083
0.15081
1.5017
0.8481
0.072587
0.36952
0.19863
0.45676
0.089657
0.24102
0.13632
1.1315
1.0301
0.10678
0.1181
0.095816
0.1154
0.24793
0.45692
1.3018
0.21613
0.18453
1.0566
0.14439
0.5961
0.16284
0.54264
0.08058
0.76947
0.097413
0.068675
0.11113
0.10818
0.19712
0.3548
0.17575
0.9708
0.2624
0.11528
0.2608
0.46238
0.1889
0.080667
0.75143
0.1934
0.1841
0.79648
0.46303
0.13714
1.1146
0.14656
0.15121
0.12306
0.98692
0.85359
0.7902
0.33299
0.24135
0.30051
0.67496
0.082287
1.1029
0.29572
0.37502
0.60656
0.36144
0.53623
0.2406
0.14923
1.0831
0.23838
0.59996
0.073853
0.45716
0.60409
0.143
0.20378
0.34624
0.1527
0.97612
0.28001
0.25312
1.1634
1.1512
0.62498
0.10329
0.16748
0.25704
0.16421
0.19278
1.47
0.10812
0.43537
0.77583
0.10666
0.072812
0.92805
0.63807
0.62023
1.0973
0.61053
0.14889
0.085399
1.1892
1.0482
0.43913
0.093313
0.33244
0.078033
0.61025
0.19553
0.23469
0.13573
0.63001
0.99929
0.4749
0.65642
0.092107
0.66029
0.60607
0.095872
0.98243
0.17376
0.70866
0.27419
0.31889
0.33101
0.27143
0.17327
0.25133
0.31115
0.17481
0.48532
0.12133
0.19591
0.21034
0.36048
0.8686
0.94691
0.095442
0.88285
0.07638
0.25206
0.13209
0.10792
0.17248
0.70394
0.42378
0.2118
0.25235
0.11671
0.17331
0.11672
0.063023
0.11177
0.31943
0.11171
1.0028
1.1741
1.1801
0.54744
0.13439
0.080446
0.19607
0.081898
0.33195
1.169
0.11002
0.12096
0.23431
0.28048
0.074922
0.22436
0.18897
0.16161
1.0995
0.36771
0.39384
0.37778
0.50094
0.11116
0.12856
0.20372
0.28182
0.18104
0.32989
0.32709
1.2045
0.11758
0.30273
1.2654
0.2451
1.1855
0.094094
0.14058
0.79536
0.15973
0.15977
0.29786
0.34026
0.084318
0.31153
0.098198
1.427
0.085512
0.3215
0.11093
0.76312
0.33873
1.23
0.54379
0.074716
0.15477
0.10183
0.09614
0.19857
0.091808
0.59205
0.33368
1.4256
0.18094
0.27728
0.69114
0.50497
0.96362
0.13682
1.1052
0.074342
1.1436
0.075969
0.078422
1.037
0.081952
0.097076
0.22079
0.39566
0.099699
0.1108
0.30292
0.9077
0.21369
0.49588
0.31022
0.15073
1.0715
0.24239
0.12273
0.48244
0.078001
0.20987
0.63423
0.34804
0.18478
0.15867
0.65409
0.077233
0.64537
0.12099
0.47556
0.14849
0.68341
0.071493
0.16129
0.44597
0.95278
0.081071
0.35233
0.14759
0.36807
0.27921
0.60079
0.092645
0.29134
0.08149
0.2659
0.23154
0.072748
0.13825
0.35694
0.60085
0.9684
0.60399
0.070605
0.29951
0.061941
0.21281
0.131
0.38876
1.1093
0.37695
0.59775
0.4986
0.97669
0.13522
0.15899
0.47406
0.11677
0.19779
0.52096
0.28245
0.22883
0.70477
0.6945
0.1141
0.1399
0.23919
1.2275
0.40866
0.22294
0.29941
0.092245
0.13073
0.18508
0.85282
0.13137
0.18702
0.36393
0.16713
0.73976
1.2751
1.2474
0.67358
0.24494
0.11208
0.12051
0.15616
1.1144
0.9706
0.37129
0.19736
0.094187
0.2141
0.59302
0.22526
0.99787
0.55988
0.28964
0.10465
0.13132
0.99481
0.10502
0.21201
0.25125
0.30175
0.1494
0.76503
0.33046
0.21695
0.56842
0.61866
0.29325
0.19623
0.31469
0.31053
0.51039
0.28586
0.18793
0.11126
0.12025
0.3731
0.92832
0.3162
0.82507
0.88657
1.1387
0.10823
0.50812
0.60756
0.63245
0.058047
0.118
0.12715
0.44418
0.43283
1.0793
1.1891
0.11961
0.49469
0.073859
0.3401
0.23527
0.28317
0.78184
0.099189
0.53651
0.18407
0.81788
0.60199
1.0788
0.20764
0.47524
0.10063
0.083891
0.26894
1.0688
0.11253
0.12695
0.83357
0.21886
0.54338
0.74432
0.11923
0.092713
0.063889
0.20087
0.24167
0.094188
0.22727
0.16719
0.092992
1.0531
0.50933
0.14239
0.13608
0.43631
1.3223
0.5389
0.14577
0.20315
0.72121
0.083701
0.22299
0.23034
0.42373
0.46483
0.084785
0.36055
0.67611
0.089142
0.27754
0.11133
0.14872
0.51686
0.2912
0.23554
0.6503
0.11984
0.8343
0.24572
0.961
0.34814
0.13793
0.25986
0.67288
0.85553
0.099674
0.26607
0.72249
0.50791
1.2833
0.7665
0.13915
0.75451
0.51923
0.34844
0.27414
0.36548
0.40749
0.075616
0.51681
0.50483
0.23801
0.14169
0.29623
0.50869
0.75621
0.16723
0.095861
0.2843
0.49203
0.30149
0.33087
0.96246
0.48056
0.1606
0.18706
0.36724
0.65709
0.10244
0.077793
0.14514
0.39105
0.17287
0.17515
0.18867
0.1001
0.17182
0.13432
0.62639
0.37066
0.12828
0.45879
1.0938
0.15046
1.2575
0.11152
0.58753
0.12447
0.10676
0.10507
0.96076
0.44775
0.90098
0.3706
0.15489
0.16871
0.10916
1.2651
0.18346
0.13143
0.77265
0.095252
0.15713
0.18347
0.086602
0.29475
0.12443
0.090436
0.44426
0.38572
0.39934
0.16389
1.3053
0.65948
1.156
0.36062
0.074421
0.62331
0.2105
0.15003
0.21855
0.09493
0.34157
0.35589
0.14666
0.54264
0.094936
0.11269
0.2737
1.2039
0.08797
0.42595
0.23582
0.18376
0.70331
0.36756
0.10057
0.23788
0.10549
0.32062
0.071856
0.55619
0.17796
0.67591
0.35564
0.079482
0.20516
0.60956
0.34086
0.10142
0.14522
0.1503
0.099403
0.52721
0.84047
0.1039
0.58703
0.23927
1.0716
0.96354
0.56733
0.68959
0.72616
0.63046
0.23638
1.2122
1.2421
0.15089
0.71972
0.23953
0.69624
0.15141
0.78026
0.37603
1.0382
0.64719
0.29845
0.22903
0.4007
0.66624
0.14826
0.93086
0.2469
0.27267
0.21665
0.62974
0.8087
0.90486
0.18823
0.27023
0.94271
0.47896
1.1188
0.11609
0.27417
0.29562
0.76618
0.12677
0.36726
0.1185
1.1451
0.1791
0.085379
0.67489
0.26628
0.080975
0.30808
0.25157
0.92925
0.39794
0.67156
0.16926
0.10164
0.10763
0.30652
0.34138
0.29668
0.10355
0.26433
0.30468
0.11055
0.27819
0.19531
0.27781
0.26988
1.6857
0.46124
0.098059
1.149
0.33279
0.20671
0.68299
0.59819
0.52218
0.086759
0.15166
0.91981
0.068613
0.1668
0.089348
0.91179
1.3003
0.59426
1.2053
0.15861
0.30449
0.24578
0.087832
0.12356
0.26142
0.87658
0.84142
0.26534
0.15498
1.2497
0.70941
0.18823
0.22522
0.10497
0.23844
0.81588
0.42581
0.20137
0.41532
1.1264
0.13769
1.063
1.0275
0.91204
0.79037
0.32941
0.20315
1.0035
0.77678
0.85304
0.24513
0.26856
0.35935
0.12285
0.66404
0.43711
0.15048
0.25939
1.1292
0.23761
0.50965
0.42003
0.15341
0.31057
0.11356
0.13786
0.73998
0.081369
0.11829
0.51288
0.13819
0.12778
0.26011
0.23137
0.56927
0.13063
1.0479
0.31285
0.36519
0.27892
0.22334
0.098672
1.0259
0.26504
0.623
0.11167
0.351
0.46384
1.576
0.39127
0.16653
0.6093
0.23814
0.78196
0.11628
0.89981
0.24226
0.15468
0.71794
0.12334
0.17313
1.1142
0.21637
1.0531
0.1749
0.26112
0.13698
0.0873
0.80988
0.12566
0.34412
0.17151
0.81845
1.2313
0.24373
1.1864
0.90716
0.11425
0.94969
0.3657
0.32937
0.14854
0.13182
0.33689
0.34792
0.092617
0.41689
0.71836
0.76207
0.21559
0.13885
0.62145
1.0497
0.42839
0.80841
0.49047
0.78743
0.64217
1.1024
0.081939
0.6703
0.97492
0.91767
1.0264
0.53514
1.0719
0.090619
0.1091
0.079954
0.14177
0.17961
0.86734
0.16973
0.67594
1.2241
1.3498
0.91724
0.10981
0.92311
0.24325
1.1945
0.5605
0.32844
0.099865
0.35726
0.19423
0.078087
0.15465
0.10873
0.074682
0.073588
0.26973
0.35687
0.12082
0.37379
0.1585
0.32932
1.0983
0.22267
0.47652
0.20356
0.17247
0.15064
0.2452
0.18218
0.98369
0.070833
0.11231
0.73728
0.45554
0.39599
0.10779
0.23344
0.4124
0.37638
0.40694
0.12725
0.99222
0.4159
0.31877
0.48376
0.59438
0.26879
0.3748
0.10683
0.1699
0.56787
0.20966
0.53573
0.85171
0.21534
0.64499
0.063832
0.38842
0.47817
0.31894
0.35058
0.11983
0.11361
0.098945
0.31921
0.084485
0.089483
0.44677
0.51368
0.22332
0.96131
0.40141
0.15154
0.89894
0.077386
0.1183
0.20411
0.12683
0.18429
1.088
0.091905
0.13367
0.1602
0.070777
0.47554
1.6557
0.18872
0.38204
0.11601
0.093932
0.27825
0.10268
0.41308
0.69586
0.56632
0.80559
1.1296
0.061191
0.24914
0.18452
0.81304
0.19637
0.69761
0.13658
0.61825
0.2215
0.70145
0.28701
0.635
0.16452
0.34526
0.14483
0.20498
1.2232
0.10476
0.18347
0.52118
0.754
0.09047
0.17282
0.3589
0.10909
0.086195
0.88183
0.14766
0.29332
0.57373
0.081197
0.97034
0.54548
0.54152
0.14386
0.4605
0.7671
0.42424
0.12861
0.07264
0.097301
0.19244
0.25814
0.20912
0.089667
1.0527
0.50064
1.1778
0.052956
0.31511
0.18724
0.13981
0.16437
1.2388
0.21206
0.1449
0.40006
0.24169
0.10109
0.20341
0.074524
0.58949
0.9479
0.12503
0.11461
0.53463
0.29605
0.075773
0.32452
0.18152
0.092738
0.40114
0.92534
0.33326
0.086815
1.1084
0.16777
0.17341
0.11101
0.13744
0.1544
0.18769
0.085632
0.12334
0.1747
0.52175
0.11385
0.54428
0.068785
0.17033
0.083295
0.88388
0.56269
1.1013
0.79065
1.0174
0.50878
0.95737
0.17337
0.1071
0.11839
0.40857
0.15514
1.1745
0.094309
0.091792
1.1783
0.083341
0.46854
0.14571
0.095708
1.0184
0.16346
0.53388
0.44014
0.91429
0.11902
1.009
1.2907
1.1806
0.12928
0.26682
0.12317
0.096999
0.23476
0.11101
0.17127
0.082494
0.49485
0.093478
0.4782
0.31448
0.14422
0.62938
1.45
1.2018
0.12825
0.22014
0.12927
0.32009
0.078364
1.137
0.35114
0.33712
0.18325
0.18508
0.077149
0.74692
1.4256
0.57834
0.25929
0.90274
0.12884
0.72242
0.16959
0.20927
0.54837
0.66596
1.0655
0.72214
0.19603
0.14604
0.50067
0.12386
0.11308
0.17372
0.37933
0.89336
0.48923
0.77606
0.22075
0.32911
0.52813
0.19063
0.13683
1.0207
0.81759
0.37482
0.48318
0.41119
0.09246
1.0565
0.15802
0.33052
0.1583
0.12607
0.47265
0.41626
0.92936
0.19333
0.13496
0.98685
0.20741
0.067988
0.1131
0.64745
0.13061
0.86804
0.53583
1.0996
0.71242
0.98848
0.37099
0.74984
0.29409
0.19874
0.89534
1.173
0.9385
0.72202
1.0883
0.12126
0.092077
0.11952
0.1906
0.10561
0.23907
0.9578
0.58393
0.16991
0.11174
0.11303
0.38987
1.0403
0.19748
0.23912
0.083576
0.44648
0.23015
0.36555
0.094687
0.59469
0.66295
0.93001
0.34559
0.25583
0.13381
0.47306
0.25631
0.89064
0.32139
0.37584
0.14391
0.45657
0.41073
0.67588
1.1954
0.09111
0.25354
0.61593
0.58611
0.96321
1.0371
0.33483
0.33275
1.1409
0.75526
0.47128
0.2369
0.83758
0.21165
0.065171
0.3721
1.1857
0.45445
0.42434
0.1997
1.1673
0.73385
0.26798
1.135
0.12102
0.10264
0.13163
0.62582
0.098597
0.34753
0.26113
1.106
0.18203
0.20465
0.43108
0.11618
0.95497
0.17401
0.7176
0.26672
0.18407
1.0169
1.0079
1.038
0.11941
0.089512
0.095446
0.37236
0.51189
0.26689
0.4692
0.10202
0.060259
0.37881
0.10835
0.29019
0.37012
0.99268
0.37422
0.18193
0.21095
0.10821
0.28438
1.1193
0.21792
0.13323
0.26392
0.62859
0.34014
0.10341
0.49636
0.12228
0.17585
0.84224
0.17785
0.13272
0.13977
0.39325
0.10397
0.085205
0.082118
0.097144
0.9155
0.37423
0.86211
0.4335
0.22084
0.23798
0.69976
0.16946
0.83359
0.9047
0.28288
0.091409
0.21352
0.20959
0.12961
0.083647
0.91579
0.12375
0.25293
0.14327
0.26564
1.208
0.54366
0.53044
1.3037
0.077131
0.76439
1.1748
0.263
0.15324
0.11893
0.37535
0.20607
0.5962
0.15528
0.97008
0.16214
0.17595
0.94523
0.52587
0.21672
0.9082
0.54892
0.069454
0.093478
0.12156
0.25049
0.161
0.19797
0.13974
0.22263
0.99795
0.5057
0.27309
0.075379
0.40567
0.77663
1.0327
0.19712
0.1493
0.24878
0.28273
0.53658
0.54263
0.1908
0.60265
0.31385
0.99492
0.17064
0.10117
0.39662
1.5307
0.50994
0.13788
1.0155
0.60545
0.34237
0.29166
0.95924
0.22213
0.99425
1.0796
0.11101
1.1912
1.5297
0.75303
0.60359
0.7373
0.21755
0.12688
1.013
0.84801
0.42384
0.79262
0.90984
0.1804
0.10361
0.46942
0.74001
0.86346
0.56279
0.17915
0.10265
0.084256
0.1262
0.64116
0.13201
0.21793
0.51758
0.85701
0.70741
0.9139
0.14887
0.98134
0.25574
0.26216
0.34455
0.31276
0.31134
0.09712
0.2864
0.2568
0.16552
0.97328
0.19321
0.17908
0.14871
0.14112
0.1839
0.087662
0.90623
0.14109
0.71968
0.14838
1.2489
0.56676
0.73177
0.19225
0.11069
1.1407
1.1369
0.12675
0.46048
0.086057
0.15665
0.2627
0.20709
0.29531
0.26213
0.21166
0.95778
0.094529
0.12334
0.078157
0.14749
0.79435
0.12856
0.064643
0.1414
0.26586
0.82239
0.20213
1.1637
0.060737
0.16651
0.25315
0.77457
0.093039
0.086251
0.091565
0.18233
0.091741
0.18008
0.68037
0.27038
0.47369
1.6765
0.20474
0.31642
0.23888
0.13779
0.36829
0.14243
0.16637
0.34516
0.94743
0.11445
0.31311
1.024
0.64716
0.92918
0.21833
0.32281
0.090152
0.9717
0.47296
0.84236
0.18134
0.6946
0.21056
0.20752
0.75053
0.070021
0.29217
0.1614
0.32829
0.78258
0.79604
0.45229
1.0379
0.50928
0.11087
1.1111
0.10279
0.59076
0.15866
0.7295
0.39936
0.10478
0.12791
0.9663
0.41399
0.39445
1.0334
0.1718
0.12893
0.089264
0.071281
0.2364
0.54669
0.20777
1.034
0.16767
0.36592
0.10817
0.073997
0.59973
0.434
0.32586
0.11377
0.70542
0.088704
1.0625
0.38134
0.80563
1.6182
0.16215
0.55519
1.5876
0.083634
0.1883
1.0459
0.39825
0.31201
0.36585
1.0729
0.080546
0.26109
0.41788
0.35294
0.39549
1.7166
0.074753
1.1449
1.4813
0.1245
0.15021
0.1461
0.64057
1.0113
1.1283
0.9016
0.087183
0.082357
0.3331
0.3133
0.73289
0.37201
0.20432
0.11174
0.14527
0.3513
0.21423
0.10525
0.66775
0.42231
1.2187
0.47678
1.0854
0.24729
1.2326
1.0844
1.0194
0.12808
0.16248
0.26579
0.55866
1.2641
0.10575
0.305
1.3713
0.20499
0.11842
0.25048
0.14829
0.090769
0.12744
0.36554
0.24504
0.32718
0.1326
0.20155
0.29989
0.077062
0.25204
0.25419
1.3124
0.99007
0.14418
0.26711
1.1051
0.30378
0.42219
0.1621
0.54447
0.11095
1.1579
0.071417
0.18817
1.0335
0.30313
0.13221
1.2444
0.19173
0.35205
0.53795
0.11976
0.081089
0.41155
0.22511
0.082057
0.14435
1.1127
0.084258
0.13343
1.0611
0.8371
0.18555
0.19367
0.14621
0.43988
0.26618
0.070807
0.7512
0.11298
0.073991
0.32452
0.20794
0.57729
0.19076
1.1692
0.14197
0.085528
0.3175
0.39606
0.2594
0.11478
0.096887
0.80344
0.53412
0.090188
1.4408
0.94785
0.52876
0.2209
0.3174
1.2041
0.80065
0.81289
0.12149
0.22521
0.96383
0.28672
0.37143
0.18228
1.1973
0.20626
0.53398
0.14433
0.29708
0.24819
0.9256
0.35045
0.85611
0.26189
0.10789
0.44923
0.52706
1.1537
0.31761
0.27838
0.071679
0.35546
0.82859
0.11571
0.21252
0.63944
0.72082
0.11141
0.15836
0.36295
1.0922
0.86301
0.16884
0.74649
0.11221
0.66917
0.12798
1.0791
0.11939
0.61573
0.29163
1.2458
0.83584
0.21598
0.72577
0.097237
0.7834
0.37422
0.76275
1.0042
1.0034
0.46045
0.34959
0.17837
0.10654
0.16443
0.79905
0.20512
0.091969
0.066684
0.59847
0.35362
0.19788
0.85012
0.14518
1.1055
0.18174
0.081609
0.092841
0.82166
1.2639
0.85077
0.32214
0.53028
0.82899
0.10963
0.45288
0.21991
0.57091
0.14067
0.098898
0.19301
0.094121
0.12739
0.82747
0.15775
0.15074
0.15463
0.60819
0.57039
0.16054
0.28336
0.91325
0.15662
0.23267
0.22521
0.10069
0.79044
0.98467
0.28281
0.14767
0.098219
0.38342
0.12443
0.1313
0.23522
0.094108
0.083839
0.12289
0.77246
0.5585
0.077335
0.13194
0.22744
0.21973
1.1303
0.18904
0.32277
0.34304
1.2773
0.18472
0.10806
0.42182
0.59365
0.38294
0.13438
0.62233
0.87634
0.10304
0.22098
0.20717
0.12312
0.54961
0.17456
1.6094
0.39025
0.4422
0.11228
0.13163
0.092582
0.16808
1.1123
0.43163
0.4451
1.2107
0.16341
0.080932
1.1809
0.37381
0.74157
0.21586
0.19089
0.4531
0.12397
0.46029
0.4178
0.21181
0.23273
0.35197
0.28511
0.41893
1.4009
0.10854
1.1701
1.017
0.12507
0.65328
0.21259
0.56922
0.38199
0.96187
0.087746
1.1086
0.080874
0.3387
0.83893
0.79092
0.50295
0.54321
0.36307
0.40684
0.19936
0.12991
0.091893
0.14081
0.49241
0.080771
0.091996
0.20417
0.1309
0.27609
1.2549
1.0848
0.35969
0.10578
0.53319
0.17346
0.18237
0.20833
0.073778
0.092347
1.2257
0.082638
0.56806
0.25361
1.1131
0.3739
0.074408
0.069308
0.22994
0.20966
0.3815
1.0527
0.29391
0.18856
0.15141
0.1951
0.12273
0.68498
0.50029
0.16118
0.32168
1.314
0.099634
0.1386
1.4429
0.34149
0.96682
0.5102
0.28765
0.31494
1.177
0.28289
0.27361
1.1503
0.17405
0.31731
0.44114
0.33182
0.48043
0.24584
1.0198
0.23255
0.18829
0.24396
0.28531
0.26581
0.18627
0.51221
0.08815
0.23285
0.72377
0.50349
1.0608
0.37569
0.11453
0.15315
0.14893
1.0788
0.10184
0.23057
0.10667
0.44312
0.31545
1.0503
0.34629
0.57007
0.070582
0.1125
0.4819
0.37345
0.91815
0.57879
0.79708
0.078113
0.27571
0.99109
0.99225
0.12886
0.15562
0.071953
0.66189
0.30847
0.12299
0.54308
0.16343
0.16547
0.094029
0.18787
0.67545
0.71118
0.21581
1.1895
0.38749
0.078803
0.097726
0.91293
0.69645
0.53812
0.20194
0.19268
0.91997
0.30329
1.1083
0.24078
0.96367
1.3121
0.10137
0.63242
0.17073
0.083257
0.71488
0.18074
0.62856
0.77103
0.095407
0.10431
0.093741
0.85269
0.16145
0.54271
0.33012
1.1683
0.7892
0.1979
0.10451
0.17333
0.077191
0.091113
0.18529
1.6524
0.18975
0.55257
0.87553
0.52347
0.10077
0.37504
1.1415
1.3521
0.34868
0.46434
0.2002
0.66344
0.42298
0.094173
0.084417
0.35272
0.18439
0.25819
0.11513
0.21091
0.10884
0.2497
0.081697
0.22393
0.29334
0.22567
0.092531
0.28591
0.1036
0.3822
1.1832
0.1451
0.15186
0.12975
0.33747
0.91677
0.26451
1.5984
0.32439
0.20712
0.10895
0.29721
0.66486
0.16742
0.38271
0.10275
0.19685
0.18476
0.086165
0.50558
0.12465
0.095666
0.10711
0.11188
0.18293
1.0417
0.9973
0.19183
0.38472
0.12079
0.35758
0.11443
0.11708
0.72682
0.30702
0.66823
0.50425
0.26555
0.13042
0.60857
0.21882
0.097462
1.0743
1.271
0.15241
0.15876
0.82942
0.41137
0.16699
0.093185
0.5299
0.35198
1.2846
0.06815
0.16384
0.17045
1.5902
0.32656
0.32936
0.58594
1.1347
0.37349
1.1684
0.12639
1.1236
0.27246
0.3279
1.0314
0.068913
0.27486
0.091099
0.1267
0.10731
0.29798
0.39106
0.49787
0.11279
0.076867
0.13961
0.078017
0.42207
0.08804
0.18678
1.0723
0.32326
0.35933
0.36065
0.24957
0.36087
0.58122
0.47372
0.55305
0.10021
1.1865
0.3348
0.23801
0.075126
1.0238
0.50712
0.99548
0.4792
0.23649
0.23079
0.96632
0.12121
0.2733
0.13816
0.13784
0.3106
0.45754
0.89804
0.72924
1.1127
0.47791
0.055157
0.17888
1.1929
0.13661
0.1566
0.29129
1.0163
0.87636
0.12886
1.1434
0.14221
0.44425
1.0547
0.1575
0.71197
0.29344
0.27736
0.19127
0.99721
0.087927
1.1365
0.68366
1.2685
0.37309
0.67179
0.22521
0.19469
0.23823
0.76959
0.18175
1.0984
0.8758
0.22472
0.43745
0.15239
0.29126
0.47897
0.29104
0.16834
0.1164
0.11434
0.28562
0.52053
0.58653
1.2836
1.1154
0.25795
0.21264
0.076381
0.38245
0.62208
0.476
0.11433
0.126
1.2572
1.0694
0.11304
0.12339
0.17215
0.67872
0.10417
0.30483
0.21332
0.76578
0.77964
0.25611
0.8494
0.075068
0.31303
0.5439
0.73886
0.36248
0.16925
0.16795
0.1384
0.46261
0.26177
0.10577
0.68112
1.1645
0.55232
0.87641
0.68605
0.6419
0.29694
0.10447
0.2646
0.54703
0.16185
0.4781
0.13968
1.1045
0.87803
0.17473
0.24037
0.68982
1.2921
0.22668
0.67613
0.10484
0.10689
0.056609
1.0736
0.41949
0.21905
0.20608
0.11031
0.14974
0.14964
0.079018
1.2636
0.90749
0.6294
0.3809
0.11649
1.1587
0.093611
0.093162
0.12669
0.47179
0.3995
0.10654
0.85886
0.267
0.17801
0.17678
0.2727
0.43902
0.15433
0.25543
0.13534
1.3001
0.32473
0.13461
0.10889
0.52816
0.64919
0.44528
1.2616
0.5993
0.69002
0.1724
0.14159
0.13992
0.16233
0.10227
0.44365
0.54195
0.71008
0.13438
0.0854
0.34717
0.96029
0.33024
0.27176
0.95537
1.2071
0.33325
1.138
0.65064
0.18334
0.23805
1.0211
0.34483
0.43492
0.087233
0.090895
0.16629
0.30249
0.15387
0.73389
0.30733
0.55666
0.94063
0.16569
0.41034
0.21394
0.40194
0.34815
0.35387
1.483
0.2443
1.037
0.17013
0.45533
0.75678
0.12072
0.97491
0.081739
1.2301
0.21194
0.28948
0.10482
0.12209
0.15538
0.11327
0.37168
0.18093
0.38845
0.60286
0.089828
1.0726
0.13791
0.25058
0.54698
0.21106
0.28517
0.2051
0.089762
1.0186
0.44741
0.10753
0.10368
0.10441
0.6782
0.13111
0.4281
0.53238
0.30388
0.85763
0.538
0.1135
0.10379
0.26658
0.25936
0.13197
0.069624
0.59182
0.97176
0.15232
0.13453
0.16291
0.26489
1.1757
0.11367
0.18356
1.2043
0.21333
1.1999
0.44889
0.23338
1.1912
1.1167
0.67659
0.61614
0.46177
0.52426
0.25927
0.2447
1.2093
0.12875
0.40823
0.62176
0.17875
0.42449
0.68554
0.15836
0.59125
0.40576
0.31933
0.12883
0.91265
0.47985
0.71563
0.35544
0.16427
0.34488
0.12458
0.15732
1.1713
0.77464
0.51324
0.25252
0.099688
0.34485
0.27771
0.45666
0.14477
0.096982
1.2172
0.33825
0.28858
0.20227
0.07647
1.3181
0.13477
0.46703
0.60634
0.85777
0.37226
0.12136
0.18377
0.30189
0.087964
0.81316
0.44685
0.80433
0.083783
0.16325
1.2058
0.34611
0.74453
0.13265
1.0677
0.66588
0.43014
0.081796
0.13186
0.17912
0.10749
0.16489
0.24876
0.45925
0.10017
0.3711
1.1532
0.14105
0.22118
0.18994
0.62187
0.16166
0.15344
1.0365
1.2186
0.19618
0.15517
0.46752
0.37838
0.14234
0.12151
0.2419
0.13265
0.27302
0.22075
0.33506
1.2519
0.48451
0.089473
0.31292
0.8078
0.41858
0.11737
0.36419
0.1644
0.077397
0.33058
0.27874
0.94529
0.29996
0.80754
1.4223
0.13819
0.082312
0.36248
0.10187
1.1504
0.72531
0.15669
1.637
0.27053
0.86101
0.090744
0.10073
1.0258
0.15223
0.22761
0.31622
0.1203
0.077681
0.16794
0.066208
0.67653
0.10885
0.43178
1.0303
0.13467
0.095474
1.1516
0.57984
0.56275
0.3071
1.2025
0.72411
0.28443
1.5214
1.1596
0.10409
0.93319
0.42497
0.1928
0.33466
0.13322
0.19234
1.2804
0.075308
0.58952
0.14737
0.51821
0.11676
0.19787
0.99088
0.40087
0.10131
1.1047
1.2522
1.1568
0.60249
0.12405
0.076343
0.11196
0.10533
0.19968
0.26889
0.16335
0.36305
0.22737
0.12316
0.17912
0.08639
0.15388
0.13959
0.41544
1.2049
0.16379
0.15816
1.1803
0.70441
0.14518
0.19753
0.12702
0.16239
0.32237
0.11338
0.13352
0.12423
0.12049
0.54807
0.36319
0.19906
0.39132
0.094944
0.59065
0.58967
0.21536
0.43966
0.30816
1.0694
0.11493
0.17192
0.9258
0.81507
0.63924
0.20497
0.30189
0.63227
0.13978
0.24525
0.29419
0.62894
0.30741
0.22036
0.10835
0.084165
0.28821
0.98571
0.75004
0.079944
0.392
0.3109
0.12227
0.26686
0.12469
0.094594
0.10599
0.18171
0.1087
0.25449
0.092029
0.6639
0.070486
0.22289
0.10755
0.75767
0.20918
0.25104
0.34062
1.2236
0.16626
0.26822
0.30499
0.82851
1.0583
0.29133
0.20148
0.51414
0.15716
0.29509
0.071406
0.62061
0.16505
0.083999
0.17515
0.40067
0.32516
0.20657
0.37554
0.086553
0.71353
0.35801
0.11263
0.10329
0.1631
0.30006
0.10463
0.24709
0.13888
0.42214
0.15597
1.2041
0.41572
0.18303
1.0516
1.199
0.79872
0.47322
1.6245
0.2252
1.2113
0.33882
0.81615
0.71731
0.27872
0.16369
0.50112
0.11109
0.80022
0.69155
0.67889
1.1613
0.074111
0.49335
0.088588
0.26907
0.10628
0.41524
0.10234
1.2415
0.1425
0.39355
0.13394
0.33539
1.217
1.0053
0.41861
0.84105
0.10347
0.94701
0.63073
0.088597
0.16159
0.2631
0.74516
0.14769
0.082118
0.085508
0.36323
1.1707
0.1845
0.36624
0.93067
0.13487
0.14116
0.12937
0.50732
0.23799
1.2059
0.39956
0.97331
0.11635
0.084715
0.44231
0.09148
0.27385
0.60267
0.21399
0.91208
0.41188
0.33447
0.070916
0.50097
0.23821
1.4151
0.15781
0.259
0.20611
0.59872
1.08
0.64854
0.80029
0.52806
1.2222
0.26059
1.0078
0.95616
0.33339
0.096886
0.12686
0.15145
0.18804
0.16923
1.0024
0.37351
0.15029
0.090402
0.15039
1.4552
1.2091
0.16134
0.07323
0.153
0.084908
0.55926
1.1941
0.082268
0.43001
0.75452
0.39079
0.85268
1.2637
0.18309
0.11231
0.19884
0.16126
0.14122
0.10289
0.34264
1.0215
0.26804
0.6234
0.55722
0.667
0.36952
0.21771
0.13489
0.060767
0.13544
0.29562
0.085127
1.2307
0.1789
0.31949
0.90839
0.1154
0.082451
0.10251
0.11486
0.093851
0.30175
0.85444
0.71783
1.4872
0.16284
0.52546
0.72645
0.57363
0.40819
0.087333
1.1263
0.5681
0.41044
0.76322
0.58321
0.1802
0.48764
0.93402
0.58642
0.089756
0.528
0.3738
0.089494
0.1934
0.07297
0.27201
0.34864
0.18342
0.5893
0.08793
0.66812
0.086708
0.19523
0.21944
0.63701
0.66495
0.18174
0.30051
0.12039
0.48598
1.1696
0.29572
0.35633
0.12161
0.31078
0.25035
0.11675
0.14923
0.14637
0.10566
0.092686
0.2895
0.3969
0.44469
0.36942
0.091246
0.65461
1.0172
0.72164
0.088823
0.4629
0.36387
0.41709
0.62498
0.32469
0.15649
0.70472
0.1168
0.097529
0.14145
0.17562
0.47978
0.40888
0.23247
1.444
0.92805
1.1738
0.26699
1.0973
0.70413
0.26809
0.34632
0.079621
0.20157
0.43913
0.093313
0.11293
0.31345
0.59956
1.1292
0.098914
0.21871
0.32832
1.2733
0.3599
0.75584
0.41971
0.074048
0.19889
0.095872
0.90986
0.45623
0.454
1.0205
0.2591
1.1894
0.49547
0.17327
0.11299
0.17847
0.10145
0.84666
0.36
0.19591
0.41782
0.93027
0.22792
0.13742
0.79929
0.88285
0.17935
1.1545
0.086761
0.10792
0.65193
0.12485
0.41155
0.2118
0.19565
0.27704
0.1123
0.68766
0.1206
0.18591
0.073368
0.11171
0.16185
0.66333
1.1801
0.54744
0.58522
0.094645
0.30741
0.1066
0.53892
0.63544
0.58768
0.95993
0.49148
0.28048
0.13744
0.18167
0.30613
0.16161
0.09603
1.11
0.19952
0.17913
0.50027
0.21936
0.085328
0.20372
0.074699
1.245
0.37288
0.16643
1.2045
0.32721
0.2891
0.11817
0.40258
0.1098
0.13247
1.2269
0.19053
0.37017
0.15977
0.31459
0.78929
0.13857
0.31153
0.098198
0.93029
0.18759
0.27634
1.1988
0.078991
0.14565
0.47199
0.34586
0.17241
0.95243
0.69746
0.23989
0.12763
0.43862
0.25898
0.22119
0.14789
0.62674
0.25569
0.6012
0.15261
0.27486
0.16519
0.30594
0.51761
0.093493
0.1193
0.16479
1.037
0.081952
0.24976
0.69686
0.10112
0.30268
0.092854
0.12787
0.8589
0.12825
0.49588
0.31022
0.11874
0.25336
1.1794
0.20504
0.08745
0.074509
0.78034
0.64855
0.34804
0.69219
0.10369
0.65409
0.077233
0.18328
0.19272
0.25008
0.45688
0.63205
0.23798
0.9812
0.6069
0.51123
0.44286
0.15148
0.083922
0.59823
0.96887
0.49753
1.0008
0.07124
0.45918
0.2659
0.076468
0.29352
1.084
1.2874
1.2354
0.18844
0.18523
0.23966
0.29951
0.87151
0.24003
0.96761
0.8594
0.10914
0.51054
0.09326
0.60931
0.32417
0.14061
0.40203
0.47244
0.11677
1.1781
0.31661
0.36794
0.30719
0.14573
0.13797
0.18673
0.47152
0.15961
0.10229
1.2029
0.26067
0.14982
0.70102
0.20388
0.49196
0.10815
0.11703
0.15736
0.25194
0.37672
0.73976
0.15575
0.19122
0.13252
0.24494
0.42471
0.76553
1.1235
0.19351
0.9706
0.11733
0.60108
0.41645
0.66282
0.19952
0.88687
1.2225
0.19938
0.084171
1.2617
0.3763
0.66399
0.33934
0.48733
0.090884
0.57844
0.91484
0.50047
0.15315
0.24779
0.80452
0.35479
0.54816
0.55434
0.10712
0.36098
0.32239
0.072359
0.15704
0.20279
0.41969
0.2112
0.92832
0.3162
0.82507
0.88657
1.1387
0.10823
0.50812
0.60756
0.63245
0.058047
0.118
0.12715
0.44418
0.43283
1.0793
1.1891
0.11961
0.49469
0.073859
0.3401
0.23527
0.28317
0.78184
0.099189
0.53651
0.18407
0.81788
0.60199
1.0788
0.20764
0.47524
0.10063
0.083891
0.26894
1.0688
0.11253
0.12695
0.83357
0.21886
0.54338
0.74432
0.11923
0.092713
0.063889
0.20087
0.24167
0.094188
0.22727
0.16719
0.092992
1.0531
0.50933
0.14239
0.13608
0.43631
1.3223
0.5389
0.14577
0.20315
0.72121
0.083701
0.22299
0.23034
0.42373
0.46483
0.084785
0.36055
0.67611
0.089142
0.27754
0.11133
0.14872
0.51686
0.2912
0.23554
0.6503
0.11984
0.8343
0.24572
0.961
0.34814
0.13793
0.25986
0.67288
0.85553
0.099674
0.26607
0.72249
0.50791
1.2833
0.7665
0.13915
0.75451
0.51923
0.34844
0.27414
0.36548
0.40749
0.075616
0.51681
0.50483
0.23801
0.14169
0.29623
0.50869
0.75621
0.16723
0.095861
0.2843
0.49203
0.30149
0.33087
0.96246
0.48056
0.1606
0.18706
0.36724
0.65709
0.10244
0.077793
0.14514
0.39105
0.17287
0.17515
0.18867
0.1001
0.17182
0.13432
0.62639
0.37066
0.12828
0.45879
1.0938
0.15046
1.2575
0.11152
0.58753
0.12447
0.10676
0.10507
0.96076
0.44775
0.90098
0.3706
0.15489
0.16871
0.10916
1.2651
0.18346
0.13143
0.77265
0.095252
0.15713
0.18347
0.086602
0.29475
0.12443
0.090436
0.44426
0.38572
0.39934
0.16389
1.3053
0.65948
1.156
0.36062
0.074421
0.62331
0.2105
0.15003
0.21855
0.09493
0.34157
0.35589
0.14666
0.54264
0.094936
0.11269
0.2737
1.2039
0.08797
0.42595
0.23582
0.18376
0.70331
0.36756
0.10057
0.23788
0.10549
0.32062
0.071856
0.55619
0.17796
0.67591
0.35564
0.079482
0.20516
0.60956
0.34086
0.10142
0.14522
0.1503
0.099403
0.52721
0.84047
0.1039
0.58703
0.23927
1.0716
0.96354
0.56733
0.68959
0.72616
0.63046
0.23638
1.2122
1.2421
0.15089
0.71972
0.23953
0.69624
0.15141
0.78026
0.37603
1.0382
0.64719
0.29845
0.22903
0.4007
0.66624
0.14826
0.93086
0.2469
0.27267
0.21665
0.62974
0.8087
0.90486
0.18823
0.27023
0.94271
0.47896
1.1188
0.11609
0.27417
0.29562
0.76618
0.12677
0.36726
0.1185
1.1451
0.1791
0.085379
0.67489
0.26628
0.080975
0.30808
0.25157
0.92925
0.39794
0.67156
0.16926
0.10164
0.10763
0.30652
0.34138
0.29668
0.10355
0.26433
0.30468
0.11055
0.27819
0.19531
0.27781
0.26988
1.6857
0.46124
0.098059
1.149
0.33279
0.20671
0.68299
0.59819
0.52218
0.086759
0.15166
0.91981
0.068613
0.1668
0.089348
0.91179
1.3003
0.59426
1.2053
0.15861
0.30449
0.24578
0.087832
0.12356
0.26142
0.87658
0.84142
0.26534
0.15498
1.2497
0.70941
0.18823
0.22522
0.10497
0.23844
0.81588
0.42581
0.20137
0.41532
1.1264
0.13769
1.063
1.0275
0.91204
0.79037
0.32941
0.20315
1.0035
0.77678
0.85304
0.24513
0.26856
0.35935
0.12285
0.66404
0.43711
0.15048
0.25939
1.1292
0.23761
0.50965
0.42003
0.15341
0.31057
0.11356
0.13786
0.73998
0.081369
0.11829
0.51288
0.13819
0.12778
0.26011
0.23137
0.56927
0.13063
1.0479
0.31285
0.36519
0.27892
0.22334
0.098672
1.0259
0.26504
0.623
0.11167
0.351
0.46384
1.576
0.39127
0.16653
0.6093
0.23814
0.78196
0.11628
0.89981
0.24226
0.15468
0.71794
0.12334
0.17313
1.1142
0.21637
1.0531
0.1749
0.26112
0.13698
0.0873
0.80988
0.12566
0.34412
0.17151
0.81845
1.2313
0.24373
1.1864
0.90716
0.11425
0.94969
0.3657
0.32937
0.14854
0.13182
0.33689
0.34792
0.092617
0.41689
0.71836
0.76207
0.21559
0.13885
0.62145
1.0497
0.42839
0.80841
0.49047
0.78743
0.64217
1.1024
0.081939
0.6703
0.97492
0.91767
1.0264
0.53514
1.0719
0.090619
0.1091
0.079954
0.14177
0.17961
0.86734
0.16973
0.67594
1.2241
1.3498
0.91724
0.10981
0.92311
0.24325
1.1945
0.5605
0.32844
0.099865
0.35726
0.19423
0.078087
0.15465
0.10873
0.074682
0.073588
0.26973
0.35687
0.12082
0.37379
0.1585
0.32932
1.0983
0.22267
0.47652
0.20356
0.17247
0.15064
0.2452
0.18218
0.98369
0.070833
0.11231
0.73728
0.45554
0.39599
0.10779
0.23344
0.4124
0.37638
0.40694
0.12725
0.99222
0.4159
0.31877
0.48376
0.59438
0.26879
0.3748
0.10683
0.1699
0.56787
0.20966
0.53573
0.85171
0.21534
0.64499
0.063832
0.38842
0.47817
0.31894
0.35058
0.11983
0.11361
0.098945
0.31921
0.084485
0.089483
0.44677
0.51368
0.22332
0.96131
0.40141
0.15154
0.89894
0.077386
0.1183
0.20411
0.12683
0.18429
1.088
0.091905
0.13367
0.1602
0.070777
0.47554
1.6557
0.18872
0.38204
0.11601
0.093932
0.27825
0.10268
0.41308
0.69586
0.56632
0.80559
1.1296
0.061191
0.24914
0.18452
0.81304
0.19637
0.69761
0.13658
0.61825
0.2215
0.70145
0.28701
0.635
0.16452
0.34526
0.14483
0.20498
1.2232
0.10476
0.18347
0.52118
0.754
0.09047
0.17282
0.3589
0.10909
0.086195
0.88183
0.14766
0.29332
0.57373
0.081197
0.97034
0.54548
0.54152
0.14386
0.4605
0.7671
0.42424
0.12861
0.07264
0.097301
0.19244
0.25814
0.20912
0.089667
1.0527
0.50064
1.1778
0.052956
0.31511
0.18724
0.13981
0.16437
1.2388
0.21206
0.1449
0.40006
0.24169
0.10109
0.20341
0.074524
0.58949
0.9479
0.12503
0.11461
0.53463
0.29605
0.075773
0.32452
0.18152
0.092738
0.40114
0.92534
0.33326
0.086815
1.1084
0.16777
0.17341
0.11101
0.13744
0.1544
0.18769
0.085632
0.12334
0.1747
0.52175
0.11385
0.54428
0.068785
0.17033
0.083295
0.88388
0.56269
1.1013
0.79065
1.0174
0.50878
0.95737
0.17337
0.1071
0.11839
0.40857
0.15514
1.1745
0.094309
0.091792
1.1783
0.083341
0.46854
0.14571
0.095708
1.0184
0.16346
0.53388
0.44014
0.91429
0.11902
1.009
1.2907
1.1806
0.12928
0.26682
0.12317
0.096999
0.23476
0.11101
0.17127
0.082494
0.49485
0.093478
0.4782
0.31448
0.14422
0.62938
1.45
1.2018
0.12825
0.22014
0.12927
0.32009
0.078364
1.137
0.35114
0.33712
0.18325
0.18508
0.077149
0.74692
1.4256
0.57834
0.25929
0.90274
0.12884
0.72242
0.16959
0.20927
0.54837
0.66596
1.0655
0.72214
0.19603
0.14604
0.50067
0.12386
0.11308
0.17372
0.37933
0.89336
0.48923
0.77606
0.22075
0.32911
0.52813
0.19063
0.13683
1.0207
0.81759
0.37482
0.48318
0.41119
0.09246
1.0565
0.15802
0.33052
0.1583
0.12607
0.47265
0.41626
0.92936
0.19333
0.13496
0.98685
0.20741
0.067988
0.1131
0.64745
0.13061
0.86804
0.53583
1.0996
0.71242
0.98848
0.098109
1.1748
0.99591
0.12815
0.81865
0.77318
0.14053
0.56194
0.75438
0.12212
0.33481
0.091889
0.20583
1.2042
0.33242
0.15283
0.077001
0.95296
0.2513
0.74319
0.1076
0.15587
0.29832
0.60319
0.093855
0.26295
1.7124
0.32522
0.088552
1.1569
0.1591
0.4806
0.47035
0.10299
0.15372
0.11245
0.64541
0.077846
1.397
0.15681
0.22639
0.068291
0.41073
0.12781
0.1587
0.78778
0.14515
0.56705
0.20071
0.092852
0.8157
0.62675
0.15985
1.1409
0.40938
0.90801
0.43277
0.31044
1.0437
0.30174
0.18449
0.11264
0.14889
0.1452
0.97247
0.66965
0.10453
0.79563
0.53789
0.091507
0.82515
0.12801
0.317
0.509
1.0755
0.41149
0.85168
0.18203
0.20465
0.4553
0.30928
0.48587
0.058194
0.28252
0.45145
0.18407
1.0853
0.63529
0.2326
0.21224
0.61856
0.095446
1.2237
0.14415
0.088673
0.24734
0.10202
0.30045
0.08254
0.23675
0.29019
0.16296
0.12391
0.10787
0.59556
0.31942
0.84443
1.0173
1.4041
0.21604
1.0851
0.59091
0.55227
0.22066
0.36842
0.45411
0.21354
0.17585
0.35756
0.32921
0.12333
0.95535
0.39325
0.12451
0.31083
0.95408
0.097144
0.16905
0.078991
0.22752
0.30984
0.11637
0.11046
0.22213
0.23574
0.83359
0.21069
0.2309
0.085805
0.21352
0.3505
0.46512
0.6238
0.26935
0.24019
0.17906
0.14327
0.38233
0.078529
0.92333
0.53044
0.50819
0.3504
0.76439
0.097363
0.10182
1.2531
0.82164
0.12435
0.087494
0.55533
0.19387
0.45094
0.29466
1.0095
0.11869
0.073951
0.85295
0.18436
0.093546
0.17753
0.13507
0.12156
0.066038
0.13463
0.11957
0.39584
0.44728
0.38647
0.61752
0.29031
0.11671
0.17131
0.37302
0.93281
1.1408
0.074795
0.16251
0.084294
0.34921
1.0792
0.29377
0.65838
0.31385
0.12434
0.089508
0.10959
0.51301
0.48866
0.1401
0.20988
0.2527
0.65238
1.0471
0.37163
1.1696
0.36985
0.48269
0.15322
0.16021
0.64401
1.1851
0.12084
0.806
0.086484
0.21755
0.084521
0.25229
1.2136
0.10685
0.090827
0.75003
0.21468
0.089298
1.0726
0.28499
0.1687
0.069293
0.38657
0.10265
0.78424
0.75433
0.11163
0.12448
0.4507
0.51873
0.10913
0.10422
0.083329
0.093394
0.33854
0.25574
0.25816
0.36826
0.11264
1.0969
0.34738
0.20576
0.93288
0.085259
0.10118
0.48604
0.17908
0.35516
0.29312
0.22878
0.27071
0.90623
0.16892
0.21251
0.10572
0.10058
0.56676
0.73177
0.19225
0.11069
0.3065
0.7134
0.22305
0.63655
0.32484
0.15665
0.4513
0.1557
0.39129
0.3172
0.11016
0.95778
0.094529
0.4531
0.078157
0.32009
0.19876
0.13079
0.076873
0.18128
1.047
0.097396
0.98513
0.19981
0.94537
0.84964
1.1579
0.85749
0.15883
0.19628
0.45995
0.14342
0.20624
0.21211
0.088754
0.27048
0.30837
0.54975
0.11156
0.94522
0.066137
0.1781
1.0836
0.19727
0.30169
0.34516
0.94743
0.079156
0.33817
0.227
0.97262
0.18855
0.23775
0.31818
0.090152
0.9717
0.13396
0.93801
1.0364
0.11889
0.15886
0.073546
0.13039
0.070021
0.13367
0.10609
0.53313
0.1155
0.13146
0.59753
0.089261
0.11072
0.23639
1.1111
0.89657
0.26909
0.12934
0.28152
0.17423
0.087953
0.12295
1.63
0.90701
1.1514
0.21439
0.13192
0.77711
0.28174
0.081532
1.0953
0.26016
0.80601
0.13624
1.3084
0.36592
0.51917
0.073997
0.16099
1.2557
0.32586
1.1705
0.40346
0.088704
0.24662
0.42976
0.4882
0.067238
0.1202
0.20723
0.44865
0.2517
0.1807
1.0459
0.39825
0.49777
0.22914
1.0729
0.20874
0.21043
0.087637
0.69921
0.983
1.1831
0.35839
0.80846
0.98939
0.22642
0.11599
0.1461
0.092613
0.13919
0.17834
0.58011
0.12064
0.41341
0.11613
0.37587
0.1328
0.37201
0.3207
0.14927
0.13991
1.1748
0.13955
0.13217
0.10347
0.42231
0.19991
0.091482
0.34923
0.21784
0.94151
0.14482
0.5183
0.11023
0.083232
0.26579
0.19542
0.13479
0.18178
0.73972
0.12968
0.43717
0.29445
0.10097
1.162
0.090769
0.20086
0.35763
0.07969
0.15476
0.10426
0.255
0.41726
0.077062
0.22034
1.1741
0.20781
1.0226
0.075808
0.11268
0.83907
1.4586
0.42219
0.11505
0.33447
0.46127
0.3256
0.14531
0.54286
0.51696
0.54483
0.97678
0.54081
0.6736
0.14353
0.18911
0.32805
0.53818
0.17227
0.70205
0.15656
0.52999
0.14027
0.084258
0.1437
0.11397
0.11901
0.35569
0.85566
0.26882
0.156
0.50946
0.088991
0.14547
0.067154
0.099969
0.076696
0.34986
0.15855
0.079762
0.69249
0.84775
0.89313
0.28975
0.81424
0.69388
0.12603
0.18154
0.57716
0.61623
0.84533
0.27146
0.31938
0.22735
0.41362
0.23891
1.2041
0.19084
0.4384
0.12149
0.17095
0.89549
0.2215
0.082526
0.3714
0.10012
0.5753
0.64158
0.14433
0.2855
0.4315
1.0444
0.082543
0.21354
0.22703
0.11044
0.27215
0.54951
0.32488
0.068928
0.09806
0.4746
0.35546
0.78028
0.30035
0.21252
0.21802
1.1719
0.11141
0.75399
0.25948
0.62161
0.42083
0.54376
0.67776
0.31482
0.11157
0.30485
0.16212
0.23505
0.099757
0.19119
1.2458
0.83584
0.15861
0.66395
0.10864
0.43765
0.62798
0.32446
1.0042
0.086771
0.84934
1.1486
0.68968
0.15821
0.061449
0.20551
0.090726
0.091969
1.4839
0.86158
1.5461
0.12536
0.09215
0.28595
0.066826
0.30287
0.75634
0.09669
0.25277
0.41324
0.1547
0.1366
0.67631
1.0495
0.10963
0.45288
0.10153
1.1318
0.16342
0.26799
0.067671
0.64676
0.12739
0.074852
0.20149
0.75534
1.0789
0.32767
0.20888
0.16054
0.72565
1.0376
0.21672
0.63476
0.37518
0.85489
1.1152
0.22587
0.52089
0.14767
0.14119
0.34157
0.91336
0.17349
0.11808
1.079
0.13913
0.78254
0.09141
0.096206
0.21064
0.71553
0.3195
0.1426
0.18288
0.87308
0.083649
0.42757
0.22737
0.2494
1.1306
0.11476
0.84282
0.38543
0.44
0.27116
0.98462
0.164
0.22098
0.20717
0.12312
0.28425
0.18964
0.99471
1.0506
0.14953
0.13398
0.23749
0.5439
0.41848
0.94212
0.43163
0.31149
1.0469
0.16341
0.080932
1.3065
0.16521
0.21915
0.056274
0.19089
0.33885
0.12397
0.15362
0.29492
0.11374
0.13176
0.12303
1.0935
1.117
1.0275
0.07801
1.3863
0.48345
0.28645
0.48738
0.35809
1.1922
0.9695
0.70408
0.42651
0.47175
0.06447
0.1488
0.1216
1.2313
0.50295
0.84751
0.36307
0.40684
0.12848
0.16596
0.091893
0.14081
1.19
0.32434
0.091996
0.45355
0.11051
0.49765
0.23449
0.72307
0.060635
0.36966
1.2135
0.090808
0.33747
0.27855
0.17621
0.21351
0.12951
0.11292
0.56806
0.10903
0.31401
0.678
0.074408
1.0024
0.22994
0.15761
0.1958
1.2501
0.06445
0.49421
0.12057
0.084988
0.19427
0.15126
0.51229
0.11294
0.33566
1.314
0.31029
1.698
0.44597
0.34149
0.15772
0.22369
0.39115
0.95461
0.50889
0.28289
0.47207
0.11524
0.10359
1.1702
0.92241
0.33182
0.87168
0.24584
1.2593
0.65363
0.33937
1.1633
0.50367
0.79239
0.23144
0.80851
1.1171
0.23285
1.1782
0.083192
0.18198
0.080454
0.073123
1.5739
1.2151
1
0.47865
0.18674
1.1628
0.09692
0.13974
0.12294
1.0407
0.57007
0.070582
0.12772
0.68962
0.24039
0.636
0.29987
0.35193
0.59203
0.27571
1.2033
0.15145
0.12886
0.12247
0.36565
1.1978
0.092848
0.10961
0.24937
1.1465
0.2163
0.31107
0.084436
0.39144
0.65232
0.12083
0.81238
0.53236
0.078803
1.2233
0.83557
0.83176
0.44225
0.23666
0.11396
0.29282
0.074414
1.1083
0.12084
0.1608
1.3121
1.2488
0.52964
1.4252
0.081225
0.26844
0.14828
0.62856
0.088373
0.17806
0.10431
0.53772
0.25583
0.17623
0.97179
0.86881
0.11456
0.6118
0.16018
0.29081
0.17333
1.2144
0.20448
0.10206
0.16831
0.54588
0.62734
0.10865
1.0705
0.23804
0.64956
1.1415
1.0496
0.99106
1.0322
0.2002
0.66344
1.0743
0.094173
0.092126
1.1465
0.18439
0.52456
0.12056
0.21091
0.16068
0.38028
0.36394
0.29396
0.89555
1.0613
0.96672
0.1091
0.49351
0.76732
1.1832
0.17668
1.1315
1.0866
0.34175
0.38974
0.12295
0.10272
0.075054
0.11683
1.1195
0.16942
0.94048
0.11576
0.76077
0.10771
1.2437
0.68322
0.086165
0.68764
0.12465
0.11195
0.4022
0.12719
0.7112
0.26807
0.10856
0.1036
0.38472
0.19668
0.25341
0.23214
1.1384
0.10537
1.2745
0.46514
0.090055
0.10789
0.26693
0.51989
1.059
0.26254
0.11762
0.23856
0.34638
0.23554
0.16089
0.87287
0.48239
0.11734
0.10267
0.37703
1.2846
0.53995
0.16384
0.21324
0.37129
0.076343
0.24142
0.5305
0.1877
0.057463
0.28431
0.40025
0.08657
0.17268
0.74911
1.0504
0.41618
0.73162
0.087523
0.24925
0.10343
0.14888
0.54877
0.16714
0.14799
0.38958
0.63476
0.078017
0.14665
0.25434
0.09788
0.83753
0.32326
0.20898
0.10215
0.24957
0.1546
0.1784
0.95405
0.5216
0.21037
1.1865
0.49368
0.28178
0.075126
1.0238
1.1125
0.46729
0.23752
0.33747
0.12673
0.96632
0.87245
0.69926
0.28264
0.59961
0.2209
1.3707
0.89804
0.24405
0.44703
0.76286
0.23013
0.11758
0.1186
0.69021
0.161
1.1732
0.16394
0.85888
0.098052
0.13071
0.08743
0.889
0.34435
0.39113
0.23202
0.23894
0.53408
0.16181
0.26989
0.10737
0.067683
0.08425
0.16906
0.13641
0.60795
0.22521
0.71555
0.076618
0.11011
0.2448
1.0984
0.060174
0.15994
0.10078
1.1642
0.46125
1.0618
0.29104
0.81199
1.2012
0.081278
1.1913
1.4022
0.58653
0.13243
0.1041
0.17496
0.25229
0.17599
0.16693
0.30785
0.27335
0.13173
0.24663
1.2572
0.20462
0.29428
0.083086
0.10554
0.34627
0.086764
0.22128
0.20748
0.11326
0.26438
0.13713
0.8494
0.075068
0.27747
0.20787
0.79044
0.37589
0.081029
0.16795
0.4516
0.37659
0.26177
0.2633
0.18949
0.32133
0.58605
0.10377
0.68605
0.13639
0.10084
0.27522
0.2646
0.17368
0.4937
0.13163
0.42867
0.1157
0.87803
0.45337
0.60307
0.12708
0.19289
0.22668
0.1838
0.10484
0.15971
0.09455
1.0736
0.26039
0.95875
0.35934
0.44195
0.88429
0.20607
0.14089
1.0571
0.90749
0.39204
0.3656
0.19725
0.18117
0.091105
0.55646
1.1608
0.70571
0.09096
0.82019
0.13023
1.1311
0.098565
0.091556
0.25338
0.11272
0.11277
0.28045
0.75236
0.1978
0.37197
0.13461
0.22396
0.85294
1.0989
0.23032
0.43504
0.5993
1.0462
0.53112
0.39335
0.099824
0.11511
0.34814
0.10904
0.097362
0.77881
0.31053
0.064344
0.34717
0.1627
0.17408
0.096028
0.25265
0.3229
1.1626
0.32751
0.16202
1.1467
0.19235
0.86449
0.34483
0.11895
0.082617
0.19901
0.074007
0.11117
0.077691
0.087687
0.089136
0.7315
0.54552
0.64951
0.86871
0.27995
0.16829
0.11188
0.1641
0.37793
0.4401
0.3248
0.25121
0.72632
0.20639
0.22839
0.4142
0.38923
0.29844
0.29871
0.37587
0.11511
0.89187
0.21024
0.13532
0.0992
0.10325
0.25554
0.1856
0.41652
1.0726
0.97842
0.12539
1.5703
0.90068
0.84434
0.22859
0.11149
0.1681
0.14105
0.60832
0.18478
0.12693
0.10912
0.10446
1.2699
0.46795
0.11442
0.16581
0.27084
0.72591
0.69919
0.94243
0.25936
0.25878
0.22942
0.198
0.60551
0.081673
0.40124
0.098873
0.91254
0.17241
0.3636
0.077717
0.39261
0.28697
0.088214
0.5048
0.76379
0.73252
0.42218
0.68668
0.24419
0.24414
0.52426
0.23881
0.82169
0.14951
0.19027
0.36907
0.5967
0.17875
0.42449
0.44724
0.8424
0.59125
0.28359
1.3003
0.12783
0.48532
0.47985
0.16982
1.0795
1.0277
0.34488
0.20926
0.32225
1.1713
0.38799
0.50921
0.25252
0.65426
0.10206
0.082946
0.43288
0.40043
0.27095
0.63902
1.5169
0.097239
0.43109
0.1796
0.69684
0.083241
0.42883
0.7343
0.29337
1.1185
0.12136
0.24746
1.0519
0.27056
0.1898
0.44685
0.80433
0.49467
0.35611
0.51868
0.69197
0.20249
0.10056
0.20827
0.83348
0.19997
0.19295
0.64564
0.15061
0.08026
0.9327
0.24876
0.10907
0.14156
0.36418
0.21301
0.070732
0.14444
0.23621
0.13935
0.086409
0.40724
0.086589
0.82505
0.13704
0.22519
0.67492
0.52184
0.14234
0.38298
0.2419
0.49179
0.27302
0.52974
0.98975
0.52366
0.38563
0.087092
0.10941
0.12102
0.50545
0.11737
0.11552
0.1644
0.39731
0.43603
0.24158
0.36965
0.0792
0.080338
0.15983
0.72477
0.33347
0.68833
0.45905
1.1504
0.72531
0.14589
1.637
0.17651
0.57966
1.056
0.6365
0.64724
0.47284
0.22761
1.1596
0.20915
0.55967
0.28505
0.066208
1.5087
0.91908
1.2726
0.22504
0.30997
1.0454
0.22337
0.9832
0.77251
0.088261
0.15411
0.1341
0.11535
1.1007
0.27848
0.10409
0.36635
0.42497
0.45902
0.063687
0.45163
1.1749
0.14665
0.87244
0.19063
0.50024
0.21915
0.10139
0.69002
0.20482
0.28822
0.10131
0.14679
0.36176
0.55945
0.10146
0.085202
0.63475
1.1182
0.15699
0.2414
0.19451
0.3032
0.73642
0.22737
0.070639
0.42468
0.70775
1.1218
0.74782
0.40497
0.10803
0.11384
1.0083
0.093672
0.15245
0.77055
1.5852
0.69114
0.10286
0.32237
0.21415
0.081548
0.45645
0.1218
0.54807
0.093472
0.2526
1.1641
0.74561
0.79197
0.60802
0.21536
0.60487
0.98174
0.49395
0.98851
0.16985
0.42177
0.81507
0.10225
0.20497
1.2847
0.95715
1.0368
0.12188
0.47223
0.13159
0.1048
0.33332
0.097341
0.1643
1.4233
1.0662
0.11361
0.12917
0.29124
0.25925
0.73769
0.14514
0.7092
0.094594
0.16173
0.54471
0.60315
1.1179
1.0112
1.0455
0.070486
0.26237
1.2807
0.12537
0.20918
1.322
0.14795
0.2786
0.16626
0.12042
1.1723
0.12877
0.74166
0.12488
0.20148
0.19416
0.13427
0.14559
0.64334
1.2518
0.57429
0.083999
0.46581
0.89437
0.83969
0.23924
0.60619
0.7949
0.21611
0.32595
0.33734
0.60948
0.66214
0.36316
0.58716
0.61064
1.0623
0.24859
0.64677
0.24543
1.1621
0.2815
0.77172
0.4034
0.15156
0.47322
1.4951
1.2325
0.20892
0.53169
0.37312
0.50993
0.13625
0.16542
0.065106
0.18216
1.0284
0.40168
0.11181
0.1165
0.1738
0.13348
1.1856
0.12422
0.62963
0.15849
0.24139
1.2415
0.0953
0.15248
0.14543
0.22112
0.18513
0.48215
0.13245
0.36231
0.10347
0.13429
0.23118
0.088391
0.20388
0.38916
1.2404
0.33258
0.18751
0.085508
0.36323
0.25211
0.3021
0.87404
0.076341
0.26763
1.5185
1.2975
0.15519
0.12535
1.1495
0.41785
0.89022
0.11635
0.50654
0.7317
0.09148
0.54898
0.78364
1.1617
0.58517
1.0389
0.080085
0.40412
0.44797
1.055
1.1251
0.15229
0.34777
0.83748
0.72979
1.08
0.74676
0.51476
0.062116
0.15324
0.095871
1.0078
0.13611
0.075271
0.44149
0.18102
0.60362
0.090099
0.16923
0.57908
0.30149
0.073787
0.090402
0.086417
0.91809
0.10287
0.16134
0.21898
0.28716
0.37019
0.26513
0.17864
0.58789
1.0433
0.75452
0.74407
0.32085
0.49468
1.0059
0.48302
0.24523
0.14701
0.14122
0.28722
1.3355
0.21849
0.26388
0.63468
1.2248
0.94148
0.083641
0.10235
0.17361
0.18288
0.86307
0.54275
0.13469
1.2307
0.2686
1.0683
0.2307
0.2088
0.082451
0.3528
1.2311
0.21136
0.90519
0.21304
0.63747
0.10238
0.17154
0.34697
0.22625
0.33443
0.27095
0.087855
0.28432
0.1152
1.045
0.32167
0.12299
0.99908
1.0054
0.99593
0.58642
0.1718
0.70091
1.4114
0.51172
0.24715
0.11854
0.1685
0.5216
1.1416
0.45581
0.37173
0.38539
0.070102
0.19523
0.84583
0.63701
0.11075
0.079483
0.14245
0.2495
0.65378
0.19616
0.54035
0.60889
0.12161
0.31078
0.24839
1.0369
0.24743
0.073783
0.57855
0.96562
0.39281
0.2556
0.1514
0.4311
0.090743
0.15655
0.91726
0.084255
0.19073
0.39958
0.50268
0.39331
0.20932
0.16071
0.60845
0.15925
0.2099
0.21746
0.29546
0.99143
0.081561
0.14845
1.0623
0.61178
0.93829
0.24505
0.60578
0.55559
0.892
0.73776
0.49006
0.075893
0.23398
0.086327
0.18982
0.14196
0.41055
0.23532
1.1292
0.36284
0.66241
0.21411
0.37323
0.3599
1.592
0.22387
0.56599
0.21266
0.18516
0.90986
0.12488
0.83547
0.074454
0.21453
1.2385
0.074448
0.12989
0.15658
0.64044
0.086132
0.84666
1.1328
0.2091
0.48784
0.93027
0.20089
0.12847
0.090275
0.22042
0.17935
0.14879
0.677
0.10792
0.14763
0.12485
0.11926
0.066028
0.079178
0.09535
0.12418
0.45503
0.10175
0.19714
0.17137
0.12947
0.16185
0.52927
0.60317
0.21192
0.17277
0.094645
0.075898
0.22655
0.56522
0.63544
0.64877
0.4511
0.21262
0.16381
0.33475
0.20238
0.78906
0.17776
1.246
0.10284
0.29942
0.1411
0.18686
1.088
0.9809
0.46073
0.2106
0.075249
1.3625
0.22775
0.45668
0.68524
0.17572
0.98742
1.1099
0.57777
0.13247
0.28166
0.14422
0.19631
0.23198
0.11114
0.1243
0.38637
0.24222
0.22839
0.131
0.93027
1.3698
0.17904
1.1154
0.15261
0.47199
0.18001
0.12175
1.0796
0.46823
0.85381
0.84618
0.11665
0.086177
0.082013
0.13518
0.17053
0.13762
0.68178
0.80308
0.49582
0.44798
0.10456
0.36062
0.88868
1.1193
0.082101
0.30968
0.51768
0.25249
1.129
0.33325
0.2519
0.091453
0.095023
0.8589
0.97094
0.29318
0.08649
0.087266
0.25336
0.59565
0.32028
0.15665
0.078986
0.78034
0.32412
0.61272
0.45346
0.10369
0.65409
0.45331
0.12871
0.36793
0.1955
0.22473
0.53816
0.99106
0.55592
0.6069
0.51123
0.082154
0.99695
0.10539
1.5158
0.080306
0.12117
1.0008
0.084718
0.21865
0.36687
0.70644
0.83698
0.090841
0.091713
0.28923
0.19368
0.11488
0.17153
0.25967
0.20806
0.91641
0.95734
1.13
0.70737
0.27698
0.38628
0.088151
0.31637
0.14061
1.0148
0.8851
0.3524
0.28585
0.20753
0.072103
0.80856
1.1086
0.43947
0.62007
0.7957
0.57068
0.10229
1.2029
0.085207
0.22472
0.42269
0.16705
1.1655
0.6338
0.30826
0.55314
0.075106
0.10468
0.73976
0.079737
0.23076
0.16174
0.23242
0.091443
0.89797
0.10623
0.66983
0.14559
0.22766
1.1982
0.64828
0.29837
0.084345
0.16215
0.2212
1.1674
0.21532
0.12548
0.3763
0.9806
0.33934
0.47825
0.6019
0.57844
0.24959
0.50047
0.30544
0.24779
0.80452
0.35479
0.54816
0.55434
0.10712
0.36098
0.32239
0.072359
0.15704
0.20279
0.41969
0.2112
0.92832
0.3162
0.82507
0.88657
1.1387
0.10823
0.50812
0.60756
0.63245
0.058047
0.118
0.12715
0.44418
0.43283
1.0793
1.1891
0.11961
0.49469
0.073859
0.3401
0.23527
0.28317
0.78184
0.099189
0.53651
0.18407
0.81788
0.60199
1.0788
0.20764
0.47524
0.10063
0.083891
0.26894
1.0688
0.11253
0.12695
0.83357
0.21886
0.54338
0.74432
0.11923
0.092713
0.063889
0.20087
0.24167
0.094188
0.22727
0.16719
0.092992
1.0531
0.50933
0.14239
0.13608
0.43631
1.3223
0.5389
0.14577
0.20315
0.72121
0.083701
0.22299
0.23034
0.42373
0.46483
0.084785
0.36055
0.67611
0.089142
0.27754
0.11133
0.14872
0.51686
0.2912
0.23554
0.6503
0.11984
0.8343
0.24572
0.961
0.34814
0.13793
0.25986
0.67288
0.85553
0.099674
0.26607
0.72249
0.50791
1.2833
0.7665
0.13915
0.75451
0.51923
0.34844
0.27414
0.36548
0.40749
0.075616
0.51681
0.50483
0.23801
0.14169
0.29623
0.50869
0.75621
0.16723
0.095861
0.2843
0.49203
0.30149
0.33087
0.96246
0.48056
0.1606
0.18706
0.36724
0.65709
0.10244
0.077793
0.14514
0.39105
0.17287
0.17515
0.18867
0.1001
0.17182
0.13432
0.62639
0.37066
0.12828
0.45879
1.0938
0.15046
1.2575
0.11152
0.58753
0.12447
0.10676
0.10507
0.96076
0.44775
0.90098
0.3706
0.15489
0.16871
0.10916
1.2651
0.18346
0.13143
0.77265
0.095252
0.15713
0.18347
0.086602
0.29475
0.12443
0.090436
0.44426
0.38572
0.39934
0.16389
1.3053
0.65948
1.156
0.36062
0.074421
0.62331
0.2105
0.15003
0.21855
0.09493
0.34157
0.35589
0.14666
0.54264
0.094936
0.11269
0.2737
1.2039
0.08797
0.42595
0.23582
0.18376
0.70331
0.36756
0.10057
0.23788
0.10549
0.32062
0.071856
0.55619
0.17796
0.67591
0.35564
0.079482
0.20516
0.60956
0.34086
0.10142
0.14522
0.1503
0.099403
0.52721
0.84047
0.1039
0.58703
0.23927
1.0716
0.96354
0.56733
0.68959
0.72616
0.63046
0.23638
1.2122
1.2421
0.15089
0.71972
0.23953
0.69624
0.15141
0.78026
0.37603
1.0382
0.64719
0.29845
0.22903
0.4007
0.66624
0.14826
0.93086
0.2469
0.27267
0.21665
0.62974
0.8087
0.90486
0.18823
0.27023
0.94271
0.47896
1.1188
0.11609
0.27417
0.29562
0.76618
0.12677
0.36726
0.1185
1.1451
0.1791
0.085379
0.67489
0.26628
0.080975
0.30808
0.25157
0.92925
0.39794
0.67156
0.16926
0.10164
0.10763
0.30652
0.34138
0.29668
0.10355
0.26433
0.30468
0.11055
0.27819
0.19531
0.27781
0.26988
1.6857
0.46124
0.098059
1.149
0.33279
0.20671
0.68299
0.59819
0.52218
0.086759
0.15166
0.91981
0.068613
0.1668
0.089348
0.91179
1.3003
0.59426
1.2053
0.15861
0.30449
0.24578
0.087832
0.12356
0.26142
0.87658
0.84142
0.26534
0.15498
1.2497
0.70941
0.18823
0.22522
0.10497
0.23844
0.81588
0.42581
0.20137
0.41532
1.1264
0.13769
1.063
1.0275
0.91204
0.79037
0.32941
0.20315
1.0035
0.77678
0.85304
0.24513
0.26856
0.35935
0.12285
0.66404
0.43711
0.15048
0.25939
1.1292
0.23761
0.50965
0.42003
0.15341
0.31057
0.11356
0.13786
0.73998
0.081369
0.11829
0.51288
0.13819
0.12778
0.26011
0.23137
0.56927
0.13063
1.0479
0.31285
0.36519
0.27892
0.22334
0.098672
1.0259
0.26504
0.623
0.11167
0.351
0.46384
1.576
0.39127
0.16653
0.6093
0.23814
0.78196
0.11628
0.89981
0.24226
0.15468
0.71794
0.12334
0.17313
1.1142
0.21637
1.0531
0.1749
0.26112
0.13698
0.0873
0.80988
0.12566
0.34412
0.17151
0.81845
1.2313
0.24373
1.1864
0.90716
0.11425
0.94969
0.3657
0.32937
0.14854
0.13182
0.33689
0.34792
0.092617
0.41689
0.71836
0.76207
0.21559
0.13885
0.62145
1.0497
0.42839
0.80841
0.49047
0.78743
0.64217
1.1024
0.081939
0.6703
0.97492
0.91767
1.0264
0.53514
1.0719
0.090619
0.1091
0.079954
0.14177
0.17961
0.86734
0.16973
0.67594
1.2241
1.3498
0.91724
0.10981
0.92311
0.24325
1.1945
0.5605
0.32844
0.099865
0.35726
0.19423
0.078087
0.15465
0.10873
0.074682
0.073588
0.26973
0.35687
0.12082
0.37379
0.1585
0.32932
1.0983
0.22267
0.47652
0.20356
0.17247
0.15064
0.2452
0.18218
0.98369
0.070833
0.11231
0.73728
0.45554
0.39599
0.10779
0.23344
0.4124
0.37638
0.40694
0.12725
0.99222
0.4159
0.31877
0.48376
0.59438
0.26879
0.3748
0.10683
0.1699
0.56787
0.20966
0.53573
0.85171
0.21534
0.64499
0.063832
0.38842
0.47817
0.31894
0.35058
0.11983
0.11361
0.098945
0.31921
0.084485
0.089483
0.44677
0.51368
0.22332
0.96131
0.40141
0.15154
0.89894
0.077386
0.1183
0.20411
0.12683
0.18429
1.088
0.091905
0.13367
0.1602
0.070777
0.47554
1.6557
0.18872
0.38204
0.11601
0.093932
0.27825
0.10268
0.41308
0.69586
0.56632
0.80559
1.1296
0.061191
0.24914
0.18452
0.81304
0.19637
0.69761
0.13658
0.61825
0.2215
0.70145
0.28701
0.635
0.16452
0.34526
0.14483
0.20498
1.2232
0.10476
0.18347
0.52118
0.754
0.09047
0.17282
0.3589
0.10909
0.086195
0.88183
0.14766
0.29332
0.57373
0.081197
0.97034
0.54548
0.54152
0.14386
0.4605
0.7671
0.42424
0.12861
0.07264
0.097301
0.19244
0.25814
0.20912
0.089667
1.0527
0.50064
1.1778
0.052956
0.31511
0.18724
0.13981
0.16437
1.2388
0.21206
0.1449
0.40006
0.24169
0.10109
0.20341
0.074524
0.58949
0.9479
0.12503
0.11461
0.53463
0.29605
0.075773
0.32452
0.18152
0.092738
0.40114
0.92534
0.33326
0.086815
1.1084
0.16777
0.17341
0.11101
0.13744
0.1544
0.18769
0.085632
0.12334
0.1747
0.52175
0.11385
0.54428
0.068785
0.17033
0.083295
0.88388
0.56269
1.1013
0.79065
1.0174
0.50878
0.95737
0.17337
0.1071
0.11839
0.40857
0.15514
1.1745
0.094309
0.091792
1.1783
0.083341
0.46854
0.14571
0.095708
1.0184
0.16346
0.53388
0.44014
0.91429
0.11902
1.009
1.2907
1.1806
0.12928
0.26682
0.12317
0.096999
0.23476
0.11101
0.17127
0.082494
0.49485
0.093478
0.4782
0.31448
0.14422
0.62938
1.45
1.2018
0.12825
0.22014
0.12927
0.32009
0.078364
1.137
0.35114
0.33712
0.18325
0.18508
0.077149
0.74692
1.4256
0.57834
0.25929
0.90274
0.12884
0.72242
0.16959
0.20927
0.54837
0.66596
1.0655
0.72214
0.19603
0.14604
0.50067
0.12386
0.11308
0.17372
0.37933
0.89336
0.48923
0.77606
0.22075
0.32911
0.52813
0.19063
0.13683
1.0207
0.81759
0.37482
0.48318
0.41119
0.09246
1.0565
0.15802
0.33052
0.1583
0.12607
0.47265
0.41626
0.92936
0.19333
0.13496
0.98685
0.20741
0.067988
0.1131
0.64745
0.13061
0.86804
0.53583
1.0996
0.71242
0.98848
0.084214
0.13744
0.15038
0.089613
0.81865
0.33482
0.3357
0.7012
0.89305
0.18116
0.56004
0.38376
0.15199
0.72813
0.82245
0.15283
0.62565
0.09081
0.71876
0.13124
0.1076
0.7577
0.62461
0.2021
0.69736
0.29046
1.7124
0.40773
0.44099
0.12005
0.30469
0.20372
1.0011
0.15799
0.49627
0.076918
0.57196
0.30689
0.32042
0.63787
0.95843
0.16326
1.0455
0.43579
0.23542
0.78216
0.18213
0.11465
0.44325
0.11426
0.23281
1.2423
0.12707
0.13412
0.48843
0.37173
0.73984
0.39975
0.13131
0.13471
0.35363
1.0222
0.39535
1.416
0.76432
0.13516
0.71744
0.1195
0.39332
0.34506
0.3793
0.67352
0.094054
0.079895
0.12124
0.41149
1.1377
1.2103
0.20465
0.26638
0.83398
0.29502
0.097613
0.86134
0.45145
0.18407
0.47661
0.13308
0.346
0.22007
0.10035
0.095446
0.33096
0.50696
0.42952
0.15916
0.29578
0.74251
0.09588
0.16055
0.3964
0.18032
0.38537
0.11123
0.22005
0.89142
0.3075
1.0153
0.16981
0.21604
1.0851
0.37593
0.43297
0.22066
0.057341
0.12068
0.13923
0.85097
0.60871
0.32921
0.11126
0.95535
0.37344
0.16675
0.29629
0.95408
0.21816
0.69947
0.11071
0.22752
0.12474
0.11637
0.33487
0.21782
0.75439
0.44953
0.27309
0.072127
1.6398
0.1306
0.34815
0.37189
0.11169
0.084555
0.15836
0.11459
0.14327
0.97272
0.97715
0.10135
0.17457
0.10707
0.44721
0.81753
0.37893
0.29253
1.017
0.82164
1.0602
1.1761
0.67312
0.23223
0.23255
0.37659
0.17129
0.66941
0.38931
0.5697
0.6363
0.093546
0.49361
0.095338
0.65951
0.85955
0.13463
1.3316
0.080554
0.43726
0.38647
0.25731
0.11391
0.40887
0.62465
0.16158
0.9097
0.30194
0.07052
0.15981
0.47764
0.57726
1.0792
0.44991
0.32099
1.1991
0.12036
0.083351
0.72505
0.51301
0.68318
0.27884
0.34778
0.093799
0.14913
0.066682
0.60022
0.7813
0.099785
0.081996
0.12822
0.23076
0.64401
0.27638
0.42463
0.28864
1.2677
0.30035
0.40681
0.17742
0.10748
0.67505
0.090827
0.16056
0.48296
0.25689
0.82105
0.28499
0.15696
0.16079
0.087171
0.11154
0.13639
0.15284
0.12202
0.18944
0.24035
0.2732
0.22836
0.42531
0.083329
0.16215
0.89553
0.35043
0.25816
0.41277
0.30268
0.8158
0.4986
0.090292
0.086799
0.085259
0.62262
0.11357
1.0309
0.39423
0.13021
0.73117
0.10068
1.0728
0.30463
0.095881
0.082658
0.35956
0.10874
0.43625
0.56999
0.18327
0.091039
0.35611
0.3089
0.63655
0.54314
0.096959
0.19788
1.2892
0.085949
0.46304
0.21982
0.37516
0.3441
0.4531
0.3297
0.095869
0.19876
0.13079
0.1207
1.0944
0.87382
0.23209
0.12593
0.5991
0.11173
0.44611
0.1998
0.91593
0.77411
0.10886
0.14548
0.89974
0.45963
0.192
0.41024
0.99625
0.082952
0.34798
0.90228
1.0853
0.51324
0.86347
0.22754
0.19727
0.094757
0.52405
0.27657
0.072009
0.43512
0.77946
0.09317
0.32325
1.1953
0.31818
0.55129
0.31015
0.10524
0.21453
0.49247
0.93261
0.08141
0.10441
0.11313
0.10015
0.66731
0.16259
1.0021
0.1155
1.1856
0.13025
0.089261
0.1039
0.23639
0.17111
0.89657
0.39967
0.49796
1.6898
0.17423
0.16021
0.37238
1.031
0.62622
0.71733
0.76873
0.11203
0.77711
0.30176
0.19038
1.0953
0.26016
0.69692
0.9246
1.3084
0.31005
0.65574
0.21168
1.23
0.22026
0.20669
0.4113
0.11691
0.15214
1.2239
0.14994
0.95886
0.24086
0.098714
0.26513
0.086555
0.19642
0.15293
1.0652
0.61312
0.21696
0.33718
1.0729
1.1383
0.41902
0.11097
0.46936
0.11727
1.1831
0.97871
0.12075
0.14618
1.0842
0.21113
0.95794
0.092613
0.25901
0.31797
0.38388
0.43078
0.1096
0.70247
1.155
0.3418
0.1256
0.12275
0.11794
0.18879
0.23039
0.10968
0.77396
0.42095
0.10927
0.19991
0.45824
0.35041
0.74125
0.14644
0.40604
0.65965
0.5475
0.13087
0.26579
1.1769
0.94686
0.50522
0.36457
0.07309
0.46165
0.32958
0.2549
0.10122
0.25004
0.50497
0.41203
0.55333
0.080557
0.3041
1.2344
0.18714
0.19098
0.10297
0.15116
1.1213
0.21246
0.19186
0.1245
0.31889
0.35147
0.11189
0.21734
0.21947
0.13469
1.0027
0.66487
0.10408
0.31245
1.187
1.3529
0.11055
0.080601
0.11326
0.72941
0.087386
0.21001
1.2098
0.32983
0.25403
0.13255
0.58406
0.54935
0.61568
0.19643
0.16599
1.218
0.28989
0.26882
0.83568
0.13324
0.088991
0.32357
0.60738
0.1792
0.28856
0.22289
0.21329
1.141
1.4856
0.84775
0.16872
1.4038
0.095554
0.6178
0.13171
1.2475
0.57716
0.61623
0.84533
0.082486
0.31938
0.89415
1.4208
0.26038
0.15587
0.21324
0.082849
1.0773
0.85058
0.32628
0.73475
0.073709
0.11519
0.077683
0.10112
0.14092
0.099039
0.48133
0.4315
1.1088
0.80562
0.52462
1.105
0.0874
0.27215
0.48428
0.36412
0.068928
0.11154
0.24009
0.14939
0.62505
0.19978
0.12244
0.7673
0.51243
0.21425
0.75399
0.18459
0.24355
0.89022
0.17686
1.0649
0.125
0.1049
0.19171
0.16212
0.21012
0.17983
0.27939
0.10102
0.689
0.20568
0.15871
0.49234
0.27458
1.2486
0.32446
1.1324
0.23835
0.21429
0.11059
0.60743
1.3165
0.32476
0.55581
0.11814
0.10551
1.4839
0.86158
0.30926
0.2289
0.88296
0.089445
0.66547
1.0877
0.75634
0.39916
0.94863
0.74333
0.66742
0.99624
0.29299
0.11145
0.096714
0.37261
0.08747
0.44111
0.5651
1.0387
0.72433
0.085052
0.65151
0.18292
0.31854
0.72025
0.15344
0.11744
0.29767
0.32904
0.099386
0.35186
0.15304
0.21048
0.071059
0.34622
1.1152
1.3396
0.48482
0.14767
1.1617
0.30768
0.21763
0.15908
0.18436
0.1149
0.21255
0.38534
0.19232
0.096206
0.35804
0.54627
0.52422
0.1426
0.079468
0.23451
0.15405
0.19699
0.22737
0.82563
0.1062
0.082954
1.2289
1.0069
0.71466
0.43129
0.1935
0.28009
0.1205
0.65094
0.98043
1.2272
0.39644
0.13256
0.20685
0.42181
1.638
0.37029
0.5439
0.24519
0.10132
0.28069
0.56678
0.21913
1.1275
0.74797
0.2761
0.12806
0.21915
0.24828
0.21087
0.5758
0.56241
0.32704
0.29492
0.25847
0.06637
0.14494
1.0935
0.25311
0.21314
0.3003
0.19291
0.29774
0.11269
0.61064
0.35809
0.44816
0.086924
0.23653
0.12057
0.068553
0.83842
0.14561
0.28836
0.094266
0.50295
0.84751
0.36307
0.11712
0.32934
0.36188
0.97496
0.14081
0.10501
0.32434
1.0616
0.13687
1.0539
0.089894
0.14135
0.087455
0.14203
0.23209
0.22551
0.41468
0.12129
0.95336
0.28323
0.94863
0.26236
0.52442
1.2902
0.10903
0.093831
0.14792
0.40005
1.0024
0.17814
0.11841
1.3771
0.29143
0.14934
0.15389
0.12057
0.33065
0.20362
0.78335
0.21244
0.19364
1.2336
0.55822
1.2763
0.075477
0.20981
0.94838
0.65434
0.88915
0.066352
0.86635
0.20565
0.32814
0.25858
1.0205
0.11256
0.92706
0.13279
0.48084
0.25519
1.2343
0.22805
0.073323
0.27503
0.15671
0.093041
0.22618
0.12999
0.43762
0.088817
0.064577
0.090531
0.39432
0.3227
0.14788
0.073123
0.076705
0.50189
0.81344
0.10492
0.21724
1.1628
0.099641
0.7393
0.11663
0.50763
0.6521
1.0506
0.87649
0.68962
0.22043
0.099894
0.09027
0.17005
0.096792
0.19771
0.25069
0.15145
0.37927
1.2577
0.69871
0.10227
0.1071
0.59251
0.24937
1.1465
0.2163
0.63402
0.26377
0.087091
0.083869
0.67032
0.63724
0.088991
0.68066
0.085381
0.83557
0.7222
0.824
0.15787
0.35402
0.31116
0.13691
1.1083
0.12084
0.12422
1.034
0.23259
0.7144
1.1571
1.2124
0.25211
0.7172
1.1142
0.76372
0.27428
0.077196
0.29479
0.14456
0.10371
0.80045
1.2392
1.1117
0.79869
0.81352
0.32783
0.97708
1.0824
0.35666
0.073312
0.10045
0.1754
0.75902
0.13207
0.11373
0.25066
0.64956
1.1771
0.5578
0.15956
0.49934
0.34134
0.27886
1.2263
0.067087
0.95288
0.86138
0.30425
1.4291
0.14648
0.39824
0.10973
0.51585
0.36394
0.29396
0.18904
0.090584
0.074899
0.55145
0.15075
0.2247
0.11644
0.22684
0.48147
0.34011
0.15484
1.0523
1.3011
0.12092
0.444
0.11683
0.82602
0.82552
0.38055
0.091128
0.15158
0.23137
1.4266
0.24617
0.26967
0.18052
0.095248
0.23665
1.0088
0.062686
1.1526
0.32318
0.36205
0.13781
0.1047
1.2423
0.25341
0.74828
1.0294
0.48315
0.54638
0.092665
1.7267
0.10789
0.46613
0.16284
1.059
0.16969
1.274
0.23856
0.34638
0.15558
0.27448
0.87287
0.48239
0.11806
0.28147
0.13222
0.13099
1.2361
0.077771
0.49548
1.1683
0.22537
0.26171
0.1199
0.11451
0.67165
0.5716
0.48304
1.0854
0.92867
0.74911
1.0504
0.12841
1.0649
0.13344
0.24925
0.64918
0.25315
0.54877
0.242
0.39009
1.0892
0.13774
0.14755
0.14665
0.25434
0.46954
0.087318
0.13648
0.2807
0.45881
0.23147
0.70248
0.45047
0.0974
1.0714
0.083502
1.1865
0.13642
0.077859
0.98822
0.84686
0.066978
0.46729
0.081297
0.32605
0.95787
0.13881
1.6241
0.20639
0.98634
0.10141
0.2209
0.31707
0.55086
0.17646
0.44703
0.76286
0.20012
0.101
0.080491
1.167
0.49631
0.58039
0.31704
0.72786
0.10923
0.12284
0.73349
1.2169
0.58056
0.18805
0.16916
0.23894
0.3539
0.15539
0.1225
0.85646
0.40644
0.67387
0.58376
0.54918
1.186
0.63335
0.44343
0.09432
0.25966
0.19366
0.11432
0.14603
0.15549
0.70069
1.0136
0.52528
0.2542
0.33232
0.55569
0.24787
0.71194
0.20652
0.22902
0.32083
0.71576
0.070484
1.149
0.11126
0.67594
0.46741
0.30785
0.16576
0.13972
1.0082
1.2572
0.81948
0.9879
1.0455
0.10554
0.98796
0.34748
0.17736
0.20305
0.57494
0.62517
0.7422
0.39365
0.40743
0.9498
1.0491
0.11531
0.10895
0.063355
0.066996
0.4516
0.23967
0.16071
0.092056
0.083219
0.18872
0.35619
0.18776
0.097258
0.3919
0.13099
0.16481
0.47096
0.13395
1.1558
1.1641
0.091176
0.41804
0.16456
1.0114
1.2939
0.23903
0.084246
0.36946
0.67478
0.15205
0.14164
0.61983
0.69953
0.98396
0.28933
0.24896
0.4422
0.1578
0.24109
0.14089
0.12044
0.55975
0.52375
0.52912
0.31698
0.61504
0.86508
0.15001
0.41362
0.49929
0.09096
1.3196
1.029
1.2691
0.21704
0.080106
0.27633
0.10589
0.080048
0.13937
0.19425
0.1978
0.22893
0.13461
0.32949
0.91749
1.0989
0.15688
0.66878
0.10922
0.44044
1.0118
0.10735
0.14223
0.11758
0.56714
0.10904
0.097362
0.95222
0.91331
0.064344
0.34717
1.1186
1.0634
0.21686
0.95655
0.97893
0.62895
0.75269
0.16202
0.23267
0.10358
1.0365
0.50246
0.30852
0.21004
0.19901
0.068719
0.10683
0.23838
0.18808
0.089932
0.7315
0.96542
0.21985
0.079278
0.31721
0.079465
0.46761
0.5924
0.37793
1.0581
0.58234
0.1344
0.092318
0.17933
0.25311
0.2361
0.17303
0.091425
1.0523
0.5967
0.73045
0.52153
0.61193
0.13134
0.53954
0.10325
0.25554
0.1856
0.10253
1.0093
0.5291
0.12539
0.57563
0.078063
1.1066
0.81345
0.15843
0.24428
0.13024
0.22695
1.1824
0.17542
0.88739
1.2922
0.13791
0.97083
0.11442
0.12998
0.14428
0.19138
0.10314
1.1532
0.12513
0.14023
0.59036
0.12237
0.19928
0.15981
0.09165
0.13976
0.5699
0.135
0.10215
0.089881
1.2081
0.45841
0.088214
0.25915
1.3665
0.14324
0.42218
0.17753
0.7283
0.35359
0.4002
0.73122
0.63264
1.1845
0.25453
0.45624
1.0524
0.18104
1.0643
0.12781
0.14203
0.64
0.28359
0.084393
0.2732
0.11796
0.44927
0.97635
0.59701
0.76335
0.071253
0.98276
0.15013
0.22693
0.069571
0.45024
0.207
0.68609
0.63911
0.36445
1.0714
0.11349
0.18626
1.1054
0.77494
0.40126
0.71376
0.49249
1.0179
0.27946
0.20303
0.48168
0.42649
0.08087
0.24831
0.21112
0.24428
1.0619
0.7107
0.23718
0.21548
1.0763
0.14736
1.2311
0.26399
0.074442
0.44735
1.2586
0.13482
0.094459
0.19295
0.20051
1.1672
0.24106
0.9327
1.1502
0.15181
0.8842
0.36418
0.10837
0.070732
0.13906
0.091574
0.72977
0.58645
0.13938
0.19252
0.22028
0.22369
0.22519
0.084558
0.2284
0.31801
0.094305
0.24149
0.10195
0.5561
0.189
0.36311
0.088843
0.26139
0.25396
0.16065
0.2267
0.10693
0.14321
0.11534
0.46194
0.14706
0.30322
0.12623
0.92431
0.21523
1.1989
0.68637
0.095679
0.33347
0.17314
0.33668
0.30806
0.7614
0.64774
0.8085
0.54086
0.19787
0.44575
0.20034
0.59073
0.15638
0.65544
0.088431
0.44192
1.1117
1.0693
0.066056
1.5087
0.56546
0.084217
0.57433
0.29462
0.18682
0.49264
0.48341
0.32039
0.13678
0.2444
0.097278
1.2583
1.1007
0.37709
0.51163
1.4461
0.07361
0.17717
1.173
0.45163
0.49811
0.098805
0.21259
0.13676
0.50024
0.19177
0.10139
0.72431
0.1537
0.74042
0.58641
0.20584
0.10482
0.32067
0.10146
0.47116
0.63475
0.69724
0.18649
0.093863
0.071164
0.1402
0.73642
1.1971
0.39212
0.25382
0.63216
0.42283
0.12159
0.40497
0.30602
0.086379
0.20037
0.35024
0.15245
1.0389
0.15749
0.40172
0.35745
0.090278
0.30293
0.87912
0.33208
0.74752
0.54807
0.19306
1.048
0.12892
0.74561
0.19309
0.60802
0.856
0.60487
0.84953
0.32096
0.099418
0.16985
0.11254
0.81507
1.0803
0.32876
0.21377
0.10129
0.35546
0.5433
1.0936
0.13159
0.54891
0.40475
0.25827
1.1973
0.17118
0.66486
0.32895
0.30142
0.136
0.37177
0.096231
0.1327
0.11183
0.19003
0.12922
0.69175
0.1947
0.69877
0.064076
0.08128
0.070486
0.63312
0.13262
0.22944
0.10623
0.17156
0.70754
1.2162
1.0451
0.30117
0.1486
0.4781
0.21498
0.30744
0.10412
0.36021
0.079869
0.14559
0.21532
0.20177
0.096574
0.90859
0.14469
0.18017
1.0815
0.12746
0.60619
1.2298
1.4303
0.17026
0.33734
0.19267
0.45288
0.55089
0.1303
0.48708
0.4226
0.60483
0.62917
0.17429
0.87142
0.1835
0.29424
0.32869
0.37946
0.69711
1.1248
1.114
0.18422
0.61593
0.16873
0.078624
1.1656
0.24102
0.095143
0.11766
1.0284
0.21411
1.1176
0.1165
0.20299
0.25201
0.18765
0.19001
0.079513
0.13674
0.12933
0.071067
0.4959
0.30223
0.095489
0.13688
1.173
1.0556
0.26752
0.88578
0.12842
0.14187
0.19284
0.81477
0.66066
0.38916
0.3076
1.1381
0.23538
0.082949
1.2821
1.0584
0.49748
0.87404
0.10203
0.18812
0.080866
0.56358
0.91452
0.62329
0.81718
0.58819
0.21259
0.59
0.50654
0.15359
0.26209
0.12941
0.31172
1.0486
0.099955
0.43264
0.064885
0.13717
0.3496
0.37865
0.41882
0.12515
0.28057
0.21646
0.46633
0.86889
0.55798
0.17839
0.44989
0.48178
0.16229
1.1816
0.066089
0.63947
0.25434
0.80045
1.7308
0.13329
0.13791
0.57908
0.30149
0.46211
0.17261
0.096278
0.91809
1.2572
0.13178
0.22469
0.89086
0.37019
0.25425
0.17864
0.84857
0.16987
0.22988
0.081486
0.28266
0.17114
0.18072
0.48302
0.24523
0.36288
0.1408
0.21473
0.37769
0.21849
0.50183
0.39181
0.079713
0.091281
0.083641
0.12825
0.10787
0.15936
0.17756
0.090949
0.13469
0.32344
0.091154
0.32282
0.092836
0.099783
0.36427
1.2393
0.10704
0.12479
0.10206
0.22883
0.57259
0.96891
0.79037
0.094466
1.3746
0.33443
0.85492
0.1423
0.98931
0.090344
0.24444
0.96184
0.81168
0.44248
0.1663
1.4972
0.094299
0.1718
1.1128
0.3487
0.19237
0.13364
0.50353
0.10487
0.9992
0.81555
0.45581
0.37173
0.23952
0.070102
0.31623
0.84583
0.22768
0.11075
0.089151
1.3916
0.060804
0.83905
0.10833
0.29371
0.14787
0.38719
1.2195
0.3233
0.074004
0.24754
0.33335
0.24515
0.16724
0.11644
0.36863
0.29155
0.19382
0.21962
0.070704
0.092155
0.86773
0.29004
0.22233
0.10824
0.64822
1.1596
0.49929
0.087559
0.95824
0.5791
0.7116
0.35769
1.1973
1.2504
0.13304
0.18431
0.45658
0.068693
1.3452
0.60578
0.95455
0.090334
0.73776
0.14438
1.2829
0.80498
0.1531
0.33508
0.14706
0.7147
1.1289
0.23558
0.11821
0.10327
0.31463
0.095402
0.37974
1.592
0.11968
0.47458
0.28226
0.8165
0.29627
0.21213
0.51131
0.23961
0.4621
0.15271
0.14071
0.15224
0.15658
0.25653
0.1933
0.24633
0.10569
0.79259
1.2799
0.30009
0.10924
1.0774
1.5825
0.23044
0.21092
0.60556
0.082558
0.73272
0.24169
0.16911
0.24868
0.65853
0.14009
0.13542
0.22103
0.10357
0.61668
1.206
0.13395
0.45039
0.33318
0.52448
0.23125
0.61372
0.093344
0.26182
0.11202
0.088773
0.56522
0.86619
0.076172
1.3167
0.31475
0.1437
0.14326
0.15688
1.2808
0.90648
0.2918
0.092308
0.29746
0.15637
0.10126
1.088
0.45652
0.070795
0.29903
0.066565
0.083623
0.60724
0.39839
0.98089
0.54867
0.81789
1.3384
1.68
0.13247
0.065331
0.1614
0.12159
0.43133
0.36324
0.20137
0.062459
0.24222
0.44848
1.0269
0.088442
0.36253
0.17904
0.5333
0.15261
0.84396
0.17152
0.11955
0.63424
0.46823
0.26819
0.33663
0.64527
0.082023
0.61121
0.12729
0.42639
0.25971
0.10195
0.95694
0.49213
1.1542
0.11656
0.172
0.10529
0.22521
0.57212
0.88155
0.18728
0.25249
0.40986
1.2276
0.24495
0.09557
0.095023
0.23402
0.23738
0.74877
0.18829
1.4586
0.38499
1.1223
0.21648
0.55002
0.58851
1.0949
0.32412
0.14265
0.22593
0.37088
0.26953
0.30884
0.12871
0.57403
0.083796
1.1466
0.14771
0.99106
0.35744
0.16708
0.10503
0.12309
0.82166
0.89118
1.5852
0.097796
0.39836
0.16131
0.71013
0.68703
0.15693
0.1254
0.81004
0.43281
0.32307
0.28031
0.18238
0.070251
1.1065
0.098379
0.06483
1.1372
0.10007
0.41098
0.15424
0.79032
0.15877
0.2667
0.31637
0.18793
0.10823
0.079107
1.2843
0.14256
0.20753
0.072103
0.80856
1.1086
0.43947
0.62007
0.7957
0.57068
0.10229
1.2029
0.085207
0.22472
0.42269
0.16705
1.1655
0.6338
0.30826
0.55314
0.075106
0.10468
0.73976
0.079737
0.23076
0.16174
0.23242
0.091443
0.89797
0.10623
0.66983
0.14559
0.22766
1.1982
0.64828
0.29837
0.084345
0.16215
0.2212
1.1674
0.21532
0.12548
0.3763
0.9806
0.33934
0.47825
0.6019
0.57844
0.24959
0.50047
0.30544
0.24779
0.80452
0.35479
0.54816
0.55434
0.10712
0.36098
0.32239
0.072359
0.15704
0.20279
0.41969
0.2112
0.92832
0.3162
0.82507
0.88657
1.1387
0.10823
0.50812
0.60756
0.63245
0.058047
0.118
0.12715
0.44418
0.43283
1.0793
1.1891
0.11961
0.49469
0.073859
0.3401
0.23527
0.28317
0.78184
0.099189
0.53651
0.18407
0.81788
0.60199
1.0788
0.20764
0.47524
0.10063
0.083891
0.26894
1.0688
0.11253
0.12695
0.83357
0.21886
0.54338
0.74432
0.11923
0.092713
0.063889
0.20087
0.24167
0.094188
0.22727
0.16719
0.092992
1.0531
0.50933
0.14239
0.13608
0.43631
1.3223
0.5389
0.14577
0.20315
0.72121
0.083701
0.22299
0.23034
0.42373
0.46483
0.084785
0.36055
0.67611
0.089142
0.27754
0.11133
0.14872
0.51686
0.2912
0.23554
0.6503
0.11984
0.8343
0.24572
0.961
0.34814
0.13793
0.25986
0.67288
0.85553
0.099674
0.26607
0.72249
0.50791
1.2833
0.7665
0.13915
0.75451
0.51923
0.34844
0.27414
0.36548
0.40749
0.075616
0.51681
0.50483
0.23801
0.14169
0.29623
0.50869
0.75621
0.16723
0.095861
0.2843
0.49203
0.30149
0.33087
0.96246
0.48056
0.1606
0.18706
0.36724
0.65709
0.10244
0.077793
0.14514
0.39105
0.17287
0.17515
0.18867
0.1001
0.17182
0.13432
0.62639
0.37066
0.12828
0.45879
1.0938
0.15046
1.2575
0.11152
0.58753
0.12447
0.10676
0.10507
0.96076
0.44775
0.90098
0.3706
0.15489
0.16871
0.10916
1.2651
0.18346
0.13143
0.77265
0.095252
0.15713
0.18347
0.086602
0.29475
0.12443
0.090436
0.44426
0.38572
0.39934
0.16389
1.3053
0.65948
1.156
0.36062
0.074421
0.62331
0.2105
0.15003
0.21855
0.09493
0.34157
0.35589
0.14666
0.54264
0.094936
0.11269
0.2737
1.2039
0.08797
0.42595
0.23582
0.18376
0.70331
0.36756
0.10057
0.23788
0.10549
0.32062
0.071856
0.55619
0.17796
0.67591
0.35564
0.079482
0.20516
0.60956
0.34086
0.10142
0.14522
0.1503
0.099403
0.52721
0.84047
0.1039
0.58703
0.23927
1.0716
0.96354
0.56733
0.68959
0.72616
0.63046
0.23638
1.2122
1.2421
0.15089
0.71972
0.23953
0.69624
0.15141
0.78026
0.37603
1.0382
0.64719
0.29845
0.22903
0.4007
0.66624
0.14826
0.93086
0.2469
0.27267
0.21665
0.62974
0.8087
0.90486
0.18823
0.27023
0.94271
0.47896
1.1188
0.11609
0.27417
0.29562
0.76618
0.12677
0.36726
0.1185
1.1451
0.1791
0.085379
0.67489
0.26628
0.080975
0.30808
0.25157
0.92925
0.39794
0.67156
0.16926
0.10164
0.10763
0.30652
0.34138
0.29668
0.10355
0.26433
0.30468
0.11055
0.27819
0.19531
0.27781
0.26988
1.6857
0.46124
0.098059
1.149
0.33279
0.20671
0.68299
0.59819
0.52218
0.086759
0.15166
0.91981
0.068613
0.1668
0.089348
0.91179
1.3003
0.59426
1.2053
0.15861
0.30449
0.24578
0.087832
0.12356
0.26142
0.87658
0.84142
0.26534
0.15498
1.2497
0.70941
0.18823
0.22522
0.10497
0.23844
0.81588
0.42581
0.20137
0.41532
1.1264
0.13769
1.063
1.0275
0.91204
0.79037
0.32941
0.20315
1.0035
0.77678
0.85304
0.24513
0.26856
0.35935
0.12285
0.66404
0.43711
0.15048
0.25939
1.1292
0.23761
0.50965
0.42003
0.15341
0.31057
0.11356
0.13786
0.73998
0.081369
0.11829
0.51288
0.13819
0.12778
0.26011
0.23137
0.56927
0.13063
1.0479
0.31285
0.36519
0.27892
0.22334
0.098672
1.0259
0.26504
0.623
0.11167
0.351
0.46384
1.576
0.39127
0.16653
0.6093
0.23814
0.78196
0.11628
0.89981
0.24226
0.15468
0.71794
0.12334
0.17313
1.1142
0.21637
1.0531
0.1749
0.26112
0.13698
0.0873
0.80988
0.12566
0.34412
0.17151
0.81845
1.2313
0.24373
1.1864
0.90716
0.11425
0.94969
0.3657
0.32937
0.14854
0.13182
0.33689
0.34792
0.092617
0.41689
0.71836
0.76207
0.21559
0.13885
0.62145
1.0497
0.42839
0.80841
0.49047
0.78743
0.64217
1.1024
0.081939
0.6703
0.97492
0.91767
1.0264
0.53514
1.0719
0.090619
0.1091
0.079954
0.14177
0.17961
0.86734
0.16973
0.67594
1.2241
1.3498
0.91724
0.10981
0.92311
0.24325
1.1945
0.5605
0.32844
0.099865
0.35726
0.19423
0.078087
0.15465
0.10873
0.074682
0.073588
0.26973
0.35687
0.12082
0.37379
0.1585
0.32932
1.0983
0.22267
0.47652
0.20356
0.17247
0.15064
0.2452
0.18218
0.98369
0.070833
0.11231
0.73728
0.45554
0.39599
0.10779
0.23344
0.4124
0.37638
0.40694
0.12725
0.99222
0.4159
0.31877
0.48376
0.59438
0.26879
0.3748
0.10683
0.1699
0.56787
0.20966
0.53573
0.85171
0.21534
0.64499
0.063832
0.38842
0.47817
0.31894
0.35058
0.11983
0.11361
0.098945
0.31921
0.084485
0.089483
0.44677
0.51368
0.22332
0.96131
0.40141
0.15154
0.89894
0.077386
0.1183
0.20411
0.12683
0.18429
1.088
0.091905
0.13367
0.1602
0.070777
0.47554
1.6557
0.18872
0.38204
0.11601
0.093932
0.27825
0.10268
0.41308
0.69586
0.56632
0.80559
1.1296
0.061191
0.24914
0.18452
0.81304
0.19637
0.69761
0.13658
0.61825
0.2215
0.70145
0.28701
0.635
0.16452
0.34526
0.14483
0.20498
1.2232
0.10476
0.18347
0.52118
0.754
0.09047
0.17282
0.3589
0.10909
0.086195
0.88183
0.14766
0.29332
0.57373
0.081197
0.97034
0.54548
0.54152
0.14386
0.4605
0.7671
0.42424
0.12861
0.07264
0.097301
0.19244
0.25814
0.20912
0.089667
1.0527
0.50064
1.1778
0.052956
0.31511
0.18724
0.13981
0.16437
1.2388
0.21206
0.1449
0.40006
0.24169
0.10109
0.20341
0.074524
0.58949
0.9479
0.12503
0.11461
0.53463
0.29605
0.075773
0.32452
0.18152
0.092738
0.40114
0.92534
0.33326
0.086815
1.1084
0.16777
0.17341
0.11101
0.13744
0.1544
0.18769
0.085632
0.12334
0.1747
0.52175
0.11385
0.54428
0.068785
0.17033
0.083295
0.88388
0.56269
1.1013
0.79065
1.0174
0.50878
0.95737
0.17337
0.1071
0.11839
0.40857
0.15514
1.1745
0.094309
0.091792
1.1783
0.083341
0.46854
0.14571
0.095708
1.0184
0.16346
0.53388
0.44014
0.91429
0.11902
1.009
1.2907
1.1806
0.12928
0.26682
0.12317
0.096999
0.23476
0.11101
0.17127
0.082494
0.49485
0.093478
0.4782
0.31448
0.14422
0.62938
1.45
1.2018
0.12825
0.22014
0.12927
0.32009
0.078364
1.137
0.35114
0.33712
0.18325
0.18508
0.077149
0.74692
1.4256
0.57834
0.25929
0.90274
0.12884
0.72242
0.16959
0.20927
0.54837
0.66596
1.0655
0.72214
0.19603
0.14604
0.50067
0.12386
0.11308
0.17372
0.37933
0.89336
0.48923
0.77606
0.22075
0.32911
0.52813
0.19063
0.13683
1.0207
0.81759
0.37482
0.48318
0.41119
0.09246
1.0565
0.15802
0.33052
0.1583
0.12607
0.47265
0.41626
0.92936
0.19333
0.13496
0.98685
0.20741
0.067988
0.1131
0.64745
0.13061
0.86804
0.53583
1.0996
0.71242
0.98848
0.38629
0.67683
0.20097
0.14468
0.088604
0.14426
0.17931
0.24672
1.0208
1.2922
0.12643
0.77997
0.10555
1.045
0.50314
0.14331
0.11848
0.19988
0.79174
0.34445
0.6031
1.2065
0.15143
0.12464
0.33724
1.1649
0.12197
0.21246
0.29685
0.65548
0.18477
1.2305
0.21561
0.146
1.1525
0.17022
0.63937
0.30689
1.1574
0.63787
0.21783
0.9679
0.12984
0.24437
0.59714
0.27557
0.65159
0.23886
0.11287
0.1747
0.16796
0.088674
0.12707
1.0242
0.56808
0.14307
0.090213
0.97745
0.65313
0.35343
0.16322
0.10409
0.40757
0.25394
0.76432
0.24699
0.62431
0.3765
1.0049
0.50826
0.21252
0.67352
0.43339
0.17432
0.8877
0.19754
0.75697
0.52944
0.08076
0.095597
0.54688
0.36976
0.097613
1.0409
0.098889
0.30536
0.30609
0.12303
1.1528
0.33013
0.11986
0.16846
0.11477
0.089273
0.64166
0.31029
0.18595
0.97631
0.19151
0.23287
0.39644
0.42631
0.19762
0.36791
0.080611
0.51821
0.41301
1.0153
0.10217
0.21604
0.45758
0.58773
0.43297
0.87672
0.99071
0.1097
0.1611
0.36909
0.37225
0.071957
0.26349
0.10087
0.46173
0.73658
0.1053
1.14
0.37684
0.18713
0.37766
1.2094
0.58912
0.43818
0.10429
0.21782
1.3003
0.11995
0.50261
0.87661
1.02
0.26178
0.098118
0.60452
0.44622
0.4034
0.15887
0.15932
0.29574
0.21166
0.52071
0.39762
0.27764
0.64623
0.071274
0.16824
0.37893
0.69723
1.1496
1.1772
0.9882
0.31423
0.19712
0.86216
0.3385
1.0091
0.18401
0.17726
0.66835
0.5697
0.6363
0.11588
0.91469
0.97755
0.070004
0.85955
0.15357
1.0374
0.14446
0.95729
0.1315
1.2257
1.2103
0.65037
0.52153
1.2527
0.54113
0.096469
1.3362
0.15981
0.24152
0.36872
1.1629
0.18617
0.078582
0.19999
0.1323
0.25287
0.14096
0.51301
0.68318
0.12375
1.1808
0.29674
0.077809
1.1008
0.38527
0.27042
0.4604
0.081996
0.12822
0.10428
0.082802
0.5556
1.0549
1.411
0.12718
0.98353
0.17048
0.2151
0.18195
0.12729
1.0967
0.070236
0.30248
0.26366
0.82105
0.17703
0.1551
0.12383
0.25525
0.47958
0.13639
0.75279
0.47388
0.1268
0.55938
0.1725
0.09615
0.093747
0.47805
1.1245
0.81417
1.171
0.16707
1.44
1.1343
0.92777
0.1588
0.20201
0.87588
0.083974
0.62262
0.36478
1.2849
0.47809
0.079404
0.2981
0.97396
1.0037
0.19914
1.2088
0.61709
0.15126
0.088385
0.77372
0.76812
0.15571
0.35166
0.18082
0.46379
0.63655
0.28409
0.1391
0.74833
0.12293
0.2088
0.15769
0.10391
0.28839
0.14203
0.4531
0.2147
0.11468
0.75309
0.42285
0.90713
1.0944
0.26208
0.94678
0.26398
0.20142
0.14379
0.080764
0.1998
0.22004
0.099489
0.10886
0.13915
0.85127
0.12575
0.81654
0.8472
0.79112
0.55593
1.2102
0.15075
1.0853
0.39989
0.099904
0.15663
1.1855
0.087327
0.18598
0.27657
0.16933
0.31029
0.13725
0.21606
0.10475
0.11679
0.17879
0.19305
0.1021
0.18718
0.090522
0.34837
0.18283
0.46298
0.965
0.12523
0.075482
0.66731
0.63688
0.23226
0.84136
1.1698
0.57112
0.066326
0.22923
0.087015
0.069458
0.39102
0.39967
0.17157
0.20257
0.16326
0.70436
0.82164
0.74191
0.33899
0.27456
0.30381
0.10971
0.79594
0.59167
0.12634
0.086872
0.61831
0.35684
0.177
1.3042
0.15012
0.65574
1.076
0.27828
0.25392
0.17779
1.0621
0.35738
0.10302
1.0448
0.14994
0.26917
0.91215
0.1245
0.13115
0.12279
0.63997
0.64839
1.0172
0.088185
0.59955
0.84248
0.45906
0.82
0.091203
0.34721
0.1914
0.57953
0.1336
0.13386
0.53891
1.0479
0.15708
0.60316
0.29111
0.65831
1.0766
0.38849
1.0867
1.0956
0.1096
0.65436
0.075765
0.15261
0.58163
1.1063
0.18025
0.3441
0.15881
0.61095
0.27681
1.1837
0.17295
0.5898
1.6249
0.13418
0.55885
0.14886
1.0281
0.21854
0.5475
0.11599
0.29218
0.27064
0.88732
0.20291
0.53734
0.07309
1.2021
0.32958
0.80372
0.19734
0.42512
0.88798
0.35397
0.23423
0.42361
0.3041
0.21145
0.94975
0.55719
0.17076
0.31209
1.1213
0.73388
1.2881
0.15833
0.21291
0.1571
0.14209
0.15494
0.083203
0.13469
0.080872
0.92463
0.13646
0.89868
0.74639
1.3529
0.80952
1.0515
0.11326
0.57663
0.65745
0.28806
0.38912
0.24338
0.25403
0.55566
0.58406
0.16102
0.61568
1.0126
0.51611
1.218
0.28989
0.093583
0.23474
0.68279
0.23285
0.80397
0.23074
0.20835
0.70896
0.16466
0.82113
0.11091
0.98301
0.42135
0.18726
0.09975
1.3263
0.28789
0.13171
1.0485
0.69637
0.20738
0.13688
0.58041
0.5755
0.1292
0.10448
0.18475
0.45946
0.079207
0.10417
0.10789
0.098272
0.32628
0.50033
0.071752
0.11519
0.65066
0.28679
0.11753
0.098229
0.22555
0.099807
1.0037
0.98953
0.93766
1.2274
0.50676
1.0933
0.48428
1.2074
0.13311
0.11154
0.72256
1.0441
0.15052
0.19978
0.13626
0.32682
0.9011
0.13599
1.2424
1.0072
0.8231
1.0631
0.10931
0.3819
0.27422
0.22063
0.17537
0.26765
0.74663
0.25074
0.88641
0.94798
0.75307
0.29656
0.79874
0.12837
0.61654
0.88742
0.79888
0.22866
0.30159
0.21429
0.15029
0.53789
0.11613
0.21546
0.55581
0.25993
0.10551
0.25236
1.7127
0.38857
0.40963
0.24028
1.1241
0.66547
0.7576
0.4699
0.14216
1.0253
0.14284
0.54422
1.1612
1.0553
0.13032
0.48711
0.40943
0.36699
0.13771
0.1429
0.49807
0.38704
0.36958
0.24985
0.082066
0.35699
0.17927
0.15475
0.13516
0.12706
0.16214
0.15653
0.10765
0.10869
0.39252
0.071059
0.10914
0.2717
0.11029
0.066892
0.1099
1.1617
0.084831
0.96792
0.84543
1.0434
0.25729
1.0727
0.50055
0.50309
0.14563
0.92991
0.12913
1.1963
0.3033
0.12265
0.27019
0.15405
0.18273
0.1967
1.0036
1.086
0.60676
0.08659
0.95394
0.59664
0.8409
0.62907
0.81805
0.057544
0.093851
0.20717
0.14673
0.19492
0.13966
0.39417
1.017
0.56119
0.19731
0.8468
0.55614
0.090634
0.28069
0.4505
0.21913
0.74029
0.55243
0.10426
0.12806
0.21915
0.24828
0.21087
0.69885
0.068604
0.17832
0.26791
0.34902
0.21992
0.17723
0.17969
0.13445
0.83373
0.3003
0.25369
1.2747
0.41971
1.1886
0.5425
0.15435
0.1452
0.23653
0.51429
0.068553
0.83842
0.12468
0.35196
0.55125
0.45956
0.18728
0.22848
0.13791
0.19593
0.36188
1.1576
0.14081
0.82943
0.26114
0.37176
0.12224
0.17937
0.78039
0.20903
0.38866
0.10489
0.23209
0.21407
0.85651
0.25472
0.95336
0.99496
0.1803
0.26236
1.0444
0.6919
0.10729
0.39701
0.14792
0.11453
1.1698
0.5461
1.0408
0.61515
0.29143
0.14934
0.79405
0.21945
0.33065
0.10787
0.38932
0.25262
0.18112
1.2336
0.55822
1.3556
0.1477
0.2162
0.1248
1.1177
0.12284
0.087481
1.1801
0.10992
0.57615
0.11265
0.17009
0.078575
0.77781
0.35936
0.97051
0.25519
0.14908
0.15706
0.22903
0.14264
0.51684
0.64555
0.18713
0.26107
0.43762
0.23891
0.064577
0.32882
0.46029
0.10664
0.14788
0.22038
0.21393
0.24903
0.14299
0.93319
0.14049
0.77252
0.70876
0.452
0.13238
0.38129
0.15387
0.10627
0.37736
0.61563
1.0374
0.64523
0.75145
0.35722
1.1278
0.22534
0.45858
0.089027
0.15929
0.21352
0.16688
0.093549
0.086834
0.45282
0.26504
0.56146
0.14216
0.29252
0.49575
0.13551
0.99253
1.1771
0.47126
1.1395
0.39981
0.26033
0.31579
0.53631
1.238
0.75622
0.11106
0.51507
1.2701
0.64701
0.31097
0.12135
0.34111
0.076126
0.7144
0.30849
1.0188
0.12346
0.40182
0.32265
0.25902
0.27428
0.077196
0.12838
0.2016
0.10856
0.20559
0.24052
1.1713
0.69326
0.81352
1.7116
0.094149
0.33866
1.0394
0.16662
0.81535
0.57282
0.796
0.11797
0.40942
0.083436
0.10446
0.18498
0.34408
0.088964
0.1593
0.29999
0.13389
0.94641
0.14075
0.95288
1.1989
0.17725
0.33967
0.44893
0.26389
0.12922
0.27199
0.26617
0.195
0.14131
0.2511
0.5342
0.55145
0.93852
0.2247
0.29605
0.089269
0.70815
0.10389
0.15484
0.41806
0.32016
0.2261
0.53494
0.72921
0.10498
1.1141
0.92087
0.90083
0.76245
0.362
1.0311
0.39657
0.138
0.3052
0.089268
0.30639
0.12981
0.25329
0.43721
0.22958
0.21339
1.0803
0.1047
0.66649
0.14617
0.76775
0.10641
1.0491
0.37793
0.56762
0.4764
0.45434
0.92758
0.37946
0.58965
0.091863
0.29188
0.3398
0.44517
0.12845
0.74241
0.13839
0.65308
0.11278
1.2892
0.87961
0.20483
1.028
0.50763
0.14221
0.86715
1.3691
0.26171
0.12972
1.2334
0.1025
0.51822
0.10905
0.061758
0.080217
0.33573
0.93584
0.23984
0.1258
0.13344
0.26877
0.2145
0.09722
0.54877
0.79192
0.65541
0.40013
0.28634
0.35513
0.16808
0.16852
0.11211
0.93026
0.2498
0.51709
0.23317
1.0908
0.33041
0.264
0.144
1.0714
0.95063
1.1865
0.19753
1.0594
0.48783
0.15124
0.25128
1.1797
0.070964
1.2392
0.16786
0.070955
0.13132
0.19207
0.43927
0.24366
0.2209
1.2504
0.55086
0.11237
0.12236
0.19063
0.1367
0.2628
0.32759
1.0324
1.0801
0.15162
0.46273
0.21783
0.16593
0.12789
0.29268
0.11864
0.58208
0.6484
0.73272
0.13344
0.066091
0.19766
0.13523
0.39955
0.81923
0.27169
0.18589
0.074358
0.41722
0.63335
0.20967
1.2207
0.25966
0.19366
0.27072
0.15296
0.89755
1.4574
0.45084
0.14692
0.10563
0.18294
0.43078
0.08983
0.16178
0.70855
0.098376
0.43165
1.077
0.42995
0.42749
0.58121
0.88283
0.46741
0.23782
0.31514
0.42882
0.081457
1.6568
0.10732
1.1103
1.0369
0.42536
0.14312
0.13639
0.34118
0.63814
0.17424
0.20839
0.22149
0.78689
0.080912
0.10397
1.1669
1.0471
0.94548
0.65555
0.066996
0.4516
0.23967
0.16071
0.27589
0.29218
0.15049
0.35619
0.18776
0.097258
0.15837
0.5999
0.32834
0.10174
0.19694
0.11394
0.24403
1.7481
0.27034
0.21822
0.99909
0.77901
1.0032
0.52734
0.76812
0.13937
0.15189
0.77531
0.75619
0.12594
1.0003
0.28933
0.056453
0.14882
0.1578
0.33395
0.10661
0.11127
0.8237
0.14374
1.1743
0.68906
0.19752
1.2257
0.11338
0.091267
0.38283
0.09096
0.59738
0.076518
0.29958
0.10786
0.23457
0.12952
0.10589
0.080048
0.41606
0.41718
0.5091
0.9355
0.14276
0.11842
0.23366
0.28471
0.19574
0.13131
1.4031
0.44044
0.098882
0.39287
0.12046
0.15642
0.67441
1.2743
0.18209
0.37372
0.92049
0.26952
0.48091
0.54167
0.29553
0.19787
0.95655
0.97893
0.79937
0.88569
0.56312
0.1498
0.89575
0.66692
0.19298
0.30852
0.15773
0.1462
0.20941
0.25208
0.18957
0.24693
0.089932
0.090337
0.14137
0.21985
0.50882
0.30935
0.19855
0.46761
0.10358
1.0871
0.2074
0.10785
0.40094
0.098399
0.089027
0.13181
0.079417
0.19381
0.76923
1.1002
0.14689
0.73045
0.1246
0.55534
0.13134
0.46324
0.46638
0.63952
0.17339
0.43739
0.1167
0.82456
0.59294
0.49626
0.8422
0.642
0.11837
0.3702
0.7609
0.38497
0.29206
0.36362
0.10583
0.12782
0.37961
0.13791
0.17011
0.63349
0.12065
0.10343
0.077553
0.23694
0.81201
0.14116
0.36856
0.59036
0.18199
0.082007
0.11033
0.26142
0.27774
0.18312
0.10567
0.11668
0.089881
1.0376
1.2585
0.30342
0.27146
0.094505
0.54267
0.42218
0.17919
0.20431
1.2904
0.14059
0.26488
0.35773
0.29913
0.85864
0.57485
0.093266
0.091615
1.1203
0.062643
0.14203
0.082986
0.19934
0.38588
0.42029
0.38451
0.10484
1.1496
0.59701
0.10581
0.21434
0.10683
0.58171
0.56134
1.2833
0.17949
0.15883
0.68609
0.078737
0.98644
0.098972
0.6534
0.31997
0.19618
0.77494
0.7171
0.14396
0.61006
0.28324
0.15106
0.7221
0.11925
0.42649
0.15525
1.6134
0.21112
0.45716
0.46256
1.1137
0.23718
0.43998
0.97865
0.16469
0.13343
0.07988
0.19085
0.98386
0.13196
0.23936
0.26742
0.75878
1.1751
0.21462
0.10341
0.48742
0.093839
0.15403
1.2534
0.26563
0.51845
0.45401
0.50776
0.091574
0.26175
1.0252
0.13938
0.27396
0.14243
0.33319
0.46523
0.12362
0.21287
0.10026
0.09076
0.12725
1.1723
0.16489
0.24059
0.23592
0.54943
1.4111
0.22063
1.0487
0.81664
0.20903
0.14321
0.6821
0.49756
0.69234
0.28737
0.32734
0.92431
1.3235
0.15197
0.080031
0.26747
0.96362
0.11691
0.29716
0.56676
1.0981
0.48778
0.12923
0.52703
0.2056
1.2317
0.36797
0.3229
0.38339
0.65544
0.35103
0.10331
0.0894
0.19569
0.22595
1.7548
0.60038
0.36422
1.0163
0.28841
0.3097
0.21107
0.082611
0.20699
0.13669
0.40384
1.0364
0.17137
1.0697
0.20915
0.27831
0.19616
1.1394
0.18467
0.55296
0.16649
0.13958
0.21346
0.64578
0.12497
0.33783
0.35064
1.1015
0.34197
1.2438
0.15724
0.12796
0.077959
0.20072
0.36322
0.13715
0.056403
1.3561
0.33215
0.15625
0.093863
0.41282
0.22401
0.29665
0.44629
1.0069
0.097933
0.282
0.11144
0.25217
0.071207
0.13666
0.086379
0.20037
0.25499
1.1024
0.18149
0.078792
1.2378
0.35745
0.18899
0.94169
0.54163
0.46579
1.0181
0.078147
0.27089
0.92427
0.25401
0.16898
0.095449
0.57592
0.54219
0.60487
0.17309
0.58888
1.1651
0.31235
1.1456
0.22815
0.17419
1.2574
0.21377
0.13193
0.10085
0.67291
0.16848
0.65248
0.55159
0.58016
0.74233
0.22114
0.21136
0.13486
0.087065
0.16172
0.13395
1.4708
1.302
0.09478
0.83949
0.48114
0.31944
0.69175
0.070484
0.15412
0.7509
0.11338
0.69963
0.34632
0.13262
0.44785
0.1255
0.18747
0.11045
0.825
0.31992
0.22932
0.13521
0.097001
0.10617
0.59223
0.17774
0.43631
0.31542
0.15454
0.18338
0.48609
0.53512
0.2688
0.33433
0.18017
0.11237
0.12746
0.60599
0.98556
0.21167
0.56487
0.41699
0.19267
0.14659
0.38307
0.13904
0.14838
0.33724
0.23399
0.61941
0.11503
0.80544
0.1803
0.18116
1.0675
0.31436
0.21885
0.21525
0.1123
0.12093
0.17893
0.13114
0.10523
1.1656
0.10137
0.23376
1.0435
0.13092
0.40366
0.64211
0.32106
0.98974
0.080721
0.20541
0.11783
0.29271
0.12539
0.37935
0.481
0.20484
1.2379
0.90003
0.31796
0.69104
1.0556
0.41245
0.70418
0.07884
0.27239
0.70327
0.13037
1.2981
0.51925
1.1852
0.27193
0.71371
0.39321
0.17809
1.2558
0.49748
0.36738
0.33497
0.15027
0.6222
0.11825
0.088284
0.74579
0.94306
1.6066
0.49819
0.10629
1.0479
0.11963
0.41915
0.47913
0.31172
1.0486
0.11517
0.099227
0.21105
0.097419
0.80465
0.17243
0.29963
0.08907
0.78511
0.54819
0.19828
0.97154
0.05123
0.17645
0.66756
0.6346
0.53489
0.26189
0.50956
0.57158
0.17431
0.36039
0.1114
0.5123
0.091664
1.1469
0.30149
0.15547
0.57684
0.14031
0.47868
0.54979
0.32619
0.22469
0.18294
0.10213
0.35698
1.2824
0.84857
0.10407
0.088264
0.25167
0.28266
0.15684
0.43719
0.070647
0.11975
0.41712
0.1408
0.11491
0.13778
0.21849
0.081995
0.1185
1.1146
0.12109
0.42962
0.12862
0.67755
0.23455
1.3304
0.11394
0.1737
0.32344
0.22713
0.13398
0.17549
0.16045
0.17261
0.50202
0.093054
0.20704
0.70654
0.54135
0.39776
0.59333
0.49166
0.91546
0.4904
0.16982
0.12839
0.14895
0.83743
0.072881
1.0602
1.0809
0.1686
0.10408
0.1663
0.15275
0.59348
0.81548
1.1128
0.3095
0.99368
0.69814
0.17208
0.35877
0.23182
0.8728
0.45581
0.32072
1.1895
0.65716
0.24645
1.5497
0.62661
0.079976
0.14141
0.88203
0.42696
0.14018
0.85383
0.10241
0.49195
0.055042
0.65575
1.153
1.0848
1.1846
0.67028
0.4005
0.16724
0.19149
0.27178
0.30341
0.34191
1.1891
0.79533
1.3868
0.25086
0.29004
0.8289
0.45258
0.25465
0.18662
0.089542
0.096789
0.16523
0.32227
1.1407
0.35769
0.99973
0.51993
0.13304
0.86419
0.45658
0.45653
0.41924
0.53965
0.19236
0.090334
0.71263
0.27747
0.43238
0.07471
0.074124
0.19491
1.2142
0.27645
0.34957
0.11332
0.24106
0.10327
0.58623
1.0547
0.34044
1.592
0.11968
0.4918
0.54097
0.10726
0.16355
0.11889
0.49985
0.23961
0.4621
0.6631
0.14071
0.2702
0.18572
0.69707
0.24657
0.66783
0.10758
0.79259
0.27806
0.30009
0.23286
0.28138
0.41233
0.11798
0.59547
0.32634
0.50567
0.24535
0.24169
0.45482
0.54056
0.65473
0.15431
0.1675
0.13146
0.10678
0.34103
0.53639
0.13395
0.22163
0.26321
0.46467
0.12561
0.06785
0.73951
0.065498
0.3038
0.29405
0.10961
1.1859
0.081061
0.081619
1.1955
0.14816
0.47653
0.16302
0.10343
0.71389
1.0022
0.33203
0.51646
0.10095
0.15748
0.43387
0.11425
0.19728
0.29903
1.0088
0.083623
0.10239
0.72465
0.43813
1.1996
0.56417
0.21572
0.18765
0.11414
0.065331
0.11004
1.1481
0.10112
0.082982
0.075779
0.17376
0.16361
0.42784
0.14091
0.32958
0.19543
0.78751
0.30836
0.12255
0.12642
0.24888
1.0878
0.15372
0.46823
0.79728
0.21517
0.76043
0.094041
0.82076
0.80018
0.76733
0.68395
0.10195
0.067197
0.074907
1.1547
0.13251
0.60624
0.66639
0.26615
0.70471
0.13735
1.3467
0.36558
0.12005
0.79663
0.23468
0.11522
0.25096
0.22704
0.72597
0.40361
0.06984
0.18149
0.65116
0.11121
0.21648
1.1968
0.5843
0.29359
0.25657
0.11407
0.22593
0.20124
1.0153
0.26713
0.44777
0.13432
0.27078
0.49785
0.31843
0.11416
0.20206
0.069325
0.33091
0.25297
1.1766
0.33317
0.24748
0.2316
0.16099
0.78377
0.15153
0.4807
0.15693
0.1254
0.44279
1.1764
0.32307
0.1453
0.4423
0.089316
0.092856
0.067112
0.50527
0.32284
0.28884
0.72421
0.80187
0.11052
0.92848
0.2667
0.34618
0.2892
1.0189
0.25389
0.21481
0.14256
0.40308
1.0545
0.40163
0.74526
0.10999
0.36971
1.1935
0.95072
0.42788
0.7395
0.085207
0.15411
0.42269
0.16744
1.2308
0.49344
1.5249
0.71006
0.36885
0.25494
1.048
0.30604
0.26238
0.86968
0.38048
0.95322
1.3142
0.10623
0.19215
0.082317
0.081195
1.2686
0.52853
0.13958
0.88153
0.69611
0.13239
0.097272
0.5097
0.11753
0.35923
0.9806
0.79656
0.8538
0.39553
0.15527
0.54238
0.67272
0.30544
0.24779
0.56485
0.66864
0.54816
0.080133
0.11517
0.36098
0.21758
0.13302
1.1341
0.10144
0.41969
0.2112
0.92832
0.3162
0.82507
0.88657
1.1387
0.10823
0.50812
0.60756
0.63245
0.058047
0.118
0.12715
0.44418
0.43283
1.0793
1.1891
0.11961
0.49469
0.073859
0.3401
0.23527
0.28317
0.78184
0.099189
0.53651
0.18407
0.81788
0.60199
1.0788
0.20764
0.47524
0.10063
0.083891
0.26894
1.0688
0.11253
0.12695
0.83357
0.21886
0.54338
0.74432
0.11923
0.092713
0.063889
0.20087
0.24167
0.094188
0.22727
0.16719
0.092992
1.0531
0.50933
0.14239
0.13608
0.43631
1.3223
0.5389
0.14577
0.20315
0.72121
0.083701
0.22299
0.23034
0.42373
0.46483
0.084785
0.36055
0.67611
0.089142
0.27754
0.11133
0.14872
0.51686
0.2912
0.23554
0.6503
0.11984
0.8343
0.24572
0.961
0.34814
0.13793
0.25986
0.67288
0.85553
0.099674
0.26607
0.72249
0.50791
1.2833
0.7665
0.13915
0.75451
0.51923
0.34844
0.27414
0.36548
0.40749
0.075616
0.51681
0.50483
0.23801
0.14169
0.29623
0.50869
0.75621
0.16723
0.095861
0.2843
0.49203
0.30149
0.33087
0.96246
0.48056
0.1606
0.18706
0.36724
0.65709
0.10244
0.077793
0.14514
0.39105
0.17287
0.17515
0.18867
0.1001
0.17182
0.13432
0.62639
0.37066
0.12828
0.45879
1.0938
0.15046
1.2575
0.11152
0.58753
0.12447
0.10676
0.10507
0.96076
0.44775
0.90098
0.3706
0.15489
0.16871
0.10916
1.2651
0.18346
0.13143
0.77265
0.095252
0.15713
0.18347
0.086602
0.29475
0.12443
0.090436
0.44426
0.38572
0.39934
0.16389
1.3053
0.65948
1.156
0.36062
0.074421
0.62331
0.2105
0.15003
0.21855
0.09493
0.34157
0.35589
0.14666
0.54264
0.094936
0.11269
0.2737
1.2039
0.08797
0.42595
0.23582
0.18376
0.70331
0.36756
0.10057
0.23788
0.10549
0.32062
0.071856
0.55619
0.17796
0.67591
0.35564
0.079482
0.20516
0.60956
0.34086
0.10142
0.14522
0.1503
0.099403
0.52721
0.84047
0.1039
0.58703
0.23927
1.0716
0.96354
0.56733
0.68959
0.72616
0.63046
0.23638
1.2122
1.2421
0.15089
0.71972
0.23953
0.69624
0.15141
0.78026
0.37603
1.0382
0.64719
0.29845
0.22903
0.4007
0.66624
0.14826
0.93086
0.2469
0.27267
0.21665
0.62974
0.8087
0.90486
0.18823
0.27023
0.94271
0.47896
1.1188
0.11609
0.27417
0.29562
0.76618
0.12677
0.36726
0.1185
1.1451
0.1791
0.085379
0.67489
0.26628
0.080975
0.30808
0.25157
0.92925
0.39794
0.67156
0.16926
0.10164
0.10763
0.30652
0.34138
0.29668
0.10355
0.26433
0.30468
0.11055
0.27819
0.19531
0.27781
0.26988
1.6857
0.46124
0.098059
1.149
0.33279
0.20671
0.68299
0.59819
0.52218
0.086759
0.15166
0.91981
0.068613
0.1668
0.089348
0.91179
1.3003
0.59426
1.2053
0.15861
0.30449
0.24578
0.087832
0.12356
0.26142
0.87658
0.84142
0.26534
0.15498
1.2497
0.70941
0.18823
0.22522
0.10497
0.23844
0.81588
0.42581
0.20137
0.41532
1.1264
0.13769
1.063
1.0275
0.91204
0.79037
0.32941
0.20315
1.0035
0.77678
0.85304
0.24513
0.26856
0.35935
0.12285
0.66404
0.43711
0.15048
0.25939
1.1292
0.23761
0.50965
0.42003
0.15341
0.31057
0.11356
0.13786
0.73998
0.081369
0.11829
0.51288
0.13819
0.12778
0.26011
0.23137
0.56927
0.13063
1.0479
0.31285
0.36519
0.27892
0.22334
0.098672
1.0259
0.26504
0.623
0.11167
0.351
0.46384
1.576
0.39127
0.16653
0.6093
0.23814
0.78196
0.11628
0.89981
0.24226
0.15468
0.71794
0.12334
0.17313
1.1142
0.21637
1.0531
0.1749
0.26112
0.13698
0.0873
0.80988
0.12566
0.34412
0.17151
0.81845
1.2313
0.24373
1.1864
0.90716
0.11425
0.94969
0.3657
0.32937
0.14854
0.13182
0.33689
0.34792
0.092617
0.41689
0.71836
0.76207
0.21559
0.13885
0.62145
1.0497
0.42839
0.80841
0.49047
0.78743
0.64217
1.1024
0.081939
0.6703
0.97492
0.91767
1.0264
0.53514
1.0719
0.090619
0.1091
0.079954
0.14177
0.17961
0.86734
0.16973
0.67594
1.2241
1.3498
0.91724
0.10981
0.92311
0.24325
1.1945
0.5605
0.32844
0.099865
0.35726
0.19423
0.078087
0.15465
0.10873
0.074682
0.073588
0.26973
0.35687
0.12082
0.37379
0.1585
0.32932
1.0983
0.22267
0.47652
0.20356
0.17247
0.15064
0.2452
0.18218
0.98369
0.070833
0.11231
0.73728
0.45554
0.39599
0.10779
0.23344
0.4124
0.37638
0.40694
0.12725
0.99222
0.4159
0.31877
0.48376
0.59438
0.26879
0.3748
0.10683
0.1699
0.56787
0.20966
0.53573
0.85171
0.21534
0.64499
0.063832
0.38842
0.47817
0.31894
0.35058
0.11983
0.11361
0.098945
0.31921
0.084485
0.089483
0.44677
0.51368
0.22332
0.96131
0.40141
0.15154
0.89894
0.077386
0.1183
0.20411
0.12683
0.18429
1.088
0.091905
0.13367
0.1602
0.070777
0.47554
1.6557
0.18872
0.38204
0.11601
0.093932
0.27825
0.10268
0.41308
0.69586
0.56632
0.80559
1.1296
0.061191
0.24914
0.18452
0.81304
0.19637
0.69761
0.13658
0.61825
0.2215
0.70145
0.28701
0.635
0.16452
0.34526
0.14483
0.20498
1.2232
0.10476
0.18347
0.52118
0.754
0.09047
0.17282
0.3589
0.10909
0.086195
0.88183
0.14766
0.29332
0.57373
0.081197
0.97034
0.54548
0.54152
0.14386
0.4605
0.7671
0.42424
0.12861
0.07264
0.097301
0.19244
0.25814
0.20912
0.089667
1.0527
0.50064
1.1778
0.052956
0.31511
0.18724
0.13981
0.16437
1.2388
0.21206
0.1449
0.40006
0.24169
0.10109
0.20341
0.074524
0.58949
0.9479
0.12503
0.11461
0.53463
0.29605
0.075773
0.32452
0.18152
0.092738
0.40114
0.92534
0.33326
0.086815
1.1084
0.16777
0.17341
0.11101
0.13744
0.1544
0.18769
0.085632
0.12334
0.1747
0.52175
0.11385
0.54428
0.068785
0.17033
0.083295
0.88388
0.56269
1.1013
0.79065
1.0174
0.50878
0.95737
0.17337
0.1071
0.11839
0.40857
0.15514
1.1745
0.094309
0.091792
1.1783
0.083341
0.46854
0.14571
0.095708
1.0184
0.16346
0.53388
0.44014
0.91429
0.11902
1.009
1.2907
1.1806
0.12928
0.26682
0.12317
0.096999
0.23476
0.11101
0.17127
0.082494
0.49485
0.093478
0.4782
0.31448
0.14422
0.62938
1.45
1.2018
0.12825
0.22014
0.12927
0.32009
0.078364
1.137
0.35114
0.33712
0.18325
0.18508
0.077149
0.74692
1.4256
0.57834
0.25929
0.90274
0.12884
0.72242
0.16959
0.20927
0.54837
0.66596
1.0655
0.72214
0.19603
0.14604
0.50067
0.12386
0.11308
0.17372
0.37933
0.89336
0.48923
0.77606
0.22075
0.32911
0.52813
0.19063
0.13683
1.0207
0.81759
0.37482
0.48318
0.41119
0.09246
1.0565
0.15802
0.33052
0.1583
0.12607
0.47265
0.41626
0.92936
0.19333
0.13496
0.98685
0.20741
0.067988
0.1131
0.64745
0.13061
0.86804
0.53583
1.0996
0.71242
0.98848
0.9904
0.17856
0.46593
0.4983
0.27584
0.26718
0.51911
0.32165
1.1229
0.35603
0.083883
0.42235
0.17359
0.14802
1.2723
0.49667
1.1402
0.44832
0.22848
0.18899
1.2408
1.0617
0.087659
0.73309
0.56201
0.46065
0.14647
0.37488
1.1577
0.1156
0.16537
0.14167
0.38862
0.146
0.11662
0.87275
0.27933
0.12394
0.072883
0.63787
0.1295
0.62515
0.9739
0.093146
0.071373
0.37453
0.63359
0.23886
1.0906
0.27337
0.59731
0.11971
0.98508
0.16067
0.08439
0.14307
0.12625
1.3663
0.077856
0.20596
0.18742
0.28219
0.101
0.11161
0.32337
0.17771
0.62431
0.3765
0.52206
0.29842
0.9814
0.47351
0.13513
0.17432
0.41204
0.17532
0.096725
0.11494
0.54057
0.27255
0.16011
0.20645
0.36336
1.0409
0.098889
0.57847
0.36001
0.6627
0.096581
0.22897
0.11313
0.226
0.11477
0.32606
1.3918
0.14011
0.15095
0.06775
0.16979
0.32728
0.71956
0.10625
0.21619
0.64256
0.28851
0.11734
1.249
0.67444
0.34478
0.21604
0.18559
0.24834
0.43297
0.92835
0.77343
1.0599
0.12216
0.095662
0.088238
1.3195
0.21808
0.32113
0.41064
0.082665
0.15734
0.10748
0.14682
0.3233
0.06984
0.41705
0.5574
0.1072
0.080992
0.21782
0.23067
0.10572
0.23531
0.56284
0.15699
0.12295
0.28942
0.47496
1.1306
0.16286
0.97997
0.33445
0.086681
0.29853
0.28519
0.063725
0.91981
0.68146
1.1235
0.56728
0.47495
0.72838
1.0083
0.2966
0.13229
0.22333
1.2669
1.3208
0.17126
0.42072
0.44027
0.17726
1.0842
0.73614
0.1094
0.15082
0.10947
0.18351
0.72102
0.49872
0.27274
0.46643
0.14446
0.12113
0.31144
0.16759
1.2103
0.7499
0.84288
1.2761
0.48548
1.1849
1.0449
0.89468
0.15166
0.46741
0.18009
0.18617
0.15153
0.43689
0.1323
0.099925
0.06859
0.089639
1.1923
0.12375
0.13139
0.29674
0.34986
1.7096
0.088428
0.47171
0.63252
0.65787
0.11612
0.46684
1.2603
0.16782
0.26963
0.39963
0.23231
1.3126
0.11363
1.2613
0.21832
0.82943
0.1844
0.39737
0.97011
0.24012
0.30059
0.17663
0.12232
0.12383
0.28496
0.68913
0.13639
0.27853
0.35518
0.25652
0.50293
0.1725
0.1488
0.10121
0.48811
1.0202
0.30184
0.96672
0.2111
0.31388
0.73015
1.0472
0.19051
0.32726
0.30952
0.081634
0.66519
0.16142
0.23463
0.38372
0.94175
0.12686
0.97396
0.072861
0.2235
0.069704
0.51274
0.15126
0.42146
0.093102
0.25362
0.40756
0.35166
0.98056
1.1672
0.30668
0.087625
0.48159
0.064233
0.14039
0.13739
0.3739
0.10391
0.08664
0.080444
0.12577
0.54244
0.4128
0.32561
0.72475
1.2009
0.32067
0.62283
0.13278
0.13293
0.13688
1.1458
0.080764
0.4808
0.59637
0.07079
0.60789
0.13915
0.50039
0.065656
0.81654
0.097359
0.15397
0.55593
1.2102
0.059166
0.17618
1.1676
0.14219
1.2414
0.5552
0.17143
0.28574
0.12359
0.5659
0.10091
0.096505
0.12637
0.10475
0.072517
0.93811
0.74203
0.1633
0.29881
0.37147
1.1765
0.86826
0.30724
0.51155
0.93913
0.34783
0.66731
0.63688
0.4404
0.82972
0.81715
0.81775
0.066326
0.14504
0.69053
0.32284
0.28694
0.092256
0.27292
1.2328
0.66819
0.70436
0.30338
0.073144
0.33899
0.11984
0.30381
0.068574
0.79594
0.32673
0.12634
0.72052
0.29051
1.131
0.51606
0.47172
0.093795
0.17441
0.33903
0.26046
0.25392
0.26442
0.28095
0.34729
0.22361
0.35935
0.30565
0.90522
0.56068
0.36961
0.68739
0.12279
0.26053
0.64839
0.16678
0.33398
0.12168
0.1321
0.45906
0.40438
0.26264
0.29081
0.086083
0.12794
0.23457
0.073849
0.89346
0.33243
0.83482
0.11843
0.19363
0.71179
0.56274
1.2166
0.20035
0.17433
1.1988
0.20708
0.58228
0.15261
0.078887
0.18742
0.093028
0.68745
0.080761
0.38934
0.62081
0.14456
0.17295
1.1328
1.1966
0.221
0.11035
0.84831
1.1786
0.60564
0.43319
0.11599
1.1651
0.51774
0.88732
0.23594
0.11042
0.6241
0.13328
0.077811
0.35623
0.050437
0.42512
0.55724
0.18674
0.39346
1.0768
0.097339
0.37633
0.78383
0.3646
0.17076
0.14896
0.16439
0.10054
1.2881
0.18037
1.4817
0.1571
0.14209
1.1497
0.15973
0.13469
0.29339
0.92463
0.72304
0.11392
0.12535
0.11387
0.80952
1.0515
1.0902
0.31631
0.65745
1.2282
0.32877
0.31217
0.34385
0.15362
0.58406
0.50208
0.098584
1.0126
0.3696
0.13692
0.073432
0.093583
0.31041
0.067891
1.0679
0.8035
0.24484
0.258
0.080908
0.098702
0.10205
0.14088
0.13829
0.10221
0.1767
0.09975
1.3263
0.26637
0.081851
1.0485
0.1972
0.10135
0.11022
0.079537
0.31856
0.17691
1.0368
0.30869
0.50495
0.07172
0.54912
0.75259
0.83093
0.17868
0.74003
0.50356
0.92566
0.53786
0.19851
0.11753
0.14738
0.099435
0.20515
1.0037
1.0131
0.93766
0.32314
1.1118
0.12598
0.80846
1.2074
0.35005
0.063491
0.1277
0.27917
0.11854
0.074966
0.13626
0.96068
0.31353
0.87525
1.2375
0.10505
0.8231
1.0977
0.63911
0.18247
1.1011
0.13628
0.32519
0.31305
0.20407
0.59152
0.24249
0.83557
0.70555
0.24123
0.79874
1.3513
0.094844
0.9004
0.27607
0.10112
1.2623
0.23165
0.19617
0.16861
1.0723
0.21546
0.1678
0.15408
0.29941
0.70351
1.6311
0.55093
0.19378
0.16235
0.24573
0.61852
0.36874
0.14626
0.15475
0.52061
0.17661
1.1167
0.25671
0.1665
1.2706
0.072426
0.48866
0.40605
0.14527
0.48383
0.31684
1.1269
0.55583
0.67702
0.17804
1.0012
0.22075
0.11201
0.32351
0.1306
0.098508
0.42054
0.18479
0.16519
0.26096
0.20003
0.087939
0.2717
0.076807
0.34198
0.62
0.17641
0.30613
1.0891
0.066503
0.34003
0.76498
0.38898
0.50055
0.09537
0.17617
0.67537
1.1801
0.31429
0.16136
0.1928
0.95708
0.44696
1.112
0.93907
0.38343
0.44834
0.60676
0.45278
0.56245
0.24335
0.22297
0.2379
0.17074
0.54526
0.057023
0.17847
0.10916
0.68788
0.63572
0.47561
0.096245
0.10365
1.3665
0.11289
0.44411
0.090634
0.10835
0.94559
0.63615
1.0854
0.55243
0.05674
0.23891
0.073448
0.74965
1.1032
0.30892
0.20406
0.091539
0.19693
0.21826
1.1498
0.46987
0.4803
0.88815
1.1827
0.3003
1.6381
0.17367
0.23947
0.78565
1.1133
0.23425
0.72506
0.40721
0.46506
0.089828
0.50953
1.1137
0.94513
0.16105
0.21747
0.18532
0.18132
0.17147
0.15611
0.65115
0.93052
0.90606
0.13764
1.4541
0.89542
0.18946
0.38799
0.78039
0.88733
1.1224
0.17696
0.078039
0.61321
0.11801
0.1195
0.95336
1.2638
0.27613
0.16031
0.27836
0.17089
0.1032
0.25793
0.84649
0.73798
0.92261
0.15244
1.0408
0.6339
0.16976
0.34215
0.20885
0.21215
1.5345
0.1316
0.61684
0.25262
0.12802
0.11297
0.18381
0.086027
0.499
0.67732
0.10114
0.25162
0.76295
0.73359
0.90916
0.37821
0.2136
0.54564
0.17009
0.49106
1.4608
0.076106
0.13158
0.44969
0.27823
0.35098
0.29351
0.94295
0.19567
0.22095
0.18713
0.23826
0.24957
0.22254
0.2435
0.32882
0.086198
0.6547
0.19181
0.5136
0.21393
0.23474
0.36561
0.11855
0.16214
0.77252
0.19261
0.41724
0.31338
0.094483
0.15337
0.10627
0.37736
0.52722
1.1384
0.64523
1.2494
0.96485
0.80387
0.62335
0.16575
0.22397
0.11498
0.19771
0.12401
0.11036
0.086834
0.25139
0.11423
0.97876
0.17578
0.40771
0.20698
0.42269
0.43132
0.83801
0.2988
1.1395
0.39981
1.0064
0.10617
0.53631
0.26297
1.1085
0.68131
0.12493
1.491
0.16717
0.9413
0.32474
0.4118
0.076126
0.14379
0.44634
0.55278
1.0877
0.25055
0.32265
0.56348
0.26343
0.22499
0.40719
0.6517
0.10856
0.53384
1.256
0.24231
0.38505
0.92798
0.27158
0.33271
0.21427
0.38014
0.14099
0.1947
0.17156
0.23754
0.6486
0.52901
0.69139
0.16349
0.4388
0.10888
0.088964
0.22861
0.82405
0.13389
0.91692
0.76572
0.1109
0.073242
0.98171
0.17945
0.14825
0.34061
0.912
0.07572
0.14039
0.1336
0.14131
0.079894
0.23536
1.2858
0.25443
0.2998
0.26704
1.3329
0.70815
0.90186
0.26555
0.093712
0.32016
0.096174
0.16871
0.14918
0.54546
0.099855
0.91698
0.14973
1.0015
0.76113
0.17582
0.39657
0.30477
0.56667
1.0587
0.097404
0.42808
0.25329
0.38953
0.17119
0.12001
1.0803
0.19195
0.81464
0.14617
1.0926
0.34398
0.20263
0.8927
0.21216
0.25748
0.45434
0.70503
0.37946
0.26375
0.50071
0.29188
0.3398
0.217
0.51915
0.13079
0.10376
0.13199
0.19213
0.09903
0.3879
0.72049
0.53429
0.92324
0.80175
0.86715
0.87345
0.35214
1.0893
1.2334
0.11826
0.72359
0.9097
0.061758
0.081818
1.5
0.89766
0.19493
0.10404
0.29846
0.19329
0.56164
0.09722
0.54877
0.56125
0.14618
0.12072
0.28634
0.32888
0.16808
0.10933
0.32477
1.1972
0.11832
1.1506
0.23317
0.22874
0.53492
0.17632
1.2267
0.094753
0.29659
1.1865
0.19058
1.0594
0.48783
0.64153
0.25128
0.20892
1.0905
0.069456
0.10897
0.35711
0.13132
0.096501
0.39177
0.71183
1.0535
0.081496
0.17478
0.17423
0.16142
0.42547
0.22997
0.1989
0.32759
0.11556
0.13835
0.59905
0.63162
0.10313
0.16593
0.12789
0.26658
0.42936
0.13773
0.6484
0.71329
0.60446
1.0281
0.19766
0.15368
0.096265
0.83457
0.11448
0.12515
0.19708
0.16818
1.1466
0.14382
0.18765
0.14244
0.2038
0.40432
0.91974
0.22045
1.4574
0.35668
0.14692
0.10296
0.41476
1.0273
0.88983
0.78033
1.2706
0.098376
0.26349
1.077
0.086231
1.1041
0.11566
0.68755
0.194
0.26949
0.083131
0.082909
1.5918
0.39358
0.10732
0.12632
0.85154
0.65636
0.084836
0.13639
0.28602
0.67414
1.1498
0.40888
0.85673
0.094328
0.12772
0.41784
0.27588
1.0471
0.068019
0.65555
0.94569
0.32418
0.13469
0.16071
0.30257
1.0102
0.066009
0.22757
0.48248
0.093453
0.92842
0.96398
0.16146
0.35373
0.15234
0.75903
0.24403
0.13811
0.42441
0.21822
1.1234
0.15195
1.2357
0.22144
0.76812
1.0317
1.0854
0.59922
0.33824
0.12594
0.3355
0.37605
0.91791
0.22991
0.11659
1.2317
0.3266
0.2488
0.077269
0.93726
0.15988
0.61314
0.12391
0.22291
0.32606
0.12487
0.17566
0.41443
0.82648
0.84392
0.21459
0.10004
0.45474
0.54237
0.43641
0.13946
0.41606
0.16214
0.88878
0.10279
0.11672
0.11842
0.099676
0.12734
0.22565
0.083016
1.0756
0.52108
0.56768
0.39593
0.16054
0.075416
0.17119
1.0251
0.18209
0.81067
0.92049
0.1143
0.30174
0.62784
0.74495
0.11805
0.25773
0.086909
0.59761
0.1225
0.063805
0.1498
0.67079
0.94697
1.1048
0.099219
0.29893
0.44923
1.1045
0.29473
0.098783
0.91651
1.0999
0.15126
0.14137
0.70039
0.43073
0.17894
0.8359
0.168
0.18411
0.18758
0.16358
0.20331
0.40094
1.3521
0.22553
0.10178
0.96429
0.2085
0.5703
0.35562
1.1241
0.10982
0.26755
0.7841
0.43101
0.07515
0.35325
1.0228
0.14921
0.27594
0.13071
0.14067
0.64445
0.7938
0.35431
0.080395
0.19826
0.98914
0.31721
0.95786
0.23607
1.1464
0.13464
0.13797
0.23641
0.12939
0.85711
0.088186
0.090016
0.10343
0.63761
0.7469
0.10165
0.14116
0.20224
0.66469
0.11757
0.082007
0.55636
0.098981
0.74286
0.10132
0.10567
1.2534
0.089881
0.46062
0.10805
0.7462
0.28382
0.51619
0.42772
0.68233
0.27681
0.73351
1.081
1.245
0.24263
0.12029
0.29913
0.10543
0.46562
0.18172
0.089121
0.08425
0.48665
0.067624
0.39886
1.3362
0.32856
0.91182
0.75254
0.30441
0.1077
0.99375
0.86846
1.2539
0.094419
0.1593
0.55183
0.11816
0.44209
0.89194
0.34176
0.21924
0.27058
0.67187
1.0751
0.24808
0.26631
0.089408
1.1714
0.14396
1.748
0.28324
0.40914
0.40645
0.11497
0.29491
1.1117
0.24741
0.66778
0.54918
0.29441
0.12741
1.2098
0.4597
0.10027
0.16469
0.96624
0.51287
0.87579
1.0199
0.13196
0.88148
0.1639
1.0532
0.53942
0.14063
0.99384
0.42816
0.12931
0.25315
0.067188
0.10573
0.47862
0.40309
0.36904
0.091574
0.87956
0.13554
0.31427
0.11385
0.13969
0.7968
0.62097
0.39945
0.14371
0.49704
0.2024
0.12725
0.68892
0.51521
0.33203
1.0704
0.16607
0.11121
0.22063
0.13276
0.40907
1.1435
0.14309
0.20368
0.29637
0.13544
0.44287
0.21737
0.2376
1.1346
0.15197
0.97621
0.45887
0.13994
1.6647
0.47312
0.090718
0.69913
0.17846
0.51433
0.23935
0.12209
1.2262
0.86808
0.14172
1.109
0.072534
0.97389
0.091721
0.0894
0.28809
0.36766
0.071588
0.083066
0.21393
0.088085
0.21456
0.72603
0.064945
0.085843
0.54977
0.2235
0.082514
0.21028
0.21299
0.11342
0.2413
0.27831
0.64005
1.1394
0.39623
1.3471
0.20809
0.32313
0.40543
0.64578
0.10195
0.27967
0.10448
0.15936
0.34197
0.082964
0.56953
0.19993
1.1872
0.15663
0.90338
0.28911
0.076295
0.97444
0.083939
0.1425
0.2423
0.71909
0.14824
0.83099
0.22827
0.097463
0.11869
0.8244
0.14458
0.08016
0.50589
0.47923
0.87683
1.1528
0.25105
0.20996
0.13339
0.22707
1.2378
0.35745
0.089591
0.12584
0.18387
0.72282
0.19275
0.095115
0.1439
0.12641
0.14325
0.27449
0.095449
0.8604
0.53137
0.29711
0.12686
1.1858
1.1651
0.10939
1.1456
0.22481
0.13757
0.26279
0.85449
0.19931
0.50854
0.24203
0.12953
0.40355
0.26476
0.38359
0.83357
0.33211
0.13176
0.25932
0.13364
0.14226
0.13395
0.53478
0.19919
0.73727
0.25459
0.077078
0.24462
0.69175
0.17987
0.46896
0.16402
0.11225
0.23681
0.092402
0.13497
0.18444
0.2217
0.73307
0.13795
0.16414
0.16656
0.22932
0.39204
1.201
0.10617
0.13865
0.33695
0.55586
0.8028
0.12721
0.18338
0.38417
0.15865
0.22329
0.4069
0.18017
1.0294
0.09
0.32085
0.11028
0.1317
0.1124
0.10301
0.11251
0.14659
1.3077
0.78159
0.12091
0.33706
0.13961
0.74414
1.035
0.2323
0.14542
0.13846
0.2384
0.069077
0.22188
0.055216
1.2085
0.25553
1.1941
1.106
0.2248
0.11041
0.20074
0.65945
0.27801
0.50258
1.0298
0.82222
0.77972
0.23541
0.19999
0.1439
0.16025
0.22048
0.12539
0.13385
1.2729
1.344
0.22174
0.34989
0.12802
0.95902
1.0355
0.30728
0.45902
0.14757
1.1355
0.16056
0.11912
0.24008
0.21109
0.46017
0.444
0.12696
0.76647
0.47711
0.1218
0.24663
0.16397
0.19266
0.99536
0.24209
0.10896
0.25016
0.31419
0.91593
0.6588
0.21954
0.24922
0.63214
0.18583
0.17598
0.47913
0.586
0.15821
0.13456
0.56212
1.0135
0.20299
0.20171
0.65649
0.066683
0.11094
0.44804
0.306
0.15155
0.97154
0.11922
0.14628
0.16653
0.094725
0.61195
0.34907
0.057097
0.50312
0.29549
1.0783
0.54603
0.46833
0.15474
0.30018
0.30149
0.89599
0.57684
0.46136
0.47868
0.094941
0.21172
0.067967
1.1299
0.82942
1.0464
0.13429
0.18615
1.1521
0.6288
0.23831
0.58781
0.16554
0.43719
0.1021
0.88401
0.33791
0.42138
0.42758
0.18332
0.21724
0.081995
0.23153
0.13972
0.12109
0.35388
0.17322
0.15663
0.0784
1.0834
0.11394
1.1452
0.38296
0.24698
0.1857
0.99007
1.1234
0.12065
0.12222
0.19659
1.0768
1.0161
0.32324
1.1384
0.27932
1.0622
0.13823
0.44328
0.12993
0.12773
0.27303
0.14356
0.072881
0.14116
0.098133
0.11152
0.10408
0.10618
0.17367
0.33143
0.078444
1.1128
0.21362
0.44819
0.18806
0.14518
0.42767
0.48271
0.34328
0.35138
0.067736
0.53811
0.241
0.24645
0.18066
1.0661
0.14784
0.14253
0.43267
0.086161
1.4034
0.081487
0.29454
0.25605
0.96281
0.21684
0.56619
1.0848
0.20623
0.324
0.4005
0.58418
0.32626
0.27178
0.30341
1.1484
0.091661
0.37305
0.16279
0.22908
1.1104
0.13588
1.3042
0.09528
0.11032
0.53625
0.23062
0.098877
0.32227
0.36061
0.10147
0.08343
0.51993
0.76541
0.22482
0.1338
0.46489
0.3693
0.18951
0.10415
0.097925
0.84057
1.0537
0.43238
1.061
1.1816
0.31456
0.65958
0.91015
0.046856
0.19711
0.16406
0.23845
0.58623
0.12855
1.0224
0.81331
0.41059
1.1109
0.28138
1.0429
1.1326
0.34164
0.082783
0.095459
0.089421
0.12432
0.14071
0.26446
0.13048
0.22966
0.081915
0.13713
0.51678
0.075907
0.45593
0.35359
0.11617
0.53923
0.11576
0.4316
0.28468
0.32634
0.19518
1.0807
0.93337
0.29995
0.11562
0.79349
0.26603
0.38634
0.14259
0.11923
0.29975
0.39989
0.12857
0.58402
0.26321
0.23159
0.11742
0.40608
0.53568
1.0983
0.34125
0.12304
0.2142
0.071706
0.57676
0.13312
0.3046
0.2784
0.68304
0.32915
0.37244
0.71389
1.0022
0.40955
0.51646
0.99348
1.3904
0.58528
0.11766
0.26895
1.3666
1.0088
0.49063
0.08959
0.14733
0.69015
0.14503
0.18845
0.12964
0.38554
0.4353
0.08506
1.0449
1.5798
0.27841
0.11652
0.57553
0.43472
0.64585
0.24521
0.92111
0.12314
1.3536
0.11972
1.1003
0.32375
0.39066
0.072329
0.14316
0.53319
0.46823
0.24905
0.097015
0.071674
0.22658
0.85469
0.80018
0.094291
0.11867
0.090192
0.12072
0.13112
0.73535
0.13251
0.18751
1.1054
0.21355
0.52332
0.072213
0.17518
0.13646
0.6105
0.39401
0.10937
0.54559
1.0256
0.22704
0.20394
0.10817
0.082502
0.18149
0.085314
0.22455
0.063724
1.1662
0.47938
0.13522
0.49412
0.31932
0.11146
0.18838
0.21959
0.067917
0.44777
0.75768
0.83848
0.073652
1.1772
0.11416
0.10806
0.11604
0.88517
1.312
0.22574
0.11152
0.56166
0.50386
0.11935
0.54894
0.11086
0.21226
1.0127
0.45335
0.083847
0.069628
0.57574
0.4844
1.4788
0.16527
0.245
0.31803
1.2391
0.073526
0.070427
0.099398
0.097446
0.23727
0.64642
0.2667
1.1325
0.8432
0.96824
0.25389
0.88877
0.11474
0.17544
0.1197
0.78879
0.070904
0.28976
0.11622
1.1935
0.95072
0.42788
0.7395
0.085207
0.15411
0.42269
0.16744
1.2308
0.49344
1.5249
0.71006
0.36885
0.25494
1.048
0.30604
0.26238
0.86968
0.38048
0.95322
1.3142
0.10623
0.19215
0.082317
0.081195
1.2686
0.52853
0.13958
0.88153
0.69611
0.13239
0.097272
0.5097
0.11753
0.35923
0.9806
0.79656
0.8538
0.39553
0.15527
0.54238
0.67272
0.30544
0.24779
0.56485
0.66864
0.54816
0.080133
0.11517
0.36098
0.21758
0.13302
1.1341
0.10144
0.41969
0.2112
0.92832
0.3162
0.82507
0.88657
1.1387
0.10823
0.50812
0.60756
0.63245
0.058047
0.118
0.12715
0.44418
0.43283
1.0793
1.1891
0.11961
0.49469
0.073859
0.3401
0.23527
0.28317
0.78184
0.099189
0.53651
0.18407
0.81788
0.60199
1.0788
0.20764
0.47524
0.10063
0.083891
0.26894
1.0688
0.11253
0.12695
0.83357
0.21886
0.54338
0.74432
0.11923
0.092713
0.063889
0.20087
0.24167
0.094188
0.22727
0.16719
0.092992
1.0531
0.50933
0.14239
0.13608
0.43631
1.3223
0.5389
0.14577
0.20315
0.72121
0.083701
0.22299
0.23034
0.42373
0.46483
0.084785
0.36055
0.67611
0.089142
0.27754
0.11133
0.14872
0.51686
0.2912
0.23554
0.6503
0.11984
0.8343
0.24572
0.961
0.34814
0.13793
0.25986
0.67288
0.85553
0.099674
0.26607
0.72249
0.50791
1.2833
0.7665
0.13915
0.75451
0.51923
0.34844
0.27414
0.36548
0.40749
0.075616
0.51681
0.50483
0.23801
0.14169
0.29623
0.50869
0.75621
0.16723
0.095861
0.2843
0.49203
0.30149
0.33087
0.96246
0.48056
0.1606
0.18706
0.36724
0.65709
0.10244
0.077793
0.14514
0.39105
0.17287
0.17515
0.18867
0.1001
0.17182
0.13432
0.62639
0.37066
0.12828
0.45879
1.0938
0.15046
1.2575
0.11152
0.58753
0.12447
0.10676
0.10507
0.96076
0.44775
0.90098
0.3706
0.15489
0.16871
0.10916
1.2651
0.18346
0.13143
0.77265
0.095252
0.15713
0.18347
0.086602
0.29475
0.12443
0.090436
0.44426
0.38572
0.39934
0.16389
1.3053
0.65948
1.156
0.36062
0.074421
0.62331
0.2105
0.15003
0.21855
0.09493
0.34157
0.35589
0.14666
0.54264
0.094936
0.11269
0.2737
1.2039
0.08797
0.42595
0.23582
0.18376
0.70331
0.36756
0.10057
0.23788
0.10549
0.32062
0.071856
0.55619
0.17796
0.67591
0.35564
0.079482
0.20516
0.60956
0.34086
0.10142
0.14522
0.1503
0.099403
0.52721
0.84047
0.1039
0.58703
0.23927
1.0716
0.96354
0.56733
0.68959
0.72616
0.63046
0.23638
1.2122
1.2421
0.15089
0.71972
0.23953
0.69624
0.15141
0.78026
0.37603
1.0382
0.64719
0.29845
0.22903
0.4007
0.66624
0.14826
0.93086
0.2469
0.27267
0.21665
0.62974
0.8087
0.90486
0.18823
0.27023
0.94271
0.47896
1.1188
0.11609
0.27417
0.29562
0.76618
0.12677
0.36726
0.1185
1.1451
0.1791
0.085379
0.67489
0.26628
0.080975
0.30808
0.25157
0.92925
0.39794
0.67156
0.16926
0.10164
0.10763
0.30652
0.34138
0.29668
0.10355
0.26433
0.30468
0.11055
0.27819
0.19531
0.27781
0.26988
1.6857
0.46124
0.098059
1.149
0.33279
0.20671
0.68299
0.59819
0.52218
0.086759
0.15166
0.91981
0.068613
0.1668
0.089348
0.91179
1.3003
0.59426
1.2053
0.15861
0.30449
0.24578
0.087832
0.12356
0.26142
0.87658
0.84142
0.26534
0.15498
1.2497
0.70941
0.18823
0.22522
0.10497
0.23844
0.81588
0.42581
0.20137
0.41532
1.1264
0.13769
1.063
1.0275
0.91204
0.79037
0.32941
0.20315
1.0035
0.77678
0.85304
0.24513
0.26856
0.35935
0.12285
0.66404
0.43711
0.15048
0.25939
1.1292
0.23761
0.50965
0.42003
0.15341
0.31057
0.11356
0.13786
0.73998
0.081369
0.11829
0.51288
0.13819
0.12778
0.26011
0.23137
0.56927
0.13063
1.0479
0.31285
0.36519
0.27892
0.22334
0.098672
1.0259
0.26504
0.623
0.11167
0.351
0.46384
1.576
0.39127
0.16653
0.6093
0.23814
0.78196
0.11628
0.89981
0.24226
0.15468
0.71794
0.12334
0.17313
1.1142
0.21637
1.0531
0.1749
0.26112
0.13698
0.0873
0.80988
0.12566
0.34412
0.17151
0.81845
1.2313
0.24373
1.1864
0.90716
0.11425
0.94969
0.3657
0.32937
0.14854
0.13182
0.33689
0.34792
0.092617
0.41689
0.71836
0.76207
0.21559
0.13885
0.62145
1.0497
0.42839
0.80841
0.49047
0.78743
0.64217
1.1024
0.081939
0.6703
0.97492
0.91767
1.0264
0.53514
1.0719
0.090619
0.1091
0.079954
0.14177
0.17961
0.86734
0.16973
0.67594
1.2241
1.3498
0.91724
0.10981
0.92311
0.24325
1.1945
0.5605
0.32844
0.099865
0.35726
0.19423
0.078087
0.15465
0.10873
0.074682
0.073588
0.26973
0.35687
0.12082
0.37379
0.1585
0.32932
1.0983
0.22267
0.47652
0.20356
0.17247
0.15064
0.2452
0.18218
0.98369
0.070833
0.11231
0.73728
0.45554
0.39599
0.10779
0.23344
0.4124
0.37638
0.40694
0.12725
0.99222
0.4159
0.31877
0.48376
0.59438
0.26879
0.3748
0.10683
0.1699
0.56787
0.20966
0.53573
0.85171
0.21534
0.64499
0.063832
0.38842
0.47817
0.31894
0.35058
0.11983
0.11361
0.098945
0.31921
0.084485
0.089483
0.44677
0.51368
0.22332
0.96131
0.40141
0.15154
0.89894
0.077386
0.1183
0.20411
0.12683
0.18429
1.088
0.091905
0.13367
0.1602
0.070777
0.47554
1.6557
0.18872
0.38204
0.11601
0.093932
0.27825
0.10268
0.41308
0.69586
0.56632
0.80559
1.1296
0.061191
0.24914
0.18452
0.81304
0.19637
0.69761
0.13658
0.61825
0.2215
0.70145
0.28701
0.635
0.16452
0.34526
0.14483
0.20498
1.2232
0.10476
0.18347
0.52118
0.754
0.09047
0.17282
0.3589
0.10909
0.086195
0.88183
0.14766
0.29332
0.57373
0.081197
0.97034
0.54548
0.54152
0.14386
0.4605
0.7671
0.42424
0.12861
0.07264
0.097301
0.19244
0.25814
0.20912
0.089667
1.0527
0.50064
1.1778
0.052956
0.31511
0.18724
0.13981
0.16437
1.2388
0.21206
0.1449
0.40006
0.24169
0.10109
0.20341
0.074524
0.58949
0.9479
0.12503
0.11461
0.53463
0.29605
0.075773
0.32452
0.18152
0.092738
0.40114
0.92534
0.33326
0.086815
1.1084
0.16777
0.17341
0.11101
0.13744
0.1544
0.18769
0.085632
0.12334
0.1747
0.52175
0.11385
0.54428
0.068785
0.17033
0.083295
0.88388
0.56269
1.1013
0.79065
1.0174
0.50878
0.95737
0.17337
0.1071
0.11839
0.40857
0.15514
1.1745
0.094309
0.091792
1.1783
0.083341
0.46854
0.14571
0.095708
1.0184
0.16346
0.53388
0.44014
0.91429
0.11902
1.009
1.2907
1.1806
0.12928
0.26682
0.12317
0.096999
0.23476
0.11101
0.17127
0.082494
0.49485
0.093478
0.4782
0.31448
0.14422
0.62938
1.45
1.2018
0.12825
0.22014
0.12927
0.32009
0.078364
1.137
0.35114
0.33712
0.18325
0.18508
0.077149
0.74692
1.4256
0.57834
0.25929
0.90274
0.12884
0.72242
0.16959
0.20927
0.54837
0.66596
1.0655
0.72214
0.19603
0.14604
0.50067
0.12386
0.11308
0.17372
0.37933
0.89336
0.48923
0.77606
0.22075
0.32911
0.52813
0.19063
0.13683
1.0207
0.81759
0.37482
0.48318
0.41119
0.09246
1.0565
0.15802
0.33052
0.1583
0.12607
0.47265
0.41626
0.92936
0.19333
0.13496
0.98685
0.20741
0.067988
0.1131
0.64745
0.13061
0.86804
0.53583
1.0996
0.71242
0.98848
0.9904
0.16848
0.1161
0.13015
0.13472
0.084289
0.28784
0.13964
0.23422
0.67589
0.17604
0.4216
0.11071
0.26134
0.46506
0.093981
1.1402
0.32261
0.12951
0.21213
1.0346
0.091941
0.2341
0.73309
0.12884
0.99762
0.30918
0.56526
1.1577
0.54215
0.33395
0.19409
0.95559
1.2002
0.37305
0.72031
1.0353
0.32192
0.090767
0.63787
0.082367
0.77004
0.14534
0.15835
0.62116
0.068794
1.2607
0.11724
0.34903
0.21208
0.62905
0.24889
0.71973
0.49433
1.0692
0.19832
0.2609
0.18211
0.12242
0.20596
0.10399
0.11412
0.13016
0.10646
1.0679
0.07234
0.18028
1.3041
0.52206
0.16886
0.52321
0.47351
0.13513
0.06674
0.24486
0.17532
0.27458
0.13504
0.60447
0.65759
0.35725
0.82076
0.36959
0.17594
0.47234
0.34441
0.36001
0.42423
0.11125
0.59978
0.79784
0.58617
0.18651
0.32705
0.27941
0.087205
0.41497
1.3403
0.87484
1.0976
0.85382
0.45631
0.33717
0.52009
0.28851
0.16694
0.49941
0.080452
0.093096
1.606
0.875
0.84132
0.43297
0.39393
0.2161
0.070215
0.13297
0.48696
0.88211
0.8692
0.99655
0.10267
0.20389
0.36428
1.2703
0.31752
0.14682
0.076778
0.30704
1.2992
0.7673
0.15082
0.1695
1.1326
0.29928
0.65575
0.43961
1.1931
0.14502
0.51781
0.44312
0.13877
0.77303
0.14987
0.97997
0.17893
0.086681
0.41296
0.80957
0.063725
0.11051
0.57959
0.084517
0.9758
0.2208
0.43422
0.073661
0.1363
0.72372
0.091358
1.2669
0.10824
0.076118
0.11545
0.16729
0.17726
1.0842
0.097901
0.52577
0.24824
0.38052
0.18944
0.74147
0.091148
0.09688
0.72556
0.60306
1.0086
0.31144
0.16759
1.2103
0.13774
0.84288
1.2761
0.44262
0.1443
0.71696
0.089849
0.35232
0.84626
0.14822
1.0524
0.51155
0.36831
0.14616
0.077711
1.7517
0.098686
1.1923
0.14534
0.10811
0.24949
0.34986
0.53343
0.13457
0.093561
0.5049
0.65787
0.11612
0.14937
0.75144
1.0601
0.44782
0.21424
0.23231
0.55221
0.49233
0.50891
0.77297
0.76826
1.3929
0.39737
0.3883
1.2349
0.30059
0.50647
0.26994
0.78594
0.71284
0.82201
0.26338
0.20031
0.53228
0.078653
0.31947
0.34881
0.1488
0.10121
0.10525
0.10895
1.1934
0.20608
0.078967
0.10481
0.20103
0.86474
0.32808
0.22882
0.093238
0.1131
0.66519
0.45739
0.1812
0.16736
0.22549
0.077128
0.15206
0.11976
1.2188
0.50432
1.1697
0.3662
0.22703
0.52232
0.25362
0.14285
0.35166
0.71738
0.10862
0.30668
0.37675
0.12734
0.13703
0.24958
1.3376
0.98979
0.39156
1.165
0.99845
0.51748
0.11752
0.077197
0.25651
0.11248
0.22875
0.088215
0.31334
0.32489
0.13293
0.10572
0.59331
0.082647
0.09513
0.37273
0.1296
0.32449
0.22778
0.10732
0.15654
0.56505
0.37118
0.3503
0.12504
0.14899
1.2494
0.60213
1.1676
0.11414
1.2414
0.90356
0.17143
0.78454
0.069215
0.085551
0.69202
0.12866
1.1316
0.29637
0.41299
0.14745
0.076323
0.28228
0.77721
1.1789
0.4529
0.29704
0.25989
0.24604
0.21218
0.21756
1.1321
0.63688
0.25209
0.36053
0.14506
1.385
0.10161
0.14504
0.21892
0.27057
0.073253
0.096721
1.0396
0.74076
0.9672
0.1238
0.12273
0.079615
0.17632
0.075771
0.97908
0.53037
0.11652
0.20228
0.64882
0.72052
0.49229
1.0281
0.14048
0.12404
0.32351
0.27306
0.44903
0.19841
0.26449
0.46439
0.16983
0.83235
0.15366
0.15452
0.34054
0.38752
0.093938
0.18176
0.51726
0.32172
1.1895
0.95761
1.0342
0.077972
0.12168
0.20413
0.13444
0.18652
0.37014
0.44728
0.81745
0.12724
0.27451
0.13778
0.16626
0.072619
0.079863
0.19927
0.1085
0.32956
0.56274
0.15692
0.36603
0.075196
1.1988
0.96531
0.33165
0.11551
0.35473
0.12175
0.093028
0.20338
0.12562
0.11801
0.33773
0.096037
0.26764
1.1553
0.12968
0.221
0.25756
0.31381
0.57857
0.60564
0.27839
0.43173
1.6102
0.18963
1.5382
0.091485
0.19717
0.6241
0.37988
0.44043
0.10123
0.08029
0.42512
0.55724
0.84328
0.39346
0.12216
0.068116
1.2336
0.1281
0.3646
0.73072
0.14896
0.16469
0.16057
1.1913
0.091941
0.40463
0.1571
0.07143
0.30035
0.11215
0.13469
0.48019
0.59731
0.22361
0.13396
0.10112
0.77204
0.11045
1.2368
1.0902
0.064228
1.0543
0.54615
0.13169
0.099172
0.43568
0.56202
0.056947
0.71661
0.30905
1.0126
0.42338
0.15781
0.50371
0.10023
0.27208
0.10749
0.18285
0.8035
0.6605
0.16581
0.080908
1.1354
1.1647
0.54047
0.31416
0.10221
0.28863
0.089046
0.16629
0.096343
0.35894
0.20973
1.737
1.1167
0.28003
0.17503
0.11341
0.62521
0.83992
0.077925
0.66053
1.1717
0.072574
0.46031
1.2659
0.19265
0.10044
1.0802
0.68261
1.2633
0.19851
0.11753
1.21
0.17574
0.37473
1.0037
1.0131
0.23238
0.32314
1.1118
0.37266
1.0297
1.2074
0.35005
0.063491
0.3322
0.27917
0.211
0.37197
0.13626
0.96068
1.3472
0.38152
0.073837
0.70529
0.071086
0.23611
0.32365
0.15287
0.31333
0.13628
0.081711
0.41649
0.25849
0.27419
0.98298
0.085926
0.70555
0.13842
0.36611
0.71419
0.094844
0.14135
0.09246
0.29888
0.55728
0.25687
0.38905
0.1611
1.0723
0.40885
0.44322
0.18371
0.17357
0.70351
0.16954
0.55093
0.64644
0.86249
0.39847
0.95745
0.13435
0.077814
0.42207
0.89534
0.1086
0.15399
0.27197
1.1505
0.18987
0.52543
0.10719
0.54069
1.1669
0.50529
0.23852
0.14134
0.17766
0.74678
0.39655
0.53144
0.57207
0.27636
0.32351
1.5209
0.45272
0.55487
0.91083
0.29738
0.081167
0.20003
0.18957
0.22769
0.089149
0.80332
0.31245
0.42741
0.33184
0.89274
0.23174
0.39449
1.1512
1.1226
0.059472
0.17562
0.85047
0.11399
0.14886
0.42315
0.35107
0.78488
1.0595
0.44696
0.46836
0.408
1.5135
0.35916
0.10716
0.35826
0.091656
0.22353
1.6308
0.82669
0.18876
0.26519
1.0247
0.17847
0.11637
0.056422
0.10892
0.85502
0.093994
1.2363
1.1357
0.11645
0.35826
0.17286
0.10835
0.42019
0.44352
1.0854
0.25165
0.094989
0.94946
0.073448
1.3766
0.11819
0.23025
0.27632
1.3799
0.56711
0.469
0.35845
0.13441
0.86012
0.1406
0.13941
0.32029
0.20469
0.15261
0.21696
0.78565
0.11927
0.71513
0.76975
0.16261
1.3518
0.076119
0.59936
0.11408
0.12921
0.16105
0.56964
1.3173
0.34349
0.41777
0.73734
0.43974
0.095288
0.1096
0.46078
0.14993
0.89542
0.18946
0.10935
0.25465
0.38451
1.0042
0.10817
0.13139
0.48971
0.27849
0.53293
0.10389
1.21
0.54141
1.1611
0.13944
1.1116
1.046
0.20814
0.60135
0.15337
0.92261
0.3766
0.50394
0.079011
0.73132
0.31299
0.20885
0.21215
0.81926
0.57247
0.76117
0.27466
0.19611
0.21449
0.18381
0.3291
1.1391
0.12943
0.24381
0.74035
0.76295
0.67383
0.1009
1.1689
0.52813
0.713
0.24389
0.49106
0.18941
0.78252
0.56504
0.25428
0.39187
0.10442
0.12048
1.3555
0.45827
0.73739
0.2472
0.23826
0.1911
0.091558
0.18478
0.38893
0.19789
0.17921
0.51395
0.93049
0.22487
0.089563
0.080405
0.11855
0.22806
0.31521
0.19364
0.11595
0.31338
0.22313
0.11609
0.2828
1.1722
0.69532
1.0027
1.1249
0.23681
1.1648
0.82772
0.099759
0.23437
0.077028
0.10139
0.19771
0.87287
0.37011
0.53326
0.21049
0.11423
0.42546
0.14765
1.1223
0.12995
0.30246
0.43132
0.63696
0.2988
0.084014
0.13865
0.30157
0.24483
0.15754
0.68085
0.2024
0.22252
0.09526
0.1121
0.71135
0.34038
0.1409
0.82466
0.14449
0.077732
0.10038
0.55278
0.55414
0.1143
1.2294
0.11818
0.25337
0.17262
0.3041
0.16008
0.11234
0.58944
0.19341
0.086736
0.37211
0.92798
0.069656
0.35321
0.27602
1.2595
0.35062
0.19579
0.17156
0.18716
0.095352
0.28197
0.194
0.16349
0.1747
0.24411
0.23787
0.24129
1.1554
0.98075
0.094548
0.16804
0.46852
0.10415
0.25844
1.1038
0.18634
0.15776
0.66662
0.07572
0.30298
0.49873
0.14346
0.079894
0.18496
1.0519
0.25443
0.17379
0.26552
0.90163
0.89631
0.35215
0.26555
0.80988
0.11067
0.096174
0.076442
0.22279
0.61668
0.099855
0.46067
0.17533
0.13646
0.095776
1.0422
0.1286
0.40489
1.2593
0.23575
0.77337
0.10662
0.25329
1.0962
0.45224
0.12001
0.13842
0.22746
0.27228
0.14617
0.53158
0.50702
0.10366
0.67786
0.08719
0.20902
0.68161
0.70503
0.37946
0.26375
0.50071
0.90919
1.1355
0.28401
0.51915
0.13079
0.069534
1.6579
0.14518
0.94137
0.25634
0.38144
0.20405
0.29647
0.096029
0.13819
0.5656
0.3558
0.17942
0.70682
1.0796
0.48192
0.40218
0.36116
0.15771
0.16091
0.48346
0.19493
0.57496
0.2301
0.62505
0.07706
0.39482
0.1128
1.1729
1.1807
0.11257
0.28634
0.21209
0.26681
0.1848
0.18381
0.073283
1.2076
0.8438
0.23888
0.60107
0.11171
0.21222
1.051
0.16757
0.19193
0.85534
0.21589
0.28028
0.14112
0.56856
0.08385
0.23233
1.0905
0.069456
0.10897
0.98101
1.0736
0.066123
0.62705
0.24521
0.27305
0.33483
0.36842
0.36111
0.56042
0.42051
0.26039
0.096256
0.42587
0.29962
0.29303
0.49863
0.084746
0.87681
0.3287
1.5279
0.29284
0.08202
0.47948
0.43111
0.42502
0.60446
0.2941
1.1141
1.3267
0.18946
0.37162
0.3134
0.43041
0.89747
0.32645
0.16873
0.25891
0.11911
0.19702
0.13784
0.093104
0.090368
1.2338
0.22964
0.15649
0.80216
0.48661
0.41476
0.36587
0.26804
0.33795
0.14018
0.091892
1.0924
0.26162
0.51449
0.64389
0.21402
0.48407
0.2752
0.15636
0.51224
1.0451
0.075388
0.83702
0.074495
0.58449
0.25264
0.1661
0.089558
0.10921
0.97334
0.25177
0.16063
0.19028
1.1674
0.10018
0.086556
0.1609
0.17162
0.17828
0.39686
0.34191
0.10179
0.13917
1.2022
0.78816
0.59804
0.13404
0.07616
0.22757
0.48248
0.36686
0.92842
0.96398
0.34363
0.23657
0.14913
0.75903
1.194
0.22883
0.42441
0.11254
0.10923
0.098427
1.2357
0.24732
0.10658
0.21969
1.0854
0.18527
0.2472
0.43078
0.80406
0.37605
0.55615
0.089458
0.32994
0.32895
0.47761
0.15794
1.2005
1.0375
1.4417
1.1579
0.49412
0.9223
0.081549
0.093405
1.1785
0.11061
0.33814
0.44824
0.21459
0.2949
0.45474
0.34961
0.23577
0.12433
0.15953
0.13632
0.10575
0.10279
0.12495
0.27734
0.099676
0.18527
0.14563
0.15968
0.098054
0.17104
1.0743
0.65068
0.38527
0.19795
0.064849
0.29738
0.15855
0.066435
0.14728
0.30208
0.20635
0.17513
0.25342
0.074009
0.33174
0.31288
0.5265
0.83525
0.44257
0.533
0.14057
1.1639
0.15453
0.62893
0.12241
1.2181
0.15762
1.2157
0.13076
0.91651
0.39075
0.089345
0.61798
0.4393
0.25292
0.13045
1.0829
1.142
1.1714
0.29333
0.834
0.10367
0.21127
0.39836
0.19448
0.1951
0.12664
0.51326
0.26677
0.25999
0.12373
0.23838
0.1056
0.17869
0.12966
0.07515
0.84994
0.10233
0.26934
0.11998
0.14513
0.56883
0.32973
0.84846
0.32099
0.92119
0.72644
0.50205
0.31721
0.83221
1.0118
0.107
0.17366
0.463
0.34668
0.63423
0.49352
0.51376
0.059924
0.58206
0.25923
0.14521
0.5048
0.2203
0.20224
0.9078
0.26267
0.98823
1.1716
1.2318
0.71416
0.33621
0.43097
0.10437
0.12373
0.92792
0.074548
0.7462
0.16642
0.069639
0.32505
0.55837
0.27681
0.095678
0.086808
0.10198
0.24053
0.82179
0.41232
0.72788
0.67711
0.36421
0.10015
0.1449
0.49477
0.12962
0.28947
0.15792
0.61418
0.12814
0.25671
0.65078
0.1077
0.41513
0.86846
0.29456
0.2511
0.061797
0.21761
0.11816
1.2515
0.71677
0.14396
0.21924
0.36511
1.5796
0.59274
0.70304
0.50633
0.12986
0.56174
0.14396
1.748
0.11439
0.32528
0.96087
0.10631
0.29491
0.22874
0.12011
1.0368
1.2176
0.88072
0.14757
0.29693
0.20681
0.10027
0.15134
0.91589
0.51287
0.112
0.13123
0.13863
0.12153
0.054509
0.19313
1.6797
0.48587
0.8622
0.42816
0.32237
0.29056
0.37528
0.75101
0.11875
0.263
0.36904
0.091574
0.11101
0.13554
0.59075
0.12028
0.69687
0.13444
0.077525
0.08579
0.13425
0.15084
0.090913
0.50689
1.0963
0.098055
0.98891
1.0704
0.16607
0.11121
0.16638
0.40834
0.1399
0.33008
0.2114
0.093213
0.17288
0.41205
0.46164
0.12264
0.2376
0.21933
0.17932
0.27598
0.15024
0.08514
0.15599
0.44253
0.50974
0.11693
0.12807
0.63611
0.087688
0.14424
0.36849
0.48073
0.099799
1.109
0.57636
1.4211
0.080945
0.21653
0.57331
0.10722
0.12743
0.31929
0.21393
0.098393
1.0206
0.59398
0.28108
0.13003
0.14929
0.51065
0.26054
0.41191
0.92509
1.1003
0.14677
0.40988
0.85563
0.44138
0.39623
0.35551
0.34335
0.16301
0.21216
0.10478
0.59859
0.27967
1.0524
0.23653
0.2397
0.082964
0.14088
0.5584
0.39375
0.5278
0.21185
0.30892
0.27789
0.18758
0.42726
0.94026
0.2423
0.71909
0.75582
0.25226
0.12422
0.094545
0.73186
0.7691
0.14458
0.08016
0.41186
0.21569
0.30972
1.0672
0.81453
0.29278
0.31805
1.1031
1.2378
1.1696
0.33319
0.2344
0.18387
1.154
0.31303
0.095115
0.50759
0.81472
0.093385
1.1947
1.1051
0.35959
0.1928
0.97196
0.12686
0.097117
1.1355
0.54899
0.29596
0.26162
0.54423
0.12568
0.85449
0.98731
0.41263
0.094895
0.10016
0.40355
0.60483
0.36536
0.60597
0.16026
0.13176
0.078536
0.44312
0.16994
0.083443
0.10716
0.10498
0.53724
0.19747
0.12715
0.09457
0.69175
0.16219
0.25301
1.2205
0.16873
0.094763
0.16042
1.0754
0.18444
0.51096
0.26839
0.18799
0.79133
0.64671
0.088632
0.39204
0.17184
0.10278
0.49065
0.098315
0.44657
0.85314
0.53638
0.23561
0.16957
0.13699
0.32073
0.87663
0.1619
0.20777
0.11955
0.091097
0.11028
0.76185
0.11171
0.58528
0.24698
0.16368
1.3077
0.29612
0.12091
0.47294
0.12108
0.15393
0.41615
0.26638
0.82676
0.25289
0.3013
0.52427
0.35833
0.34878
0.26361
0.25553
0.06592
0.21954
0.41117
0.51115
0.83173
0.29933
1.4782
0.078355
0.15247
0.24038
0.34341
0.18949
0.96126
0.24553
0.16025
0.53359
0.16793
0.13054
0.79956
0.39884
0.11928
0.14021
0.12802
0.69904
1.0106
0.65134
0.11166
0.15207
1.368
0.2005
0.14005
0.4641
0.09592
0.46017
0.43121
0.50588
0.34525
0.83671
0.3798
0.15128
1.2265
0.21316
0.99536
0.11898
0.34246
0.3738
0.12428
1.1223
0.76469
0.41905
0.42583
0.5806
0.18296
0.25278
1.3255
0.92787
0.17711
0.37749
1.0169
0.11337
1.1874
0.092696
0.65649
0.13002
0.15315
0.20958
0.55344
0.17964
0.46707
0.25441
0.1732
0.16653
0.91084
0.080981
0.85924
0.057097
0.49363
0.4046
0.44373
0.070932
0.15509
0.13171
1.1552
0.20969
0.21431
0.16569
0.62359
0.10178
0.35925
0.21172
0.94711
0.1781
0.15102
0.82966
0.17075
0.56682
0.099489
0.2106
0.43959
0.97366
0.23663
1.1219
1.1814
0.14908
0.16968
0.81204
0.30417
0.63915
0.4589
0.1608
1.2399
0.079836
0.59014
0.37497
0.20889
0.098903
0.60646
0.15585
0.23771
0.092424
0.10354
0.32354
0.1857
0.10843
0.31859
0.10999
0.12222
0.57591
1.0768
0.092566
0.075102
0.15099
0.084621
0.21816
0.18149
0.19604
0.11309
0.082044
1.0013
0.2594
1.1579
0.14116
0.23151
0.11152
0.20362
0.22648
0.13771
0.18506
0.084248
0.54731
0.47633
0.44819
1.244
0.76818
0.93381
0.10273
0.77712
0.20047
0.12418
0.40054
0.16821
0.63685
1.1399
0.35551
0.75307
1.099
0.078877
0.27291
1.4034
0.2468
0.12874
0.32698
0.96281
0.13898
0.42547
1.186
0.095073
0.31227
0.076692
0.16862
1.2373
0.16121
0.26985
0.19937
0.44335
0.19118
0.50137
0.22908
1.1513
0.55001
0.44933
0.12185
0.31153
1.1445
0.10082
0.08584
0.19199
0.16036
0.34817
0.85215
0.27898
0.61539
0.16097
0.077056
0.19536
0.19888
0.15823
0.59593
0.22005
1.1777
0.21616
0.10858
1.061
0.12208
0.54805
0.65958
0.17991
0.15245
0.35181
0.22367
0.23845
0.34698
1.2402
0.20749
0.81331
0.83393
0.32952
0.1521
0.42696
1.0797
1.0179
0.74696
0.20027
1.2525
0.17054
0.2151
0.26446
0.14045
0.79363
0.48349
0.8359
0.17853
0.60851
0.16333
0.35359
0.13408
0.91841
1.2514
0.14456
0.082012
0.79522
0.99872
0.22453
1.0071
0.080011
0.60186
0.073189
1.5999
0.090708
0.069856
0.48522
0.14608
0.070078
0.6501
0.12154
0.26321
0.23159
0.50998
0.14688
0.89404
0.19476
0.11453
0.53994
0.2142
0.35446
1.1344
0.63336
1.0415
0.15846
1.2557
1.3227
0.78525
0.34904
0.50941
0.16392
0.1592
0.099722
0.61066
0.44015
0.12955
0.19671
0.09526
1.5107
0.29564
0.097948
0.3173
0.16427
0.095496
0.90758
1.0061
0.10027
0.35194
0.18656
0.39557
0.25134
0.11731
0.11332
0.1092
1.1375
0.16078
0.53251
0.064941
0.13732
0.0742
0.40074
0.1224
0.47491
0.38524
0.085915
0.90568
0.34632
0.27885
0.30143
0.28239
0.47263
1.1961
0.2155
0.80018
0.11729
0.087113
0.15848
0.96956
1.2154
0.25213
0.35083
0.13905
0.40011
0.091428
0.2316
0.43378
0.24871
0.13912
0.070162
0.96754
0.15358
0.82549
0.13308
0.38137
0.24153
0.75087
0.42184
0.18149
0.15079
0.22455
0.59231
0.20838
0.30434
0.75485
1.182
0.76433
0.81619
0.35882
0.3614
0.11265
0.7547
0.15114
1.2046
0.25577
1.0167
0.36914
1.1346
1.3183
0.88517
0.079089
0.22574
0.11152
0.20609
1.0663
0.31023
0.47547
0.19387
0.11993
1.0127
0.17333
0.14525
0.17006
0.10237
0.68323
0.16396
0.18947
0.13506
0.53964
0.14589
0.073526
0.070427
0.17208
0.092005
0.49638
0.12198
0.47539
0.1306
0.25652
0.17821
0.20322
0.84919
0.09339
0.81174
0.1197
0.3677
0.82542
0.25507
0.17039
1.0358
0.34079
0.57475
1.0119
0.14413
0.38514
0.47316
0.10452
0.36772
1.2395
1.124
0.11656
0.58551
0.15139
0.46247
0.12899
0.14998
1.031
0.43651
0.082334
1.3142
0.092559
0.12293
1.0315
0.37067
0.47288
0.30941
0.3602
0.16344
0.55934
0.34852
0.48324
0.25888
0.27589
0.9751
0.81505
0.83197
0.34516
0.18541
0.64813
0.074321
0.16089
0.61173
0.17296
1.4358
0.68651
0.1071
0.11778
1.507
0.15939
0.14109
0.44385
0.1364
0.78688
0.33767
0.098079
0.83765
0.3162
0.17314
0.11662
0.091615
0.10823
0.10725
0.75564
1.0794
0.68893
0.076806
0.097097
0.44418
0.94819
0.61142
0.071723
0.077493
0.24264
0.49359
0.75098
0.23527
0.28317
0.78184
0.099189
0.53651
0.18407
0.81788
0.60199
1.0788
0.20764
0.47524
0.10063
0.083891
0.26894
1.0688
0.11253
0.12695
0.83357
0.21886
0.54338
0.74432
0.11923
0.092713
0.063889
0.20087
0.24167
0.094188
0.22727
0.16719
0.092992
1.0531
0.50933
0.14239
0.13608
0.43631
1.3223
0.5389
0.14577
0.20315
0.72121
0.083701
0.22299
0.23034
0.42373
0.46483
0.084785
0.36055
0.67611
0.089142
0.27754
0.11133
0.14872
0.51686
0.2912
0.23554
0.6503
0.11984
0.8343
0.24572
0.961
0.34814
0.13793
0.25986
0.67288
0.85553
0.099674
0.26607
0.72249
0.50791
1.2833
0.7665
0.13915
0.75451
0.51923
0.34844
0.27414
0.36548
0.40749
0.075616
0.51681
0.50483
0.23801
0.14169
0.29623
0.50869
0.75621
0.16723
0.095861
0.2843
0.49203
0.30149
0.33087
0.96246
0.48056
0.1606
0.18706
0.36724
0.65709
0.10244
0.077793
0.14514
0.39105
0.17287
0.17515
0.18867
0.1001
0.17182
0.13432
0.62639
0.37066
0.12828
0.45879
1.0938
0.15046
1.2575
0.11152
0.58753
0.12447
0.10676
0.10507
0.96076
0.44775
0.90098
0.3706
0.15489
0.16871
0.10916
1.2651
0.18346
0.13143
0.77265
0.095252
0.15713
0.18347
0.086602
0.29475
0.12443
0.090436
0.44426
0.38572
0.39934
0.16389
1.3053
0.65948
1.156
0.36062
0.074421
0.62331
0.2105
0.15003
0.21855
0.09493
0.34157
0.35589
0.14666
0.54264
0.094936
0.11269
0.2737
1.2039
0.08797
0.42595
0.23582
0.18376
0.70331
0.36756
0.10057
0.23788
0.10549
0.32062
0.071856
0.55619
0.17796
0.67591
0.35564
0.079482
0.20516
0.60956
0.34086
0.10142
0.14522
0.1503
0.099403
0.52721
0.84047
0.1039
0.58703
0.23927
1.0716
0.96354
0.56733
0.68959
0.72616
0.63046
0.23638
1.2122
1.2421
0.15089
0.71972
0.23953
0.69624
0.15141
0.78026
0.37603
1.0382
0.64719
0.29845
0.22903
0.4007
0.66624
0.14826
0.93086
0.2469
0.27267
0.21665
0.62974
0.8087
0.90486
0.18823
0.27023
0.94271
0.47896
1.1188
0.11609
0.27417
0.29562
0.76618
0.12677
0.36726
0.1185
1.1451
0.1791
0.085379
0.67489
0.26628
0.080975
0.30808
0.25157
0.92925
0.39794
0.67156
0.16926
0.10164
0.10763
0.30652
0.34138
0.29668
0.10355
0.26433
0.30468
0.11055
0.27819
0.19531
0.27781
0.26988
1.6857
0.46124
0.098059
1.149
0.33279
0.20671
0.68299
0.59819
0.52218
0.086759
0.15166
0.91981
0.068613
0.1668
0.089348
0.91179
1.3003
0.59426
1.2053
0.15861
0.30449
0.24578
0.087832
0.12356
0.26142
0.87658
0.84142
0.26534
0.15498
1.2497
0.70941
0.18823
0.22522
0.10497
0.23844
0.81588
0.42581
0.20137
0.41532
1.1264
0.13769
1.063
1.0275
0.91204
0.79037
0.32941
0.20315
1.0035
0.77678
0.85304
0.24513
0.26856
0.35935
0.12285
0.66404
0.43711
0.15048
0.25939
1.1292
0.23761
0.50965
0.42003
0.15341
0.31057
0.11356
0.13786
0.73998
0.081369
0.11829
0.51288
0.13819
0.12778
0.26011
0.23137
0.56927
0.13063
1.0479
0.31285
0.36519
0.27892
0.22334
0.098672
1.0259
0.26504
0.623
0.11167
0.351
0.46384
1.576
0.39127
0.16653
0.6093
0.23814
0.78196
0.11628
0.89981
0.24226
0.15468
0.71794
0.12334
0.17313
1.1142
0.21637
1.0531
0.1749
0.26112
0.13698
0.0873
0.80988
0.12566
0.34412
0.17151
0.81845
1.2313
0.24373
1.1864
0.90716
0.11425
0.94969
0.3657
0.32937
0.14854
0.13182
0.33689
0.34792
0.092617
0.41689
0.71836
0.76207
0.21559
0.13885
0.62145
1.0497
0.42839
0.80841
0.49047
0.78743
0.64217
1.1024
0.081939
0.6703
0.97492
0.91767
1.0264
0.53514
1.0719
0.090619
0.1091
0.079954
0.14177
0.17961
0.86734
0.16973
0.67594
1.2241
1.3498
0.91724
0.10981
0.92311
0.24325
1.1945
0.5605
0.32844
0.099865
0.35726
0.19423
0.078087
0.15465
0.10873
0.074682
0.073588
0.26973
0.35687
0.12082
0.37379
0.1585
0.32932
1.0983
0.22267
0.47652
0.20356
0.17247
0.15064
0.2452
0.18218
0.98369
0.070833
0.11231
0.73728
0.45554
0.39599
0.10779
0.23344
0.4124
0.37638
0.40694
0.12725
0.99222
0.4159
0.31877
0.48376
0.59438
0.26879
0.3748
0.10683
0.1699
0.56787
0.20966
0.53573
0.85171
0.21534
0.64499
0.063832
0.38842
0.47817
0.31894
0.35058
0.11983
0.11361
0.098945
0.31921
0.084485
0.089483
0.44677
0.51368
0.22332
0.96131
0.40141
0.15154
0.89894
0.077386
0.1183
0.20411
0.12683
0.18429
1.088
0.091905
0.13367
0.1602
0.070777
0.47554
1.6557
0.18872
0.38204
0.11601
0.093932
0.27825
0.10268
0.41308
0.69586
0.56632
0.80559
1.1296
0.061191
0.24914
0.18452
0.81304
0.19637
0.69761
0.13658
0.61825
0.2215
0.70145
0.28701
0.635
0.16452
0.34526
0.14483
0.20498
1.2232
0.10476
0.18347
0.52118
0.754
0.09047
0.17282
0.3589
0.10909
0.086195
0.88183
0.14766
0.29332
0.57373
0.081197
0.97034
0.54548
0.54152
0.14386
0.4605
0.7671
0.42424
0.12861
0.07264
0.097301
0.19244
0.25814
0.20912
0.089667
1.0527
0.50064
1.1778
0.052956
0.31511
0.18724
0.13981
0.16437
1.2388
0.21206
0.1449
0.40006
0.24169
0.10109
0.20341
0.074524
0.58949
0.9479
0.12503
0.11461
0.53463
0.29605
0.075773
0.32452
0.18152
0.092738
0.40114
0.92534
0.33326
0.086815
1.1084
0.16777
0.17341
0.11101
0.13744
0.1544
0.18769
0.085632
0.12334
0.1747
0.52175
0.11385
0.54428
0.068785
0.17033
0.083295
0.88388
0.56269
1.1013
0.79065
1.0174
0.50878
0.95737
0.17337
0.1071
0.11839
0.40857
0.15514
1.1745
0.094309
0.091792
1.1783
0.083341
0.46854
0.14571
0.095708
1.0184
0.16346
0.53388
0.44014
0.91429
0.11902
1.009
1.2907
1.1806
0.12928
0.26682
0.12317
0.096999
0.23476
0.11101
0.17127
0.082494
0.49485
0.093478
0.4782
0.31448
0.14422
0.62938
1.45
1.2018
0.12825
0.22014
0.12927
0.32009
0.078364
1.137
0.35114
0.33712
0.18325
0.18508
0.077149
0.74692
1.4256
0.57834
0.25929
0.90274
0.12884
0.72242
0.16959
0.20927
0.54837
0.66596
1.0655
0.72214
0.19603
0.14604
0.50067
0.12386
0.11308
0.17372
0.37933
0.89336
0.48923
0.77606
0.22075
0.32911
0.52813
0.19063
0.13683
1.0207
0.81759
0.37482
0.48318
0.41119
0.09246
1.0565
0.15802
0.33052
0.1583
0.12607
0.47265
0.41626
0.92936
0.19333
0.13496
0.98685
0.20741
0.067988
0.1131
0.64745
0.13061
0.86804
0.53583
1.0996
0.71242
0.98848
0.53218
1.3137
0.64315
0.069327
0.10092
0.44599
0.50697
0.13964
0.078139
0.37481
1.14
0.45369
0.1671
1.1949
0.23195
0.21009
0.15315
0.41645
0.11602
0.097656
0.39703
0.96536
1.1688
1.096
0.21657
0.29874
0.4615
0.56526
0.10137
0.12348
0.2617
0.20289
0.12097
0.98771
0.15396
0.45633
0.28517
0.87492
0.84272
0.11235
0.082367
0.64331
0.14534
0.20332
0.14035
0.1409
0.11272
0.11724
1.2235
0.22829
0.19439
0.14349
0.35669
1.3036
0.16294
0.093798
0.2298
0.18211
0.14852
0.46962
0.10399
0.28481
1.7393
0.85427
0.29661
0.33164
0.59346
0.1124
0.1765
0.54041
0.59569
0.90304
0.33952
0.25142
0.27615
0.7943
0.34259
0.095113
0.48605
0.44479
0.1556
0.62049
0.48147
0.11409
0.23327
0.19675
0.10453
0.42423
1.0334
0.40627
0.12565
0.30568
1.1987
1.1372
0.083421
1.0955
0.34463
0.089773
0.87484
1.0986
1.024
0.45631
0.24448
0.20665
0.28851
0.25346
0.50423
0.080452
0.093096
1.606
0.51497
0.10806
0.57554
1.2662
0.088307
0.070215
0.68619
0.40954
0.74296
0.17705
0.32891
0.10172
0.28527
0.16956
1.2703
0.076659
1.3291
0.18837
0.51669
0.48235
0.42441
0.079101
0.26083
0.18767
1.1813
0.65575
0.37635
0.38273
0.13421
0.77609
0.18618
0.55703
0.13581
0.14987
0.078016
0.19049
0.24267
0.9633
0.60916
0.74996
0.073182
0.43358
0.11584
0.079219
0.2763
0.13724
0.31142
0.22502
0.11907
0.099861
1.1414
0.86255
0.089722
0.14317
1.4669
0.2968
0.073274
0.065326
0.54794
0.7422
0.51263
0.18944
0.074948
0.11438
0.079536
0.83382
0.11682
0.83407
0.12883
1.0985
1.0917
1.1035
0.21131
0.99162
0.30422
0.10681
0.20943
0.25774
0.88779
0.29772
0.4116
0.095396
0.084486
0.36831
0.22252
0.36975
0.1388
0.12452
0.33395
0.67331
0.61861
0.63301
0.25287
0.22679
0.35282
0.25752
0.91372
0.65787
0.098033
0.28926
0.75144
0.86182
0.44782
1.055
0.8444
0.080286
0.38544
0.66169
0.72431
1.271
0.45204
0.45033
0.22546
0.2386
0.16111
0.50647
0.57882
0.28385
0.59147
1.3162
0.13349
0.28399
0.53228
0.13588
0.13471
0.085066
0.21157
0.49935
0.4898
0.9245
1.1934
0.06388
0.7425
0.34081
0.6787
0.70382
0.31022
0.20637
0.15878
0.49682
0.44376
0.15378
0.42546
0.68298
0.22549
0.34111
0.36923
0.26949
0.31903
0.13545
1.1697
0.32919
0.22703
1.0617
0.64944
0.14285
0.14369
1.2888
0.078706
1.2855
0.29329
0.073918
0.10328
0.73304
0.46284
0.10371
0.12208
0.36594
0.48485
0.071873
1.0764
0.71486
0.13993
0.41056
0.088741
0.087241
0.2264
0.081736
1.2293
0.75255
0.2088
0.16937
0.32281
0.69708
0.17988
0.40288
0.24225
0.71812
0.15654
0.099284
0.87016
0.86713
0.68754
0.27239
1.2494
0.60213
1.1676
0.13492
0.088968
0.69188
0.74993
0.41583
0.069215
0.34842
0.71039
0.16095
0.27784
0.15782
0.091891
0.16274
0.72153
0.17636
0.11885
0.4374
0.4529
0.61072
0.25989
0.19974
0.10828
0.29098
0.71231
1.0605
0.12731
1.0198
0.82732
0.26113
0.63647
0.16205
0.21892
0.057914
0.67786
0.096721
0.41925
0.11103
0.11368
0.10835
1.0463
0.41087
0.1028
0.094451
0.69199
0.40499
0.92327
0.077958
0.64882
0.25063
0.16995
1.0281
0.16531
0.10774
0.21017
0.07285
0.16453
0.32424
0.16213
0.26679
0.64694
0.16618
0.3502
0.086131
0.34054
0.079877
0.26377
0.32696
0.51726
0.12096
1.1895
0.15157
0.16066
0.077124
0.28224
0.20413
0.12823
0.15997
0.67872
0.63806
1.0965
0.12724
0.64243
0.087325
0.16626
0.063051
0.58328
0.2664
0.48184
0.11115
1.0596
1.1747
0.13005
0.40063
0.23584
0.10814
0.15203
0.27395
0.12116
0.57549
1.0803
0.13721
0.36611
0.48266
0.60525
1.1321
0.26764
0.60411
0.22927
0.32835
0.09572
0.13157
0.10312
0.46068
0.090298
0.87868
0.23339
1.2209
1.0776
0.091485
0.99731
0.52485
0.31868
0.16569
0.47097
0.95262
0.41223
0.16631
0.57495
0.082416
1.2533
0.32605
1.0043
0.33492
0.3646
0.41888
0.36511
0.29717
0.18415
1.1913
0.46921
0.3975
0.19747
0.78204
0.37846
0.096283
0.67796
0.5484
0.86767
0.5338
0.20853
0.087992
1.0016
0.3688
0.074211
0.34699
0.63716
0.15268
0.52367
0.13169
0.5834
0.19436
0.28593
0.13446
0.71661
0.20947
0.16359
0.12727
0.15781
0.50371
0.41122
0.076246
0.10749
0.30384
0.16586
0.1175
0.09352
0.23665
0.13779
1.2472
0.32153
0.32638
0.20609
0.095636
0.4128
0.90195
0.1804
0.062296
0.092134
0.13939
0.63564
0.068177
0.7154
0.42036
0.4926
1.495
0.24756
0.18984
0.16503
0.18516
1.1725
0.12087
1.2502
0.39061
0.078265
0.10562
0.34639
0.9163
0.17929
1.21
0.15771
0.29987
1.0037
1.0131
0.21454
0.76602
0.20536
0.37266
0.85351
0.15684
0.42202
0.27453
0.11374
0.11521
0.76461
0.096847
0.41108
0.27651
0.071884
0.57427
0.60152
0.34223
0.087672
0.11671
1.175
0.19253
0.091703
0.42967
0.81574
0.97444
0.25849
0.10465
1.0549
0.35061
0.94387
0.1021
0.16822
0.30834
0.13004
0.14135
0.60461
1.1854
0.19882
0.37428
0.087939
0.27332
0.47725
0.69784
0.11016
0.18371
0.17357
0.21414
0.16954
0.55093
0.18839
0.86249
0.39847
0.13824
0.089449
0.1437
0.4825
0.95158
0.1086
0.60959
0.19335
0.1822
0.18987
0.17745
0.32321
0.15568
0.42132
0.26402
0.13006
0.14134
0.1697
0.93021
0.83738
0.10987
0.11016
0.17374
0.40345
0.98234
0.16572
0.55487
0.11071
0.29738
0.23163
1.2195
1.2084
0.31167
0.67291
0.077385
0.20484
0.25135
0.49453
1.2213
0.54687
0.30048
0.93324
0.98929
0.33154
0.45591
0.12739
0.11399
0.11853
1.1243
1.2758
0.35161
0.73229
0.63824
1.0041
0.408
0.64334
0.53193
0.11922
0.35826
0.091656
0.095803
0.34153
0.90604
0.19459
0.16215
0.17612
0.43448
0.54613
0.21996
1.1879
0.85502
0.18272
1.2363
1.1357
0.087225
0.35826
0.30541
0.18892
0.10796
0.36601
1.1812
0.088313
0.78036
0.15834
1.1052
0.82998
0.11819
0.23025
0.29777
0.12852
0.56711
0.055068
0.35845
0.13441
0.25223
0.1722
0.11958
0.7248
0.12178
0.34597
0.89902
1.2642
0.23868
1.124
0.071673
0.16261
0.88719
0.14055
0.25132
0.17582
1.0907
0.16105
0.56964
0.19642
0.21702
1.0526
1.2463
0.09617
0.13877
0.19104
0.2358
0.20472
0.082908
0.88531
0.16947
1.1501
0.17486
0.21086
0.30513
0.17116
1.2326
0.33849
0.18877
0.10389
0.57797
1.0471
0.39589
0.50403
0.091039
0.58285
0.45646
0.83755
0.51644
0.076468
0.20223
0.075445
0.13628
0.53335
0.31299
0.55242
0.38601
0.182
0.084839
0.13124
0.65692
0.12413
1.1967
0.88385
0.14608
0.12077
0.58707
0.24381
0.74035
0.64417
0.26747
0.97694
0.64957
0.077479
0.20179
0.42622
0.25914
0.095578
0.41723
1.1659
0.9292
0.24721
0.10442
0.68868
0.35609
0.20533
0.095287
0.082538
0.077843
0.91441
0.36016
0.19097
0.59808
0.19789
0.099327
1.6538
0.93049
0.22487
0.9416
0.79218
0.11855
0.087448
0.78898
0.10916
0.11595
0.38691
0.21152
0.11553
0.65579
0.39533
0.59958
0.44939
1.1249
0.081096
0.63586
0.1507
0.18083
0.22239
0.11267
0.095892
1.1337
0.44501
1.0595
1.3101
0.82451
0.11423
0.081668
1.0194
0.71959
0.92299
0.52289
0.065792
0.13434
0.47736
0.25008
0.5024
0.16934
0.10539
0.15754
0.12379
0.48276
0.22128
1.1683
0.1121
0.083392
0.41928
0.21427
0.20728
0.14449
0.50859
0.23643
0.3123
0.61617
0.23988
0.11568
0.17353
0.39887
0.70928
0.11902
1.0914
0.080133
0.25149
0.20252
0.12486
0.84893
0.53054
0.069656
0.3472
0.45171
0.57584
0.1843
0.11086
0.17156
0.51632
0.095448
0.34323
0.12814
0.56559
0.3305
1.6643
0.65411
0.13268
0.096067
0.31034
0.9919
0.16804
0.12482
0.94658
0.69499
0.36181
0.11731
0.12187
0.11037
1.3043
1.0233
0.089572
0.078738
0.31681
0.14331
0.19546
0.23604
0.19587
0.27737
0.19646
0.28112
0.22192
0.074992
0.19255
0.081712
0.096174
0.57751
0.3234
0.74984
0.099855
0.30352
0.1233
0.10029
0.095776
0.29983
0.42701
0.10349
0.65787
0.23575
0.09765
0.34132
0.10698
0.32294
0.77919
0.13826
0.13842
0.10473
0.11078
0.15787
0.17836
1.0684
0.37973
0.21437
0.37338
0.64635
1.1181
0.14355
0.13674
0.26375
0.54976
0.165
0.65856
0.28401
0.30303
0.45302
1.1221
1.0177
0.78741
0.2267
0.20354
0.086905
0.20405
0.084053
0.82264
1.1377
0.075074
1.1841
0.091359
0.075283
0.61416
0.38219
0.3606
0.85667
1.0991
0.17884
0.13591
0.19493
0.40286
0.38769
0.62505
1.0712
0.26214
0.11254
0.1564
0.11535
0.098953
0.11484
0.37025
0.31085
0.25201
0.30857
0.072918
1.0364
0.12516
0.078057
0.39365
0.46338
0.39616
1.1537
0.13088
0.11075
0.20431
0.47018
0.15284
0.14112
0.1176
0.39732
0.095311
0.20021
0.83645
0.71861
0.43075
1.0736
0.066123
1.1727
0.82904
0.45904
1.1403
0.88035
0.21146
0.8264
0.087712
0.26039
0.10822
0.26087
0.24029
1.2678
0.49863
0.12916
0.87681
0.3287
0.1371
0.69286
0.098154
1.0924
0.15819
0.49136
0.20621
0.40719
0.81016
0.96942
0.43999
0.28273
0.46555
0.88418
0.12173
0.79788
0.21092
0.90857
0.2074
0.19702
0.91586
0.92797
0.074975
0.21375
0.11737
0.1071
0.31863
0.085824
0.16169
0.094001
0.71668
0.23963
0.13862
0.091892
0.36953
0.10399
0.20828
0.71047
0.21402
0.50396
0.1191
1.0107
0.18285
0.63001
1.2322
0.23782
0.40886
1.1431
0.26218
0.10507
0.062394
0.42872
0.36162
0.11843
0.36123
0.16257
0.22033
0.10159
0.086556
1.1493
0.13535
0.13027
0.51578
0.090235
0.37377
0.30827
0.22998
0.83691
0.53913
0.13404
1.0124
0.26224
0.12909
0.36686
0.1965
0.59518
0.11131
0.90273
0.82743
0.12812
1.1077
0.64113
0.42441
0.27092
0.10923
0.098427
0.076107
0.47732
0.6209
0.061755
0.53649
0.52637
0.29808
0.88066
0.20777
0.68189
0.33243
0.074106
0.98963
0.262
0.12484
0.3337
1.3545
1.0375
0.11863
0.24155
0.075812
0.14238
0.19461
0.41201
0.1012
1.1034
0.40445
0.18946
0.21459
0.26879
0.089593
0.080779
0.52166
1.2493
0.58559
0.30711
0.83958
0.34596
0.12495
0.17535
0.6948
0.070525
0.15087
0.22644
0.10195
0.1461
0.092025
0.17198
1.1756
0.59605
0.095577
0.61419
0.7532
0.31106
0.24495
0.23595
0.67917
0.53586
0.10977
0.92704
0.33819
0.19621
1.2724
0.16019
1.2736
0.22528
0.45887
0.26789
0.093228
0.082139
0.077615
1.2656
0.89439
0.38617
0.86383
0.83382
0.33797
0.34054
0.10388
0.29056
1.2278
0.29532
0.25203
1.142
0.26459
0.31033
0.074305
0.63041
0.37107
1.0469
0.19448
0.10538
0.56252
0.078962
1.1533
0.79909
0.076977
0.14107
0.085523
0.22815
0.12966
0.1373
1.1227
0.14116
0.64674
1.3987
0.22347
0.3055
0.56874
0.13072
0.24659
0.45273
0.12382
0.25483
0.16848
0.6408
0.076842
0.23009
1.1515
1.1767
0.29379
0.55731
0.14845
0.1214
0.059924
0.21283
0.17762
0.44641
0.5048
0.30331
0.20224
0.41082
0.7367
0.15487
0.078752
0.57633
0.68597
0.42216
0.14887
0.77756
0.24583
0.92792
0.39303
0.7462
0.21124
0.41449
0.18767
0.086108
1.0411
0.36199
0.21803
1.0681
0.30415
0.82179
0.4019
0.14214
1.2118
1.0144
0.10015
0.74471
0.49477
0.1487
1.5066
0.12636
0.29989
0.10394
0.12072
0.50309
0.16019
0.10907
1.1307
0.29456
1.638
0.077326
0.087753
0.41414
1.2515
0.75208
0.52626
0.14268
0.095553
0.86716
0.11046
0.17086
0.33017
1.3133
0.5735
0.14396
1.748
0.60491
1.132
0.28096
0.17016
0.08473
0.22874
0.28396
0.1083
0.15715
0.70458
0.10135
0.11958
0.23665
0.10027
1.0965
0.14646
0.10179
0.079851
0.31623
0.1148
0.091787
0.39256
0.67595
0.0808
0.16711
0.15344
0.4421
0.14935
1.2866
0.40134
0.27668
0.11875
0.26145
0.16911
0.11585
0.11101
0.20373
0.39874
0.13936
0.15387
0.083794
0.069962
0.17645
1.2067
0.38765
0.829
0.12084
0.1867
1.4057
0.12001
1.0704
0.24595
0.46387
0.59067
0.40952
0.18708
0.10788
0.27889
0.35672
1.1462
0.20646
0.70814
0.22266
0.06444
0.21933
0.61169
0.17097
1.0156
0.14341
0.16128
0.50815
0.50974
1.1461
0.39049
0.87613
0.14012
0.96295
0.086687
1.0907
0.17615
0.11095
0.48673
0.56822
0.16214
0.094134
0.44812
0.14193
0.22326
0.081094
0.092503
0.15129
0.26891
0.8569
0.82262
0.13003
0.19946
0.56094
0.20563
0.6247
0.11387
0.18352
0.096957
1.1717
0.2979
0.55587
0.42583
0.096554
0.34335
0.61159
0.21216
0.070906
0.31972
0.27967
0.1416
0.61919
0.27945
1.2021
1.1683
0.23577
0.45197
0.26079
0.78936
0.16131
0.91677
0.08455
1.3132
0.17901
1.3008
1.0541
0.17921
0.24558
0.31069
0.80448
0.27353
1.2852
0.10083
0.15626
0.40881
0.78568
0.36504
0.17275
0.81453
0.39444
1.1905
1.1031
0.54885
0.52108
0.075337
0.082049
0.18387
0.86054
0.92751
0.097397
0.18936
0.34892
0.28695
1.0921
0.068112
0.15452
0.19349
0.15537
1.1277
0.4954
0.093795
0.078262
0.26163
0.13595
0.49369
0.34792
0.30648
0.17263
0.19776
1.2087
0.082612
0.41256
0.60483
0.32075
0.16796
0.66358
0.084792
0.16299
0.44312
0.65682
0.083443
0.10716
0.43653
0.38443
0.5637
0.28769
0.11227
1.2057
0.30391
0.10072
0.083036
1.3575
0.25798
0.088522
0.86271
0.088669
0.51096
0.21578
0.17534
0.29642
0.12474
0.35656
0.40565
0.10955
0.22372
0.49065
0.16464
0.86896
0.63265
0.20419
0.15793
0.30534
1.1372
0.3397
0.46619
0.12677
0.73681
0.43251
0.16861
1.5883
0.34761
1.3444
0.55386
0.12849
0.16368
0.19968
0.29612
0.24234
0.43137
0.12108
0.50708
1.2564
0.15942
0.083428
0.28778
0.3013
0.39603
1.0448
1.0886
0.9313
0.45095
0.11517
0.070571
0.17403
0.19979
0.2093
0.16617
0.18964
1.0393
0.15847
0.24038
0.15833
1.0862
0.17816
0.73953
0.14871
0.11069
0.10232
0.5865
0.48013
0.5686
0.60152
0.12217
0.16252
0.080218
1.0652
0.65134
0.23861
0.70321
1.368
0.14242
0.19048
0.4641
0.16726
0.091417
0.38519
1.0092
0.14578
0.89327
0.2821
0.21338
0.53754
0.08254
0.56006
0.19163
0.093948
0.25071
0.16748
0.067152
0.72378
0.41905
0.42583
0.42255
0.27162
0.43763
1.3255
0.92787
1.3901
0.10892
0.72123
1.0932
1.1874
0.90696
0.65649
0.72864
0.15315
0.20958
0.16265
1.0459
0.3598
0.11587
0.75498
0.28595
0.24751
1.1461
0.35852
0.68203
0.11943
0.4046
0.59229
0.22768
0.34955
0.14981
0.10779
0.061405
0.14015
0.67061
0.16569
0.4658
0.29803
0.075596
0.11976
0.080419
0.7331
0.41719
0.22539
0.27874
0.10715
0.2106
0.16856
0.08203
0.23663
0.27062
0.067311
0.76303
0.16968
0.36474
0.26539
0.15758
0.22148
0.2337
1.0506
0.35586
0.59014
0.087298
0.96191
0.26094
0.39094
0.20577
0.42721
0.1738
0.92462
0.44629
0.63191
0.10843
0.39826
0.52007
0.22669
0.57591
0.36444
0.56852
0.32956
0.15099
0.28821
0.16063
0.35967
0.10358
0.11309
0.1058
1.0013
0.8246
0.87784
0.6473
0.097001
0.088544
0.30879
0.9552
0.5
0.34327
0.59746
0.078224
0.74772
0.29206
0.10377
1.1247
0.14533
1.2743
0.084366
0.13672
0.19687
0.1972
0.17853
0.77259
0.46104
0.72106
0.11674
1.099
0.09047
0.2306
0.098647
0.75088
0.070169
0.10722
0.47948
0.072183
1.2401
1.186
0.16969
0.20242
0.27951
0.27697
1.0692
0.70218
0.14221
0.70247
0.87277
0.1175
0.2339
0.32239
0.10254
0.1947
1.1307
0.46534
0.34677
1.1445
0.10082
1.3967
0.35782
0.15692
0.30017
0.53481
0.27898
0.61539
0.25314
0.1244
0.76957
0.28534
0.088767
0.14413
0.23285
0.087663
0.54148
0.57399
0.13003
0.26612
0.2268
0.203
0.19811
0.51344
0.63663
0.1642
0.16206
1.0493
0.12057
0.20749
0.38566
0.66695
0.098662
0.45513
0.6392
0.14111
1.0179
1.1086
0.20027
0.15852
0.14236
0.31811
0.13085
0.18548
0.15793
1.2566
0.12881
0.89967
0.27405
0.43826
0.074109
0.29726
0.2384
0.24286
1.2385
0.1064
0.79522
0.22836
0.22453
0.93444
0.080011
0.26049
0.50036
0.44245
1.0902
0.12636
0.4031
0.3539
0.22693
0.10775
0.14212
0.15676
0.096886
0.50998
1.1663
0.27802
0.11954
1.0184
0.53994
0.22874
0.72091
0.78372
0.98098
0.47098
0.66399
1.0169
0.51081
0.35345
0.97122
0.43571
0.18823
0.13743
0.34853
0.16144
0.10097
0.098863
0.39961
0.10127
1.147
0.29564
0.11003
0.17804
1.4087
0.089233
0.088618
0.1377
0.22662
0.35194
1.0272
0.23027
0.75217
0.11064
0.095484
0.15907
0.32361
0.13834
0.18456
0.072053
0.28613
0.21662
0.17234
0.40951
0.47491
0.38524
1.3484
0.89876
0.17432
0.81491
0.15633
0.13647
0.50166
0.26864
1.0285
1.0981
0.11729
0.10831
0.28677
0.10368
1.2154
0.63721
0.35083
1.3386
0.088599
0.3754
0.19003
0.61415
0.63319
0.091603
0.24427
0.15115
0.14221
0.15543
0.096095
0.19927
0.3841
0.44112
0.114
0.18149
0.15079
0.1009
0.59231
0.20838
0.10538
0.38397
0.13796
0.48352
0.19118
1.2752
0.18198
0.66909
0.70971
0.42533
1.2046
0.25577
1.1153
0.36914
0.21901
0.29867
1.1802
0.15154
0.07444
0.11911
0.14028
0.080347
0.15994
0.93138
0.5361
1.1537
0.10821
0.17333
0.14525
0.11457
1.0663
0.076343
1.041
0.086723
0.13506
0.53964
0.14589
0.073526
0.070427
0.17208
0.092005
0.49638
0.12198
0.47539
0.1306
0.25652
0.17821
0.20322
0.84919
0.09339
0.81174
0.1197
0.3677
0.82542
0.25507
0.17039
1.0358
0.34079
0.57475
1.0119
0.14413
0.38514
0.47316
0.10452
0.36772
1.2395
1.124
0.11656
0.58551
0.15139
0.46247
0.12899
0.14998
1.031
0.43651
0.082334
1.3142
0.092559
0.12293
1.0315
0.37067
0.47288
0.30941
0.3602
0.16344
0.55934
0.34852
0.48324
0.25888
0.27589
0.9751
0.81505
0.83197
0.34516
0.18541
0.64813
0.074321
0.16089
0.61173
0.17296
1.4358
0.68651
0.1071
0.11778
1.507
0.15939
0.14109
0.44385
0.1364
0.78688
0.33767
0.098079
0.83765
0.3162
0.17314
0.11662
0.091615
0.10823
0.10725
0.75564
1.0794
0.68893
0.076806
0.097097
0.44418
0.94819
0.61142
0.071723
0.077493
0.24264
0.49359
0.75098
0.23527
0.28317
0.78184
0.099189
0.53651
0.18407
0.81788
0.60199
1.0788
0.20764
0.47524
0.10063
0.083891
0.26894
1.0688
0.11253
0.12695
0.83357
0.21886
0.54338
0.74432
0.11923
0.092713
0.063889
0.20087
0.24167
0.094188
0.22727
0.16719
0.092992
1.0531
0.50933
0.14239
0.13608
0.43631
1.3223
0.5389
0.14577
0.20315
0.72121
0.083701
0.22299
0.23034
0.42373
0.46483
0.084785
0.36055
0.67611
0.089142
0.27754
0.11133
0.14872
0.51686
0.2912
0.23554
0.6503
0.11984
0.8343
0.24572
0.961
0.34814
0.13793
0.25986
0.67288
0.85553
0.099674
0.26607
0.72249
0.50791
1.2833
0.7665
0.13915
0.75451
0.51923
0.34844
0.27414
0.36548
0.40749
0.075616
0.51681
0.50483
0.23801
0.14169
0.29623
0.50869
0.75621
0.16723
0.095861
0.2843
0.49203
0.30149
0.33087
0.96246
0.48056
0.1606
0.18706
0.36724
0.65709
0.10244
0.077793
0.14514
0.39105
0.17287
0.17515
0.18867
0.1001
0.17182
0.13432
0.62639
0.37066
0.12828
0.45879
1.0938
0.15046
1.2575
0.11152
0.58753
0.12447
0.10676
0.10507
0.96076
0.44775
0.90098
0.3706
0.15489
0.16871
0.10916
1.2651
0.18346
0.13143
0.77265
0.095252
0.15713
0.18347
0.086602
0.29475
0.12443
0.090436
0.44426
0.38572
0.39934
0.16389
1.3053
0.65948
1.156
0.36062
0.074421
0.62331
0.2105
0.15003
0.21855
0.09493
0.34157
0.35589
0.14666
0.54264
0.094936
0.11269
0.2737
1.2039
0.08797
0.42595
0.23582
0.18376
0.70331
0.36756
0.10057
0.23788
0.10549
0.32062
0.071856
0.55619
0.17796
0.67591
0.35564
0.079482
0.20516
0.60956
0.34086
0.10142
0.14522
0.1503
0.099403
0.52721
0.84047
0.1039
0.58703
0.23927
1.0716
0.96354
0.56733
0.68959
0.72616
0.63046
0.23638
1.2122
1.2421
0.15089
0.71972
0.23953
0.69624
0.15141
0.78026
0.37603
1.0382
0.64719
0.29845
0.22903
0.4007
0.66624
0.14826
0.93086
0.2469
0.27267
0.21665
0.62974
0.8087
0.90486
0.18823
0.27023
0.94271
0.47896
1.1188
0.11609
0.27417
0.29562
0.76618
0.12677
0.36726
0.1185
1.1451
0.1791
0.085379
0.67489
0.26628
0.080975
0.30808
0.25157
0.92925
0.39794
0.67156
0.16926
0.10164
0.10763
0.30652
0.34138
0.29668
0.10355
0.26433
0.30468
0.11055
0.27819
0.19531
0.27781
0.26988
1.6857
0.46124
0.098059
1.149
0.33279
0.20671
0.68299
0.59819
0.52218
0.086759
0.15166
0.91981
0.068613
0.1668
0.089348
0.91179
1.3003
0.59426
1.2053
0.15861
0.30449
0.24578
0.087832
0.12356
0.26142
0.87658
0.84142
0.26534
0.15498
1.2497
0.70941
0.18823
0.22522
0.10497
0.23844
0.81588
0.42581
0.20137
0.41532
1.1264
0.13769
1.063
1.0275
0.91204
0.79037
0.32941
0.20315
1.0035
0.77678
0.85304
0.24513
0.26856
0.35935
0.12285
0.66404
0.43711
0.15048
0.25939
1.1292
0.23761
0.50965
0.42003
0.15341
0.31057
0.11356
0.13786
0.73998
0.081369
0.11829
0.51288
0.13819
0.12778
0.26011
0.23137
0.56927
0.13063
1.0479
0.31285
0.36519
0.27892
0.22334
0.098672
1.0259
0.26504
0.623
0.11167
0.351
0.46384
1.576
0.39127
0.16653
0.6093
0.23814
0.78196
0.11628
0.89981
0.24226
0.15468
0.71794
0.12334
0.17313
1.1142
0.21637
1.0531
0.1749
0.26112
0.13698
0.0873
0.80988
0.12566
0.34412
0.17151
0.81845
1.2313
0.24373
1.1864
0.90716
0.11425
0.94969
0.3657
0.32937
0.14854
0.13182
0.33689
0.34792
0.092617
0.41689
0.71836
0.76207
0.21559
0.13885
0.62145
1.0497
0.42839
0.80841
0.49047
0.78743
0.64217
1.1024
0.081939
0.6703
0.97492
0.91767
1.0264
0.53514
1.0719
0.090619
0.1091
0.079954
0.14177
0.17961
0.86734
0.16973
0.67594
1.2241
1.3498
0.91724
0.10981
0.92311
0.24325
1.1945
0.5605
0.32844
0.099865
0.35726
0.19423
0.078087
0.15465
0.10873
0.074682
0.073588
0.26973
0.35687
0.12082
0.37379
0.1585
0.32932
1.0983
0.22267
0.47652
0.20356
0.17247
0.15064
0.2452
0.18218
0.98369
0.070833
0.11231
0.73728
0.45554
0.39599
0.10779
0.23344
0.4124
0.37638
0.40694
0.12725
0.99222
0.4159
0.31877
0.48376
0.59438
0.26879
0.3748
0.10683
0.1699
0.56787
0.20966
0.53573
0.85171
0.21534
0.64499
0.063832
0.38842
0.47817
0.31894
0.35058
0.11983
0.11361
0.098945
0.31921
0.084485
0.089483
0.44677
0.51368
0.22332
0.96131
0.40141
0.15154
0.89894
0.077386
0.1183
0.20411
0.12683
0.18429
1.088
0.091905
0.13367
0.1602
0.070777
0.47554
1.6557
0.18872
0.38204
0.11601
0.093932
0.27825
0.10268
0.41308
0.69586
0.56632
0.80559
1.1296
0.061191
0.24914
0.18452
0.81304
0.19637
0.69761
0.13658
0.61825
0.2215
0.70145
0.28701
0.635
0.16452
0.34526
0.14483
0.20498
1.2232
0.10476
0.18347
0.52118
0.754
0.09047
0.17282
0.3589
0.10909
0.086195
0.88183
0.14766
0.29332
0.57373
0.081197
0.97034
0.54548
0.54152
0.14386
0.4605
0.7671
0.42424
0.12861
0.07264
0.097301
0.19244
0.25814
0.20912
0.089667
1.0527
0.50064
1.1778
0.052956
0.31511
0.18724
0.13981
0.16437
1.2388
0.21206
0.1449
0.40006
0.24169
0.10109
0.20341
0.074524
0.58949
0.9479
0.12503
0.11461
0.53463
0.29605
0.075773
0.32452
0.18152
0.092738
0.40114
0.92534
0.33326
0.086815
1.1084
0.16777
0.17341
0.11101
0.13744
0.1544
0.18769
0.085632
0.12334
0.1747
0.52175
0.11385
0.54428
0.068785
0.17033
0.083295
0.88388
0.56269
1.1013
0.79065
1.0174
0.50878
0.95737
0.17337
0.1071
0.11839
0.40857
0.15514
1.1745
0.094309
0.091792
1.1783
0.083341
0.46854
0.14571
0.095708
1.0184
0.16346
0.53388
0.44014
0.91429
0.11902
1.009
1.2907
1.1806
0.12928
0.26682
0.12317
0.096999
0.23476
0.11101
0.17127
0.082494
0.49485
0.093478
0.4782
0.31448
0.14422
0.62938
1.45
1.2018
0.12825
0.22014
0.12927
0.32009
0.078364
1.137
0.35114
0.33712
0.18325
0.18508
0.077149
0.74692
1.4256
0.57834
0.25929
0.90274
0.12884
0.72242
0.16959
0.20927
0.54837
0.66596
1.0655
0.72214
0.19603
0.14604
0.50067
0.12386
0.11308
0.17372
0.37933
0.89336
0.48923
0.77606
0.22075
0.32911
0.52813
0.19063
0.13683
1.0207
0.81759
0.37482
0.48318
0.41119
0.09246
1.0565
0.15802
0.33052
0.1583
0.12607
0.47265
0.41626
0.92936
0.19333
0.13496
0.98685
0.20741
0.067988
0.1131
0.64745
0.13061
0.86804
0.53583
1.0996
0.71242
0.98848
0.23219
1.3137
0.22391
0.60432
0.08776
0.20024
0.28262
0.68755
0.098596
0.62074
0.42477
0.45369
0.36777
0.31748
0.14941
0.14475
0.13606
1.2204
0.60576
0.35689
0.16245
0.22081
0.47783
0.63294
1.1028
0.075228
0.28686
0.21048
0.10137
0.73812
0.13388
0.1448
0.87388
0.062557
0.21841
0.32767
0.079469
0.12814
0.2447
0.11235
0.12083
0.14251
0.26174
1.0198
0.40612
0.29828
0.11206
0.097406
0.064991
0.61596
0.77599
0.45353
0.11767
1.3036
0.23088
0.61947
1.244
0.47549
0.21449
0.31818
0.078031
0.14637
0.13549
0.11269
0.063754
0.15901
1.0168
0.49605
0.29582
0.88477
0.56064
0.49979
0.080507
0.31121
0.089103
0.073376
0.17692
0.09052
1.0046
1.1314
0.67704
0.32242
0.23701
1.0461
0.063851
0.59114
1.5265
0.10551
0.26778
0.44906
0.30567
0.48807
0.15825
0.25428
0.32806
0.15548
0.77805
0.62648
0.25649
1.0312
0.32809
0.15206
0.24448
0.28547
0.55912
0.35397
1.0922
0.20285
0.44509
0.61231
0.67976
0.10806
0.57554
0.30668
0.069232
0.57645
0.58382
0.12069
0.20036
0.17705
0.091929
0.78414
0.21827
0.7977
1.2703
0.07463
0.14935
0.62489
0.4717
0.094193
0.09123
0.3345
0.12104
0.12685
0.20212
0.65575
1.4773
0.46231
0.38092
0.19919
0.086979
0.55703
1.0993
0.11721
0.13258
0.19572
0.24267
0.18996
0.17601
0.070786
0.1222
0.10249
0.11584
0.24166
0.2763
0.27114
0.70366
0.35775
0.18405
0.099861
1.1414
0.10959
0.44482
0.69089
0.60162
0.52515
0.091305
0.12941
0.54794
0.37126
0.22456
0.13571
0.13583
1.0146
0.76403
0.55482
0.21182
0.24534
0.36856
0.69091
1.0917
0.23877
0.74578
0.84557
0.26587
0.07924
0.1899
0.25105
0.17078
0.092168
0.20398
0.072381
0.13009
0.99336
0.079867
1.266
0.12091
0.23329
0.209
0.1655
0.060967
0.44838
0.13847
0.14766
0.68051
0.34464
0.91372
0.56184
0.087333
1.0359
0.12919
0.86182
0.094316
0.15686
0.21923
0.10775
0.15413
0.094204
1.1761
0.66848
0.2558
0.16383
1.2391
0.62865
0.16111
0.079289
0.08275
0.66012
1.1313
1.3162
0.087256
0.22619
0.18503
0.19578
0.78152
0.085066
0.68347
0.68726
0.14373
0.12027
0.51645
0.16288
0.11008
0.13455
0.27009
0.70382
0.11307
0.20637
0.15878
0.24376
0.26589
0.15378
0.16027
0.33725
0.36114
0.1065
0.45089
0.26949
0.31903
0.42162
0.71324
0.28785
0.44438
0.27317
0.19517
0.20517
0.10198
0.36117
0.62754
0.7447
0.37788
0.13339
0.63414
0.1594
0.86118
0.34136
0.26898
0.079943
1.1336
0.60605
0.18301
0.41882
0.13993
0.2129
0.088741
0.11183
1.2015
0.12892
0.32525
0.26872
0.87474
0.16937
0.42163
0.43029
0.8314
0.40288
0.16465
0.11299
0.23451
0.14314
1.0353
0.51996
0.68754
0.32948
0.11507
0.60213
0.11647
0.53446
0.1436
0.2643
0.15053
0.158
1.1955
0.54525
0.35073
0.093552
0.35778
0.11256
1.0433
0.13274
1.1681
0.25592
0.42965
0.3052
0.4529
0.10152
0.07996
0.34492
1.2538
0.31924
0.71231
1.0605
0.10842
0.072817
0.82732
0.25902
0.78223
0.28994
0.25792
0.057914
0.67786
0.091397
0.4453
0.90336
1.2755
0.44486
0.11331
0.21096
0.51468
0.63391
0.11253
0.68294
0.15579
0.077958
0.15297
0.25063
0.10787
0.21349
1.0369
0.98774
0.13409
0.71321
0.37035
0.088531
0.253
0.31629
0.42092
0.10117
0.096652
0.090245
1.1075
0.87253
0.27319
0.42719
0.62825
0.31406
1.0195
0.52428
0.67508
0.30422
0.19296
0.17174
0.39083
1.1027
1.2056
0.26432
1.3241
0.12724
0.32127
0.43358
0.88179
0.26376
0.23166
0.2482
0.17085
0.54041
0.11381
0.20367
0.61146
0.10394
0.26788
0.11838
0.15203
0.12498
0.12116
0.57549
0.38311
0.73356
0.9985
0.56008
0.60525
0.76097
0.26764
1.0628
0.50329
1.0903
0.09572
0.19122
0.19214
0.57198
0.35631
1.1456
0.23339
0.10226
0.22216
0.091485
0.079618
0.26344
0.14863
0.1081
0.59709
0.78489
0.7165
0.44126
0.57589
0.54821
0.51793
0.1942
0.14597
0.80718
0.26715
0.40836
0.23285
0.47118
0.69026
0.3476
0.14608
0.6249
0.19747
0.68234
0.37846
0.14616
1.0758
0.5484
0.13303
0.10801
0.31751
0.36527
1.0684
0.74131
0.074211
0.93553
0.066624
0.12716
1.1403
0.87663
0.33073
0.18758
0.28593
0.22485
0.97811
0.15604
1.1454
0.10152
0.24018
0.35082
0.13974
0.076246
0.16999
0.90159
0.17854
0.22438
0.09352
0.23665
0.18632
0.45806
0.8669
0.19291
0.13952
0.17725
0.4128
0.90195
1.1698
0.75711
0.10899
0.13939
0.4742
0.39199
0.12077
0.42859
0.63092
0.08639
0.9831
0.12764
0.43611
0.1463
0.56578
0.1548
0.12955
0.059566
0.5875
0.83163
0.20955
0.32861
0.069206
0.1126
0.080761
1.1045
1.0037
0.58137
0.21454
1.0452
0.39065
0.4633
0.43045
0.15684
0.09369
0.27453
0.33872
0.56325
0.14864
0.2096
0.26589
0.18483
0.071884
0.25704
0.83324
1.1923
1.1663
0.7163
0.12452
0.17361
0.091703
0.42967
0.81574
0.97444
0.13584
0.10465
0.23318
1.0771
0.80899
0.25735
0.62157
0.41399
0.96504
1.2522
0.46994
0.092079
1.0312
0.24846
0.75676
0.25868
0.19588
0.96882
0.13032
0.24755
0.082259
0.76781
0.16954
0.247
0.38753
0.15241
0.7863
0.76824
0.08558
0.14835
0.11616
0.32004
0.12243
0.075465
1.0368
0.47149
0.075006
0.54238
0.13585
0.09375
0.42132
0.10175
1.3322
0.22634
0.6326
0.153
0.16399
0.14121
0.11302
0.10975
0.12713
0.20732
0.4493
0.97584
0.29527
0.17348
0.96895
0.55484
0.51156
0.29684
0.064831
0.24028
0.20484
1.194
0.30368
0.24283
0.27465
1.1509
0.34591
0.074282
0.087629
0.82163
0.18401
0.11399
0.25222
0.6852
0.84226
0.25578
0.5096
0.63824
0.095968
0.25342
0.97338
0.090603
0.90993
1.0484
0.091656
0.80063
0.51099
0.13086
0.21194
1.2453
0.87018
0.21533
0.48883
0.63721
1.2886
0.15842
0.93248
1.7194
1.2107
0.95013
0.074985
0.23716
1.2946
0.58615
0.17837
0.93156
0.69348
0.70333
0.12792
0.16417
1.0852
0.2888
0.50586
1.1466
1.1342
0.061294
0.25553
0.17077
1.3758
0.24846
0.20688
0.25508
0.16086
0.52339
0.20041
0.63131
0.14367
0.11911
0.13286
0.14966
0.43982
1.0591
0.077455
0.51166
0.60594
0.72707
0.52028
0.15749
0.71082
0.16119
1.0526
0.074103
1.0952
0.14089
0.24406
0.23103
0.23249
0.23211
0.1913
0.41933
0.096199
0.48523
0.12252
0.24882
0.1008
0.47597
0.71054
1.1203
0.37334
1.6915
1.0471
0.3893
0.54066
0.35303
0.64309
1.0613
1.2667
0.093792
0.59185
0.62065
0.075445
1.003
0.070461
0.37378
0.077207
1.0037
0.98213
0.33902
0.51294
0.29048
1.0336
0.21258
0.88385
0.55599
0.98503
0.21006
0.24381
0.74035
0.64417
0.70332
0.87516
1.4025
0.094113
0.081075
0.42622
0.096668
0.095578
0.14985
0.95145
0.10104
1.1954
0.10892
0.17958
0.19174
0.20533
0.079547
0.73524
0.78425
0.41606
0.22779
0.19097
0.21575
1.2628
0.85806
0.087968
0.93049
0.37131
0.16458
0.84748
0.13552
1.1602
0.19063
0.185
1.0275
0.14838
0.11901
0.71835
0.38801
0.20431
1.2221
1.7745
1.2056
0.23821
0.078641
0.067663
0.59355
0.085746
0.11267
0.72901
0.14355
0.29608
0.83956
1.084
0.36833
0.19478
0.39834
0.12264
0.29767
0.92299
1.2425
0.065792
0.34069
0.33264
0.25008
0.25991
0.36556
0.10539
0.1152
0.46675
0.48276
0.11161
0.53929
0.1121
0.11448
1.176
0.10157
0.41426
0.24397
1.2657
0.23643
0.16331
0.68621
0.45807
0.54829
0.47928
1.169
0.08807
0.57557
1.4385
0.16035
0.08784
0.23763
0.66254
0.11767
0.14286
0.077801
0.19444
0.10548
0.57584
0.25939
0.11086
0.40611
0.16507
0.72221
0.2247
0.11689
1.0993
0.20231
0.26077
0.78721
0.27936
0.096473
0.17306
0.29747
0.97317
0.13343
0.14121
0.091778
0.1797
0.45779
0.09915
1.2106
0.82348
0.35836
0.12486
0.097558
0.068976
0.50785
0.17319
0.85097
1.21
0.095953
0.22656
0.28009
1.0262
1.2218
0.29958
0.84357
0.51026
0.57751
0.34247
0.32393
0.74937
0.32977
0.15066
0.76506
0.095776
0.29983
0.42701
0.18113
0.046533
0.091755
0.19398
0.10302
0.21025
0.19133
0.92902
0.13372
0.13842
1.2572
0.15362
0.17235
0.10979
1.0684
0.30114
0.50894
0.26938
1.2468
0.085806
0.34421
0.083962
0.11214
0.32756
0.9586
0.18629
0.50983
0.19098
0.13722
0.12836
0.10408
0.78741
1.0536
0.099512
1.1233
1.158
0.42908
0.26024
1.0415
0.2491
1.1473
0.71222
0.076229
0.25677
1.1449
0.83085
0.81135
0.20465
0.09661
0.13591
0.19493
0.37917
0.45716
0.15344
0.16125
0.14826
0.27544
0.10132
0.85688
0.096682
1.1786
0.71974
0.15659
0.11778
0.30857
1.6394
0.52885
0.71927
0.1169
0.30589
0.77175
0.087157
0.22126
0.27486
0.068497
0.20654
0.13088
0.80153
0.11847
1.2487
0.37087
0.20087
0.84843
1.4144
0.65616
0.10382
0.095817
0.21099
0.16081
0.44115
0.42362
0.13394
0.51746
1.0933
0.24315
0.56302
0.5906
0.44463
0.23616
0.86008
1.2678
0.4833
0.14069
0.31369
0.25174
0.58677
0.082004
0.90788
0.10692
0.083382
0.49136
0.20398
0.46381
0.25255
0.92537
1.6769
0.57074
0.25545
0.11375
0.52375
0.083696
0.38392
0.119
0.19908
1.0476
0.14305
0.31001
0.073906
0.083581
0.13889
0.069174
0.093636
0.47344
0.16169
0.13952
0.71668
0.10605
0.31112
0.40651
0.10835
0.10399
0.29521
0.80646
0.21402
0.11722
0.17615
1.0107
0.81336
0.17581
0.077762
0.25462
0.13085
0.93261
1.1175
0.51321
0.19446
1.1589
0.36162
0.32239
0.77084
0.11757
0.075421
0.10159
0.22225
0.3712
0.2858
0.093405
0.21772
0.42573
0.3116
0.23266
0.86808
0.66336
1.1753
0.13404
0.21113
0.50422
0.26705
0.093913
0.64341
0.59518
0.1391
0.27075
0.82743
0.8618
0.10868
0.22453
0.42441
0.44135
0.21331
0.25458
0.3648
1.396
0.41368
0.092576
0.29415
0.74203
0.41495
0.22809
0.11233
0.11709
0.13687
0.87062
0.2691
0.262
0.12484
0.33661
0.39451
0.27929
0.18922
0.21104
0.30628
0.10371
0.056271
0.10047
0.098126
0.14803
0.57934
0.18124
0.14689
0.11925
0.14045
1.5295
0.52166
1.1565
0.14254
0.12197
0.56597
0.095607
0.20207
0.23334
0.6948
1.0313
1.1585
0.62935
0.30455
0.88783
0.76787
0.17198
0.2506
0.59605
0.24139
0.76239
0.51495
0.14987
1.0545
1.73
0.83845
0.4401
0.053615
0.37063
0.39127
0.090569
1.2724
0.097078
1.2049
1.0324
0.45887
0.17064
0.1066
0.13314
1.2842
0.10276
0.15815
0.54036
0.17827
0.96446
0.10166
0.72138
0.4742
0.25198
0.13928
0.077198
0.26412
0.41589
0.50388
0.69323
1.1891
0.63041
0.18781
1.1014
0.19448
0.73374
0.11734
0.078962
0.99503
0.79909
0.18399
0.14107
0.45432
0.7551
0.088621
0.12659
0.15103
0.14116
0.28468
0.37662
0.098699
0.3562
0.070615
0.29801
0.67504
0.17569
0.12382
0.22938
0.57429
0.6408
0.076842
0.23009
0.23772
0.50272
0.45225
0.43653
0.67436
0.1214
0.26632
0.14949
0.17762
0.44641
0.34652
0.21456
0.37132
0.90014
0.3259
0.15487
0.078752
0.75716
1.2181
1.1724
0.14887
0.7333
0.20864
0.92792
1.0582
0.15262
0.18115
0.41449
1.0645
1.1227
0.16477
0.33613
0.37421
1.1175
0.85186
0.78658
1.3636
0.94764
0.38023
0.87482
0.31341
0.3823
0.090962
0.12049
0.56399
0.22121
0.29989
0.5131
0.11784
0.3491
0.19447
0.068356
0.35995
0.14779
0.50878
0.44932
0.81141
0.41124
0.36284
0.22639
0.33833
0.87675
0.45896
0.55455
0.79603
0.092008
0.32713
1.3133
0.31042
0.81368
1.0938
0.49728
1.132
0.25175
0.34923
0.10512
0.11222
0.22455
0.21446
0.27657
0.15257
0.12507
0.46656
0.42443
1.0333
0.46759
0.14646
0.10179
0.37504
0.10484
0.28169
0.70143
1.1474
0.13363
0.16533
0.6376
0.9813
0.13466
0.24178
0.50839
0.17911
0.096151
0.090338
0.57076
0.26948
0.24707
0.21181
0.39287
0.36133
1.3058
0.29222
0.12305
0.45099
0.30329
0.20103
0.82957
0.21263
0.19715
0.70987
1.4057
0.20049
0.19282
1.4779
0.22715
0.97505
0.51011
0.087892
1.0724
0.22293
0.35672
0.29647
0.14971
0.13774
0.15292
0.18342
0.21933
0.11944
0.11952
0.42697
0.13841
0.11824
0.34237
0.50974
0.86095
0.15671
0.87613
1.3781
0.96295
0.080922
0.47486
0.83154
0.091996
0.34242
0.99707
0.34099
0.98554
0.21625
0.57423
0.26177
0.98246
0.61442
0.13119
0.57562
0.90034
0.35406
1.2897
0.19946
1.4022
0.38589
0.13642
1.1319
0.18352
0.19555
0.42277
0.14431
0.124
0.80674
1.0905
0.34335
0.079027
0.14886
0.48259
0.47732
0.12666
0.91715
0.47234
0.56592
0.21092
0.50038
0.18937
0.43236
0.19229
0.11621
0.85011
0.18884
0.08455
0.76373
0.13216
0.44225
1.0565
0.18078
0.15189
0.1402
0.16743
0.66072
0.32013
0.13312
0.19622
0.40881
0.28764
0.59584
0.17275
0.81453
0.95602
0.1065
0.081043
0.54885
0.1271
0.083451
1.1241
0.16702
0.11648
0.61462
0.097397
0.2681
0.092883
0.213
0.072639
0.44339
0.35485
0.14748
0.38502
0.11937
0.43394
0.54408
1.1355
0.072981
0.75196
0.46673
0.083543
0.19743
0.17464
0.47044
1.2087
0.073241
0.28417
0.60483
0.32075
0.095337
0.098842
0.16886
0.65215
1.1291
0.067037
0.6304
0.70514
0.88301
0.54303
0.13343
0.11418
0.11264
0.29715
0.38178
0.10072
0.27204
0.42468
0.40044
0.1928
0.78866
0.49346
0.48953
0.35741
0.90314
0.073152
0.091292
0.075046
0.15153
0.51601
1.1241
0.13868
0.24066
0.62872
0.30294
1.3319
0.61037
0.9593
0.1752
0.30469
0.98704
0.55178
0.091494
0.70648
0.8712
0.20551
0.57346
0.091181
0.19974
0.23435
0.68112
0.09673
1.295
0.26864
0.11478
0.12108
0.19779
0.58885
0.079755
0.64668
0.084376
0.3013
0.89661
0.10646
0.97299
0.68836
0.16577
0.60143
0.47328
1.2054
0.83251
0.83233
0.20131
1.0788
0.47998
0.5626
0.46842
0.82222
0.32392
0.19363
0.41816
0.136
0.52203
0.43076
0.21389
0.48013
0.32934
0.27064
1.3053
0.70772
0.10093
0.078385
0.99414
1.1395
0.10485
0.33524
0.09172
0.7765
0.1481
0.27909
0.082063
0.12305
0.11199
0.093838
0.083954
0.2821
0.79978
0.15731
0.33459
0.17925
0.093207
0.13642
0.11016
0.099233
0.59344
0.16655
0.1161
1.1081
1.1668
0.4999
0.33565
1.0814
0.92787
1.3901
0.12654
0.64218
0.094587
0.093104
1.2272
0.46022
0.20613
0.39731
0.20958
0.12834
0.25037
1.1203
0.11587
0.48677
0.35459
0.10663
0.31283
0.66903
0.067943
0.24496
0.63447
0.37866
0.22768
0.40448
0.090231
0.56476
1.1561
0.41336
1.1177
0.10745
0.094702
0.22238
0.16036
0.82217
0.18164
0.41006
0.10768
0.11164
0.077727
0.086501
0.12293
0.15601
0.10672
0.64797
0.27062
0.44859
0.13061
1.0841
0.14454
0.39303
0.16029
0.22148
0.48602
1.2946
0.12199
0.40704
0.15832
0.3524
0.31629
0.20935
0.13601
0.50063
0.14013
0.099302
0.49465
0.24828
0.66306
0.10406
1.1724
0.23077
0.57591
0.25644
1.0734
0.0799
0.18009
0.68926
0.21093
0.17891
0.68842
0.66807
0.1058
0.24169
0.8246
0.51552
1.1182
1.1011
0.50324
0.14673
0.26477
0.12135
1.2911
0.38996
0.77589
0.11322
0.15295
0.10196
1.1247
0.16691
1.2743
0.10437
0.13672
0.53514
1.3577
0.25708
0.12607
0.97464
0.50187
0.11075
0.15584
0.46218
1.1198
0.10545
0.093062
0.33031
0.16651
0.086169
0.33621
0.060385
0.26861
0.10156
0.25413
0.084201
0.67206
0.97941
0.73957
0.27777
0.31944
0.14871
0.89544
0.12018
1.1302
0.71491
0.16872
0.13146
1.1947
0.29228
0.11023
0.095804
0.27041
0.41174
0.37559
0.53731
0.90744
0.54939
0.29958
0.49571
0.53784
0.10304
0.16333
0.15478
1.1577
0.14875
0.086908
0.87698
1.2082
1.1161
0.95626
0.2268
0.62893
0.12617
0.26764
0.092136
0.66062
0.21865
0.18337
0.8637
0.13718
0.12466
0.60107
1.104
0.30319
0.085775
0.37848
0.23434
1.1086
0.29024
0.72978
0.26503
0.19058
1.0565
0.2946
0.16475
0.62151
0.40989
0.89967
0.08775
1.3385
0.074109
0.14364
0.27153
0.49651
1.225
0.18255
1.112
0.061158
0.63797
0.93444
0.14735
1.5574
0.46681
0.23533
1.108
0.2152
0.173
0.14701
1.0187
0.16788
0.40234
0.098
0.17956
0.13271
0.61459
0.58934
0.11954
0.17537
0.53994
1.0606
0.19259
0.10824
0.5071
0.076294
0.071799
0.11581
0.12044
0.53125
0.97854
0.82393
0.39941
0.13727
0.17349
0.16144
0.57352
0.55391
0.8336
0.65619
1.2592
0.58865
0.06409
0.23631
0.37272
0.29648
0.25793
0.12572
0.49975
0.19116
0.10511
1.1805
0.2598
0.17621
0.899
0.26721
0.39198
0.23325
0.072417
0.98404
0.1406
0.3641
0.25935
1.2786
1.0144
0.18491
0.29196
0.32501
0.40516
0.16037
0.71322
1.1362
0.62762
0.08985
0.22098
1.0981
0.11599
0.95215
0.10748
1.3549
1.2154
0.63721
0.36138
0.17402
0.076239
0.11139
0.48602
0.84746
0.16965
0.41598
1.1912
0.10506
0.088266
0.45285
0.096095
0.98775
0.37073
0.32416
0.87248
0.18043
0.50287
0.64122
0.24793
0.20838
0.87223
0.16859
0.13796
0.30442
0.84767
0.61498
0.34627
0.45056
0.11197
0.42533
0.44764
0.19845
0.32154
0.36914
0.10613
0.34237
0.40349
0.19596
0.966
0.15242
0.14028
0.074555
0.7928
0.22975
0.7338
0.36014
0.2715
0.17333
0.32518
0.11457
0.63387
0.10218
0.20621
0.50862
0.14711
0.15739
1.2488
0.81736
1.1196
0.10394
0.62967
1.4029
1.0139
0.16931
1.5769
0.25652
0.17821
0.20322
0.84919
0.09339
0.81174
0.1197
0.3677
0.82542
0.25507
0.17039
1.0358
0.34079
0.57475
1.0119
0.14413
0.38514
0.47316
0.10452
0.36772
1.2395
1.124
0.11656
0.58551
0.15139
0.46247
0.12899
0.14998
1.031
0.43651
0.082334
1.3142
0.092559
0.12293
1.0315
0.37067
0.47288
0.30941
0.3602
0.16344
0.55934
0.34852
0.48324
0.25888
0.27589
0.9751
0.81505
0.83197
0.34516
0.18541
0.64813
0.074321
0.16089
0.61173
0.17296
1.4358
0.68651
0.1071
0.11778
1.507
0.15939
0.14109
0.44385
0.1364
0.78688
0.33767
0.098079
0.83765
0.3162
0.17314
0.11662
0.091615
0.10823
0.10725
0.75564
1.0794
0.68893
0.076806
0.097097
0.44418
0.94819
0.61142
0.071723
0.077493
0.24264
0.49359
0.75098
0.23527
0.28317
0.78184
0.099189
0.53651
0.18407
0.81788
0.60199
1.0788
0.20764
0.47524
0.10063
0.083891
0.26894
1.0688
0.11253
0.12695
0.83357
0.21886
0.54338
0.74432
0.11923
0.092713
0.063889
0.20087
0.24167
0.094188
0.22727
0.16719
0.092992
1.0531
0.50933
0.14239
0.13608
0.43631
1.3223
0.5389
0.14577
0.20315
0.72121
0.083701
0.22299
0.23034
0.42373
0.46483
0.084785
0.36055
0.67611
0.089142
0.27754
0.11133
0.14872
0.51686
0.2912
0.23554
0.6503
0.11984
0.8343
0.24572
0.961
0.34814
0.13793
0.25986
0.67288
0.85553
0.099674
0.26607
0.72249
0.50791
1.2833
0.7665
0.13915
0.75451
0.51923
0.34844
0.27414
0.36548
0.40749
0.075616
0.51681
0.50483
0.23801
0.14169
0.29623
0.50869
0.75621
0.16723
0.095861
0.2843
0.49203
0.30149
0.33087
0.96246
0.48056
0.1606
0.18706
0.36724
0.65709
0.10244
0.077793
0.14514
0.39105
0.17287
0.17515
0.18867
0.1001
0.17182
0.13432
0.62639
0.37066
0.12828
0.45879
1.0938
0.15046
1.2575
0.11152
0.58753
0.12447
0.10676
0.10507
0.96076
0.44775
0.90098
0.3706
0.15489
0.16871
0.10916
1.2651
0.18346
0.13143
0.77265
0.095252
0.15713
0.18347
0.086602
0.29475
0.12443
0.090436
0.44426
0.38572
0.39934
0.16389
1.3053
0.65948
1.156
0.36062
0.074421
0.62331
0.2105
0.15003
0.21855
0.09493
0.34157
0.35589
0.14666
0.54264
0.094936
0.11269
0.2737
1.2039
0.08797
0.42595
0.23582
0.18376
0.70331
0.36756
0.10057
0.23788
0.10549
0.32062
0.071856
0.55619
0.17796
0.67591
0.35564
0.079482
0.20516
0.60956
0.34086
0.10142
0.14522
0.1503
0.099403
0.52721
0.84047
0.1039
0.58703
0.23927
1.0716
0.96354
0.56733
0.68959
0.72616
0.63046
0.23638
1.2122
1.2421
0.15089
0.71972
0.23953
0.69624
0.15141
0.78026
0.37603
1.0382
0.64719
0.29845
0.22903
0.4007
0.66624
0.14826
0.93086
0.2469
0.27267
0.21665
0.62974
0.8087
0.90486
0.18823
0.27023
0.94271
0.47896
1.1188
0.11609
0.27417
0.29562
0.76618
0.12677
0.36726
0.1185
1.1451
0.1791
0.085379
0.67489
0.26628
0.080975
0.30808
0.25157
0.92925
0.39794
0.67156
0.16926
0.10164
0.10763
0.30652
0.34138
0.29668
0.10355
0.26433
0.30468
0.11055
0.27819
0.19531
0.27781
0.26988
1.6857
0.46124
0.098059
1.149
0.33279
0.20671
0.68299
0.59819
0.52218
0.086759
0.15166
0.91981
0.068613
0.1668
0.089348
0.91179
1.3003
0.59426
1.2053
0.15861
0.30449
0.24578
0.087832
0.12356
0.26142
0.87658
0.84142
0.26534
0.15498
1.2497
0.70941
0.18823
0.22522
0.10497
0.23844
0.81588
0.42581
0.20137
0.41532
1.1264
0.13769
1.063
1.0275
0.91204
0.79037
0.32941
0.20315
1.0035
0.77678
0.85304
0.24513
0.26856
0.35935
0.12285
0.66404
0.43711
0.15048
0.25939
1.1292
0.23761
0.50965
0.42003
0.15341
0.31057
0.11356
0.13786
0.73998
0.081369
0.11829
0.51288
0.13819
0.12778
0.26011
0.23137
0.56927
0.13063
1.0479
0.31285
0.36519
0.27892
0.22334
0.098672
1.0259
0.26504
0.623
0.11167
0.351
0.46384
1.576
0.39127
0.16653
0.6093
0.23814
0.78196
0.11628
0.89981
0.24226
0.15468
0.71794
0.12334
0.17313
1.1142
0.21637
1.0531
0.1749
0.26112
0.13698
0.0873
0.80988
0.12566
0.34412
0.17151
0.81845
1.2313
0.24373
1.1864
0.90716
0.11425
0.94969
0.3657
0.32937
0.14854
0.13182
0.33689
0.34792
0.092617
0.41689
0.71836
0.76207
0.21559
0.13885
0.62145
1.0497
0.42839
0.80841
0.49047
0.78743
0.64217
1.1024
0.081939
0.6703
0.97492
0.91767
1.0264
0.53514
1.0719
0.090619
0.1091
0.079954
0.14177
0.17961
0.86734
0.16973
0.67594
1.2241
1.3498
0.91724
0.10981
0.92311
0.24325
1.1945
0.5605
0.32844
0.099865
0.35726
0.19423
0.078087
0.15465
0.10873
0.074682
0.073588
0.26973
0.35687
0.12082
0.37379
0.1585
0.32932
1.0983
0.22267
0.47652
0.20356
0.17247
0.15064
0.2452
0.18218
0.98369
0.070833
0.11231
0.73728
0.45554
0.39599
0.10779
0.23344
0.4124
0.37638
0.40694
0.12725
0.99222
0.4159
0.31877
0.48376
0.59438
0.26879
0.3748
0.10683
0.1699
0.56787
0.20966
0.53573
0.85171
0.21534
0.64499
0.063832
0.38842
0.47817
0.31894
0.35058
0.11983
0.11361
0.098945
0.31921
0.084485
0.089483
0.44677
0.51368
0.22332
0.96131
0.40141
0.15154
0.89894
0.077386
0.1183
0.20411
0.12683
0.18429
1.088
0.091905
0.13367
0.1602
0.070777
0.47554
1.6557
0.18872
0.38204
0.11601
0.093932
0.27825
0.10268
0.41308
0.69586
0.56632
0.80559
1.1296
0.061191
0.24914
0.18452
0.81304
0.19637
0.69761
0.13658
0.61825
0.2215
0.70145
0.28701
0.635
0.16452
0.34526
0.14483
0.20498
1.2232
0.10476
0.18347
0.52118
0.754
0.09047
0.17282
0.3589
0.10909
0.086195
0.88183
0.14766
0.29332
0.57373
0.081197
0.97034
0.54548
0.54152
0.14386
0.4605
0.7671
0.42424
0.12861
0.07264
0.097301
0.19244
0.25814
0.20912
0.089667
1.0527
0.50064
1.1778
0.052956
0.31511
0.18724
0.13981
0.16437
1.2388
0.21206
0.1449
0.40006
0.24169
0.10109
0.20341
0.074524
0.58949
0.9479
0.12503
0.11461
0.53463
0.29605
0.075773
0.32452
0.18152
0.092738
0.40114
0.92534
0.33326
0.086815
1.1084
0.16777
0.17341
0.11101
0.13744
0.1544
0.18769
0.085632
0.12334
0.1747
0.52175
0.11385
0.54428
0.068785
0.17033
0.083295
0.88388
0.56269
1.1013
0.79065
1.0174
0.50878
0.95737
0.17337
0.1071
0.11839
0.40857
0.15514
1.1745
0.094309
0.091792
1.1783
0.083341
0.46854
0.14571
0.095708
1.0184
0.16346
0.53388
0.44014
0.91429
0.11902
1.009
1.2907
1.1806
0.12928
0.26682
0.12317
0.096999
0.23476
0.11101
0.17127
0.082494
0.49485
0.093478
0.4782
0.31448
0.14422
0.62938
1.45
1.2018
0.12825
0.22014
0.12927
0.32009
0.078364
1.137
0.35114
0.33712
0.18325
0.18508
0.077149
0.74692
1.4256
0.57834
0.25929
0.90274
0.12884
0.72242
0.16959
0.20927
0.54837
0.66596
1.0655
0.72214
0.19603
0.14604
0.50067
0.12386
0.11308
0.17372
0.37933
0.89336
0.48923
0.77606
0.22075
0.32911
0.52813
0.19063
0.13683
1.0207
0.81759
0.37482
0.48318
0.41119
0.09246
1.0565
0.15802
0.33052
0.1583
0.12607
0.47265
0.41626
0.92936
0.19333
0.13496
0.98685
0.20741
0.067988
0.1131
0.64745
0.13061
0.86804
0.53583
1.0996
0.71242
0.98848
0.11175
1.3137
0.11716
0.14626
0.74417
0.20024
0.28262
0.47725
0.48025
0.17316
0.85176
0.24325
0.19443
0.88006
0.63736
0.11923
0.3332
1.0127
1.1201
0.30903
0.12663
0.099402
0.24462
0.1956
0.65389
0.075228
0.24753
0.21048
0.43656
0.63639
0.37199
0.075769
0.109
0.40179
0.21841
0.088962
0.14599
0.52075
0.31834
0.341
0.45734
0.21007
0.26174
0.19382
0.98046
0.92934
0.11206
0.11508
0.12504
1.0949
0.28915
0.11054
0.3424
0.14625
0.56196
0.43529
0.14795
0.077593
0.13661
0.14599
0.16712
0.14637
0.13549
0.3451
0.086953
0.68115
0.55295
0.73203
1.2769
0.4547
0.27361
0.49979
0.095586
0.6572
0.71384
0.23973
0.38934
0.12074
0.28295
0.3564
1.1012
0.10353
0.13548
0.21197
0.15792
0.68799
0.98726
0.79257
0.72078
0.44906
0.68851
0.74621
0.090166
0.12601
0.062886
0.073864
0.30129
0.12935
1.5436
1.6358
0.24875
0.15206
0.15972
0.30141
0.44293
1.3288
0.52723
0.83224
1.1077
0.17752
0.081189
0.090833
0.27007
0.14604
0.32779
0.16734
0.43177
0.2045
0.098288
1.7052
0.43809
0.23293
1.2001
0.52414
0.42589
0.34706
0.22813
0.60976
0.12637
0.30587
0.09123
0.1697
1.0302
0.12647
0.44078
0.4736
0.24441
0.20419
0.38092
0.31569
0.16059
0.14001
0.27661
0.36908
0.13258
0.1644
0.29301
0.12516
0.10746
0.23224
0.67436
0.26402
0.11584
0.97092
0.13293
1.4636
0.62948
0.67006
0.33789
0.20655
1.2253
0.082386
0.69635
0.23026
0.37741
0.4979
0.091305
0.62522
0.54794
0.37126
0.11584
0.13571
0.25486
0.20331
0.32223
0.14846
0.30165
0.19941
0.36856
0.48388
0.1064
1.3094
0.37622
0.5615
0.073204
0.18997
0.3814
1.0114
0.074916
0.092168
0.20398
0.072381
1.2102
0.61676
0.54455
0.63967
0.6729
0.12391
0.34484
0.1655
0.16214
0.44838
0.13847
0.17257
0.16574
0.39114
0.27734
0.087789
0.32809
0.87543
0.16601
1.0038
0.094316
0.15686
0.27527
0.089988
0.27847
0.24956
0.09478
0.12656
0.84269
0.41012
0.081282
0.06139
0.17913
0.35229
0.08275
0.66012
0.28075
0.14988
0.44442
0.77177
0.23109
0.082797
0.88308
0.168
1.428
1.0261
0.069609
0.094268
1.1676
0.22094
0.21473
0.1472
1.1466
0.21295
0.21452
0.20637
0.17242
0.19015
0.098852
0.59535
0.16027
1.1123
0.36114
0.12562
0.11812
0.42049
0.18549
1.3535
1.1948
0.14193
0.14109
0.42465
1.2653
0.11675
0.06684
0.29103
0.48394
0.085385
0.12036
0.068672
0.63414
1.2007
0.1597
0.49686
1.1594
0.30323
0.17608
0.23001
0.37864
0.41882
0.13334
0.27379
0.38113
1.1494
0.30239
0.098147
0.097955
0.23003
0.91648
0.2219
0.29888
0.27
0.48672
0.12122
0.4321
0.36374
1.2307
0.28643
0.064365
0.6137
0.68754
0.6404
1.09
0.76098
0.27287
0.073652
0.069773
0.70855
0.19265
0.1283
0.17243
0.091926
1.1446
0.073454
1.132
0.11256
0.12761
1.1339
0.58149
0.17646
0.30214
1.1239
0.69401
0.1882
0.15185
0.14022
0.13577
0.24239
0.26309
0.49142
0.059922
0.84817
0.18485
0.13438
0.11828
0.88578
0.90437
0.11788
0.21858
1.047
0.14508
0.3995
0.10628
0.092743
0.35988
0.17328
0.10578
1.2428
0.11253
0.16219
0.67574
0.25328
0.37884
0.25063
0.15199
0.98743
0.1532
0.065407
0.25925
0.49064
1.1568
0.16918
0.069952
0.40672
0.76243
0.10117
0.42458
0.090245
0.16975
0.14846
0.33553
0.85597
0.16795
0.11628
0.30513
0.37279
0.077618
0.092949
0.12739
0.17174
0.24346
0.28953
0.50166
0.60546
1.0712
0.12724
0.10704
0.14622
0.30992
0.12826
0.43554
0.37942
0.14422
0.27249
0.11381
0.54383
0.12837
0.42076
0.39678
0.69985
1.2765
1.0594
1.1972
0.25211
0.38311
0.53648
0.17087
0.16478
0.092121
0.28624
0.16604
0.43404
0.75257
0.61017
1.1551
0.17404
0.93348
0.57198
0.34965
0.54643
0.66144
1.1017
0.22216
0.088026
1.1059
0.10371
0.77875
1.1073
0.52435
0.29959
0.7165
0.13285
0.73246
0.092206
0.51793
0.49192
0.47419
1.1747
0.80797
0.40836
0.22496
0.47118
0.13098
0.1902
0.065501
0.09639
0.87164
0.21959
0.30902
0.076616
0.12678
0.34665
0.13303
0.31527
1.0797
0.10545
0.15211
0.68102
0.85763
0.93553
0.36204
0.12082
0.48389
0.24041
0.3865
0.11648
0.77462
0.26621
0.54392
0.28062
0.77899
0.34038
0.1441
0.076262
0.13974
0.31826
0.16999
0.17264
0.55158
0.22438
0.33591
0.10721
0.38287
0.93264
0.8669
0.15648
0.47815
0.13492
0.09976
0.16835
1.1698
0.19147
0.25406
0.10548
0.4742
0.14556
0.36817
0.092401
0.11356
0.30939
0.22155
1.6337
0.090826
0.097622
0.11139
0.40113
0.11577
0.33799
0.5875
0.78925
0.16551
0.68096
0.12598
0.97688
0.095995
0.72034
0.11603
0.58137
0.78638
0.16507
0.39065
0.072321
0.56768
0.19704
0.80924
0.16
0.29063
0.72284
0.14864
0.2096
0.2013
0.14143
0.24195
0.068667
0.14897
0.5589
0.64788
0.61232
0.12976
1.0362
1.3288
0.48845
0.54166
0.11778
0.48604
0.12115
0.40276
0.17049
0.12505
0.28549
0.13487
0.28371
0.76611
0.7268
0.23479
0.092079
0.12022
0.079498
0.30057
0.20692
0.13067
0.0688
0.13032
0.35135
0.082259
0.76781
0.25
1.171
0.55223
0.16048
0.52878
0.097599
0.99144
0.25496
0.11616
0.32004
0.58605
0.94059
0.097299
0.11897
0.1344
1.2411
0.7383
0.5476
0.42132
0.13758
0.079444
0.066089
0.13541
0.18017
1.5313
0.14121
0.17316
0.15848
0.081268
0.070333
1.2787
0.28224
0.18495
0.88836
0.27116
0.14671
0.2249
1.0631
0.15022
0.52798
0.35297
0.42543
0.30368
0.70681
1.1595
0.39052
0.46582
0.1891
0.12396
0.24695
0.28222
0.089242
0.35946
0.21353
0.22517
0.069691
0.11877
1.0622
0.37
0.17337
0.97338
0.10966
0.90993
0.48948
0.1689
0.80063
0.46099
0.14299
0.12984
1.2453
0.11946
0.21605
0.081322
0.18798
0.20774
0.32053
0.54909
0.12235
0.36211
0.11863
0.35011
1.0879
0.67234
0.11129
1.6799
0.93156
0.33714
0.2617
0.42944
1.5138
1.0852
1.1599
0.33551
0.15995
1.1342
0.46944
0.39663
0.30313
1.3581
0.5002
0.21197
0.1576
0.19938
0.20688
0.81841
0.10458
0.092983
1.1412
0.61564
0.54095
0.24862
0.55353
0.23501
0.48654
1.1602
0.25607
0.28301
0.26262
0.71082
0.82947
1.3053
0.16405
0.44557
0.13697
0.66932
0.091363
0.28901
0.11166
1.0466
0.099447
0.38462
0.12927
0.22487
0.070716
0.93673
1.0278
0.71054
0.13959
0.48318
0.99334
0.075591
0.41846
0.83178
0.22523
0.10279
1.2929
0.49748
0.15916
0.19098
0.97455
1.1824
1.2289
0.60231
0.14275
0.34453
0.55619
0.1895
0.21126
0.48685
0.066314
1.25
0.21258
0.47137
1.0795
0.98503
0.27104
0.095924
0.37943
0.070281
0.67484
0.08068
0.28198
0.19678
0.077269
0.26272
0.096668
0.12829
0.15571
0.06841
1.6626
0.15588
0.28435
0.33616
0.26021
0.083312
0.22111
0.21024
0.14644
0.22893
0.13831
0.52579
0.54184
0.15614
0.85806
0.087968
0.34325
0.095966
0.62395
0.54871
0.16148
0.10231
0.98452
0.18737
0.48953
0.059963
0.10421
1.0254
1.059
0.20431
0.76891
1.7745
0.29439
0.12647
0.33009
0.071467
0.26734
0.91164
0.26886
0.33132
0.36443
0.97141
0.30392
0.6989
0.17577
0.093129
0.093915
0.12356
0.17743
0.26439
0.1836
0.49499
0.24766
0.58182
0.42954
0.40204
0.096556
0.18341
0.53175
0.34616
0.31337
0.94297
1.2229
0.1121
0.85097
0.10667
0.082679
1.1803
0.19072
0.11049
0.1154
0.29735
0.76267
0.087575
0.46983
0.77798
1.0856
0.28464
0.34836
1.2712
1.0889
0.068814
0.20079
0.11134
0.90509
0.14514
0.33762
0.19444
0.69129
0.54373
0.25939
0.30217
1.0638
0.67519
0.72221
0.10878
1.1329
0.17965
0.80739
0.33322
0.78721
0.65019
0.11587
0.74082
0.51044
0.50539
1.2845
0.25774
0.51677
0.29603
0.10417
0.26771
0.12042
0.12895
0.084277
0.26535
0.17823
0.097771
0.084096
1.1744
0.095433
0.12496
0.095953
1.505
0.14707
0.064875
1.139
0.29958
0.62106
0.51026
1.4298
0.57933
1.1151
0.34333
0.36391
0.11117
0.55437
0.22958
0.080787
0.40601
0.064456
0.13848
1.0027
0.27685
0.10302
0.09285
0.76291
1.0197
0.19989
0.51438
0.14157
0.1767
0.70299
0.090891
0.91072
0.27925
0.11923
0.15449
0.2888
0.085806
0.083015
1.072
0.14721
0.80802
0.095743
0.10359
0.95306
0.64133
0.8119
0.64085
0.24895
0.59488
1.0536
0.39577
0.34444
0.2396
0.42908
0.26024
0.11287
0.61706
0.64801
1.2069
1.1057
0.17439
0.15006
0.080336
0.81135
0.16694
1.1849
0.88238
0.065397
0.12166
0.36126
1.5935
0.10736
0.10322
0.093637
0.95534
0.8869
0.65463
0.43474
0.80642
0.15659
0.10801
0.11647
1.0958
0.10371
0.12959
0.1169
0.10593
0.20951
0.14836
0.46354
0.18217
0.20255
0.45508
0.40618
1.1185
0.11847
0.95181
0.12303
0.20495
0.23707
0.14246
0.83553
1.2112
0.97368
0.3582
0.81717
0.15224
0.98544
0.91979
0.19573
0.14307
0.24315
0.32647
0.75562
0.22372
0.54829
1.0475
0.16301
0.29599
0.14069
0.98966
0.26383
1.4768
0.082004
0.90788
0.44225
0.13825
0.10313
0.10291
0.59987
0.25255
0.74333
0.10449
0.14226
0.064306
0.25812
0.2607
1.223
0.38392
0.53106
0.26121
0.68221
0.14305
0.12649
0.31548
0.68084
1.0696
0.52909
0.090005
0.092219
0.13456
0.31855
0.71668
0.33888
0.15832
1.1147
0.099201
0.14962
0.086381
0.21592
0.1461
0.11722
0.90496
1.0551
0.082278
0.16043
0.13613
0.25462
1.0106
0.93261
0.34037
0.86157
0.46324
0.24999
0.36162
1.0817
0.2995
0.1578
0.22339
0.091758
0.38017
0.18282
1.0592
0.078872
0.21772
0.2371
0.85582
0.23266
1.2622
0.39458
0.36558
0.19118
1.1358
0.54857
0.15554
0.18049
0.66795
0.26271
0.085044
0.11173
0.42835
0.78816
0.44054
0.18545
0.091207
1.0244
0.23896
0.23416
0.17899
0.074725
0.11242
0.094841
0.29415
0.15831
0.077163
0.67743
0.082106
0.27264
0.18648
0.23125
0.81782
0.79711
1.1987
1.2757
0.74224
0.15366
0.55382
0.18215
0.24748
0.09719
0.55511
0.23167
0.62597
1.2096
0.2121
0.44086
0.91808
0.2955
1.4514
0.83755
0.37575
1.106
0.18674
0.12197
0.65295
1.3958
1.0902
0.16633
0.18302
0.10956
1.1585
1.3521
0.90797
0.33286
0.15487
0.57863
0.1431
0.56473
0.13427
0.76239
0.15843
0.069931
0.79911
1.73
0.26376
0.4401
0.7609
0.096398
0.83647
1.2607
1.2724
0.31014
0.11404
0.71607
0.36513
0.084391
0.24453
0.59478
0.12523
0.90818
0.088126
0.091778
0.1176
0.96446
0.52296
0.097084
0.15759
0.5108
0.53649
0.077198
0.50537
0.082778
0.50388
0.36203
1.4096
0.63041
0.54945
0.92292
0.12835
0.15261
0.10501
0.14624
0.14584
0.3673
0.84327
0.16104
0.13063
0.10584
0.091937
0.12659
0.074566
0.74775
1.0156
0.085514
0.58255
0.3562
0.27447
0.11203
0.15273
0.4169
0.091638
1.0971
0.094754
0.16077
0.25531
0.59992
0.08174
0.20582
0.20104
0.29211
0.37458
0.56118
0.68037
0.83049
0.33627
0.44641
0.26308
1.1499
0.10194
0.90014
0.97627
0.72672
0.078752
0.099329
0.4516
0.94201
0.19909
0.7333
0.19042
1.5377
0.075621
0.13774
0.20433
0.59196
0.77215
1.0268
0.23923
0.33927
0.1572
0.13376
0.78368
0.35236
0.063913
0.35111
0.14684
0.15119
0.1629
0.16753
0.090962
0.20822
0.86502
0.26584
0.29989
0.35186
0.18077
0.3491
0.28614
0.080123
0.53473
0.53563
0.11658
0.90598
1.1217
0.32072
1.0768
0.09973
0.3684
1.0636
0.066452
0.27595
0.79603
0.11089
0.16045
0.28559
0.15557
0.33691
0.069485
1.6649
0.28774
0.09294
0.67132
0.3104
0.59767
0.8597
0.16514
0.14044
0.12174
1.1358
0.46656
0.42443
0.11139
1.1473
0.096645
0.1381
1.2579
0.70544
0.10948
0.34159
0.080758
0.076312
0.27667
0.14667
0.9813
0.22247
0.65915
0.12821
0.17911
0.52547
0.64706
0.25796
0.53051
0.13501
0.64018
0.39287
0.38487
0.52712
0.10653
0.12305
0.61696
0.39804
0.20103
0.66447
0.17897
1.2342
0.1239
1.1223
0.20049
0.11739
0.097888
1.1862
0.069932
0.34507
1.1584
0.080782
0.22293
0.40685
0.094312
0.33338
0.14166
1.6108
0.1082
1.501
0.12662
0.42591
0.30942
0.98963
0.32934
0.17128
0.42589
0.49484
0.36378
0.27834
0.77166
0.96295
0.46106
0.25366
0.83154
0.091996
0.28415
0.19467
0.21306
0.40625
0.074675
1.1818
0.12007
0.33898
0.59658
0.37514
0.57562
0.90034
0.10135
0.15886
0.17244
0.14402
0.38589
0.10381
0.44762
0.78537
0.92355
1.0055
0.38212
0.43642
0.073686
0.099516
0.34335
1.2113
0.17004
0.65624
0.30648
0.89622
0.91715
0.72282
0.56592
0.21092
0.79117
0.11837
0.096947
0.1499
0.44406
0.14706
1.1284
0.17314
0.24034
0.33417
0.1687
0.15371
1.0224
0.24495
0.56266
0.08704
0.10257
0.43469
0.19229
0.085101
0.40881
0.21488
0.40654
0.99224
0.28152
1.1656
0.1065
0.10891
0.20952
0.37606
0.15854
0.88678
0.33768
0.069769
0.2335
0.3137
0.57257
0.9111
0.075772
0.2427
0.31618
0.10913
0.062273
0.15288
0.077558
0.33517
0.086062
1.167
0.37265
0.17423
0.28544
0.18128
0.15936
0.17464
0.5643
0.1317
0.073241
0.090585
0.11214
0.16943
0.26253
0.27854
0.72422
0.72633
0.58967
0.067037
0.10322
0.11234
0.7024
0.20582
0.1515
0.19691
0.61071
0.51947
0.27096
0.49252
0.42411
0.14149
0.23646
0.13165
0.14584
0.47918
0.65393
0.16403
0.90314
0.11996
0.43765
0.23427
1.148
0.35956
0.1901
0.13868
0.24066
1.2087
0.55436
0.74506
0.15844
0.061458
0.36504
0.095984
0.081368
0.17333
0.20054
0.69756
0.2941
0.23284
0.3508
0.11149
0.19124
0.21176
0.88268
0.74083
0.3386
0.2954
0.1395
0.10095
0.49755
0.20719
0.86691
0.11115
0.24332
0.2615
0.26378
0.10646
0.97299
0.52859
0.8249
0.073001
0.25847
1.0903
0.83251
0.30162
0.34465
0.24557
0.71522
1.1122
0.29585
0.44029
0.12473
0.19363
0.17653
1.2022
0.52203
0.073951
0.1059
0.48013
0.19637
0.14175
1.3053
0.24824
0.10093
1.0428
0.61199
0.065846
0.19964
0.12032
0.40421
1.1088
0.18071
0.1224
0.56989
0.50902
0.47578
1.216
0.083954
0.19163
0.12603
0.15731
0.69722
0.23911
0.21429
0.13642
0.97668
0.3519
0.12548
0.16655
0.126
0.10263
0.4603
0.13551
0.32836
0.24822
0.55824
0.84963
1.1794
0.25898
0.229
0.31034
0.14592
0.35178
0.17485
0.98593
0.10808
0.4977
0.73766
0.34299
0.40174
0.1201
0.93849
0.27814
0.97176
0.14003
1.1625
0.066403
0.40898
0.15226
0.32273
0.15901
1.254
0.56476
0.14584
1.0963
0.52681
0.064494
0.13178
0.22238
0.16036
0.081668
0.67889
0.41006
0.90973
0.16635
0.077727
1.16
0.12293
0.31483
0.189
0.29994
0.52707
0.081967
0.13061
0.1119
0.65212
0.12183
0.22672
0.22316
0.88963
1.1588
0.18169
0.38978
0.92184
0.091029
0.45677
0.72715
1.2178
0.17539
1.2367
0.084789
0.1103
0.82334
0.12032
0.10406
0.12223
0.23077
0.090898
0.084523
0.074611
0.0799
0.18009
0.98393
0.15846
0.83283
0.30897
0.66807
0.1058
0.83785
0.23618
0.081945
0.46841
0.52629
0.17526
0.11211
1.0044
0.10384
0.22469
0.075353
0.099786
1.2775
0.43642
0.11341
0.095378
0.20703
1.2352
0.36641
0.11791
0.11257
1.3577
0.12778
0.82747
0.10702
0.12043
0.1529
0.094189
0.10939
0.29098
0.15268
0.24383
0.25542
0.093041
0.19452
0.07228
0.34699
0.17994
0.6499
0.16176
0.3936
0.56363
0.96037
0.54459
0.27777
0.17582
0.14259
0.19577
0.44818
0.98661
0.085664
0.14423
1.1802
0.4141
0.76299
0.11023
0.12946
0.99818
0.41174
0.16088
1.0297
0.40281
0.097719
1.0205
0.56058
0.91668
0.98921
1.0894
0.39308
1.1577
0.14875
0.4737
0.11589
0.16122
0.69814
0.25624
0.53857
0.62893
1.498
0.33484
0.13407
0.89102
0.45291
0.24524
0.44783
0.22954
0.14399
0.42783
0.30493
0.1708
1.1199
0.2992
0.080865
0.25582
0.072798
0.72978
0.20465
0.93894
0.15746
1.2695
0.16475
0.62151
0.12798
0.69294
0.05882
0.63127
0.208
0.12195
0.41813
0.14675
0.1048
0.5321
1.1614
0.82012
0.13322
0.24872
0.4695
0.92141
0.11724
0.51877
0.10103
0.17781
0.173
1.0956
0.45236
0.21389
0.09538
0.89287
0.27049
1.5655
0.20362
0.21482
0.089658
1.2134
0.13915
0.16413
0.19259
0.95533
0.21608
0.27489
0.19046
0.1751
0.60755
1.2064
1.3134
0.078275
0.39941
0.072638
0.39066
0.55628
0.79208
0.7741
0.13249
0.56141
1.1741
0.17048
0.24845
0.97094
0.37272
0.40782
0.19827
0.097121
0.51885
0.10424
0.092301
0.12684
0.83383
0.11544
1.1434
0.059935
0.087268
0.21888
0.12908
0.98404
0.20835
0.3641
1.138
0.16031
0.52728
0.40276
0.43678
0.28997
0.99156
1.0373
0.32866
0.17013
0.39339
0.16764
0.58293
1.1752
0.55886
0.13598
0.48674
0.10701
0.18621
0.31778
0.9946
0.077999
0.44811
0.93338
0.33937
0.42899
0.96967
0.33215
0.10973
1.1756
0.085113
0.45285
0.11087
0.90267
0.92867
1.1187
0.95905
0.18043
0.18942
0.90816
0.24793
0.17801
0.35615
0.52554
0.31403
0.21248
0.10297
0.34706
0.23412
0.11225
0.07107
0.5149
1.013
0.19845
0.10064
0.64365
0.12233
0.13488
0.68291
0.29593
0.46432
0.57135
0.14028
0.18611
0.53563
0.086847
0.98636
0.12148
0.16412
0.28418
0.63363
0.40932
0.062935
0.20486
0.18633
0.093468
0.17748
0.68843
1.615
0.33055
0.096272
1.2492
0.87779
1.4029
1.0139
0.16931
1.5769
0.25652
0.17821
0.20322
0.84919
0.09339
0.81174
0.1197
0.3677
0.82542
0.25507
0.17039
1.0358
0.34079
0.57475
1.0119
0.14413
0.38514
0.47316
0.10452
0.36772
1.2395
1.124
0.11656
0.58551
0.15139
0.46247
0.12899
0.14998
1.031
0.43651
0.082334
1.3142
0.092559
0.12293
1.0315
0.37067
0.47288
0.30941
0.3602
0.16344
0.55934
0.34852
0.48324
0.25888
0.27589
0.9751
0.81505
0.83197
0.34516
0.18541
0.64813
0.074321
0.16089
0.61173
0.17296
1.4358
0.68651
0.1071
0.11778
1.507
0.15939
0.14109
0.44385
0.1364
0.78688
0.33767
0.098079
0.83765
0.3162
0.17314
0.11662
0.091615
0.10823
0.10725
0.75564
1.0794
0.68893
0.076806
0.097097
0.44418
0.94819
0.61142
0.071723
0.077493
0.24264
0.49359
0.75098
0.23527
0.28317
0.78184
0.099189
0.53651
0.18407
0.81788
0.60199
1.0788
0.20764
0.47524
0.10063
0.083891
0.26894
1.0688
0.11253
0.12695
0.83357
0.21886
0.54338
0.74432
0.11923
0.092713
0.063889
0.20087
0.24167
0.094188
0.22727
0.16719
0.092992
1.0531
0.50933
0.14239
0.13608
0.43631
1.3223
0.5389
0.14577
0.20315
0.72121
0.083701
0.22299
0.23034
0.42373
0.46483
0.084785
0.36055
0.67611
0.089142
0.27754
0.11133
0.14872
0.51686
0.2912
0.23554
0.6503
0.11984
0.8343
0.24572
0.961
0.34814
0.13793
0.25986
0.67288
0.85553
0.099674
0.26607
0.72249
0.50791
1.2833
0.7665
0.13915
0.75451
0.51923
0.34844
0.27414
0.36548
0.40749
0.075616
0.51681
0.50483
0.23801
0.14169
0.29623
0.50869
0.75621
0.16723
0.095861
0.2843
0.49203
0.30149
0.33087
0.96246
0.48056
0.1606
0.18706
0.36724
0.65709
0.10244
0.077793
0.14514
0.39105
0.17287
0.17515
0.18867
0.1001
0.17182
0.13432
0.62639
0.37066
0.12828
0.45879
1.0938
0.15046
1.2575
0.11152
0.58753
0.12447
0.10676
0.10507
0.96076
0.44775
0.90098
0.3706
0.15489
0.16871
0.10916
1.2651
0.18346
0.13143
0.77265
0.095252
0.15713
0.18347
0.086602
0.29475
0.12443
0.090436
0.44426
0.38572
0.39934
0.16389
1.3053
0.65948
1.156
0.36062
0.074421
0.62331
0.2105
0.15003
0.21855
0.09493
0.34157
0.35589
0.14666
0.54264
0.094936
0.11269
0.2737
1.2039
0.08797
0.42595
0.23582
0.18376
0.70331
0.36756
0.10057
0.23788
0.10549
0.32062
0.071856
0.55619
0.17796
0.67591
0.35564
0.079482
0.20516
0.60956
0.34086
0.10142
0.14522
0.1503
0.099403
0.52721
0.84047
0.1039
0.58703
0.23927
1.0716
0.96354
0.56733
0.68959
0.72616
0.63046
0.23638
1.2122
1.2421
0.15089
0.71972
0.23953
0.69624
0.15141
0.78026
0.37603
1.0382
0.64719
0.29845
0.22903
0.4007
0.66624
0.14826
0.93086
0.2469
0.27267
0.21665
0.62974
0.8087
0.90486
0.18823
0.27023
0.94271
0.47896
1.1188
0.11609
0.27417
0.29562
0.76618
0.12677
0.36726
0.1185
1.1451
0.1791
0.085379
0.67489
0.26628
0.080975
0.30808
0.25157
0.92925
0.39794
0.67156
0.16926
0.10164
0.10763
0.30652
0.34138
0.29668
0.10355
0.26433
0.30468
0.11055
0.27819
0.19531
0.27781
0.26988
1.6857
0.46124
0.098059
1.149
0.33279
0.20671
0.68299
0.59819
0.52218
0.086759
0.15166
0.91981
0.068613
0.1668
0.089348
0.91179
1.3003
0.59426
1.2053
0.15861
0.30449
0.24578
0.087832
0.12356
0.26142
0.87658
0.84142
0.26534
0.15498
1.2497
0.70941
0.18823
0.22522
0.10497
0.23844
0.81588
0.42581
0.20137
0.41532
1.1264
0.13769
1.063
1.0275
0.91204
0.79037
0.32941
0.20315
1.0035
0.77678
0.85304
0.24513
0.26856
0.35935
0.12285
0.66404
0.43711
0.15048
0.25939
1.1292
0.23761
0.50965
0.42003
0.15341
0.31057
0.11356
0.13786
0.73998
0.081369
0.11829
0.51288
0.13819
0.12778
0.26011
0.23137
0.56927
0.13063
1.0479
0.31285
0.36519
0.27892
0.22334
0.098672
1.0259
0.26504
0.623
0.11167
0.351
0.46384
1.576
0.39127
0.16653
0.6093
0.23814
0.78196
0.11628
0.89981
0.24226
0.15468
0.71794
0.12334
0.17313
1.1142
0.21637
1.0531
0.1749
0.26112
0.13698
0.0873
0.80988
0.12566
0.34412
0.17151
0.81845
1.2313
0.24373
1.1864
0.90716
0.11425
0.94969
0.3657
0.32937
0.14854
0.13182
0.33689
0.34792
0.092617
0.41689
0.71836
0.76207
0.21559
0.13885
0.62145
1.0497
0.42839
0.80841
0.49047
0.78743
0.64217
1.1024
0.081939
0.6703
0.97492
0.91767
1.0264
0.53514
1.0719
0.090619
0.1091
0.079954
0.14177
0.17961
0.86734
0.16973
0.67594
1.2241
1.3498
0.91724
0.10981
0.92311
0.24325
1.1945
0.5605
0.32844
0.099865
0.35726
0.19423
0.078087
0.15465
0.10873
0.074682
0.073588
0.26973
0.35687
0.12082
0.37379
0.1585
0.32932
1.0983
0.22267
0.47652
0.20356
0.17247
0.15064
0.2452
0.18218
0.98369
0.070833
0.11231
0.73728
0.45554
0.39599
0.10779
0.23344
0.4124
0.37638
0.40694
0.12725
0.99222
0.4159
0.31877
0.48376
0.59438
0.26879
0.3748
0.10683
0.1699
0.56787
0.20966
0.53573
0.85171
0.21534
0.64499
0.063832
0.38842
0.47817
0.31894
0.35058
0.11983
0.11361
0.098945
0.31921
0.084485
0.089483
0.44677
0.51368
0.22332
0.96131
0.40141
0.15154
0.89894
0.077386
0.1183
0.20411
0.12683
0.18429
1.088
0.091905
0.13367
0.1602
0.070777
0.47554
1.6557
0.18872
0.38204
0.11601
0.093932
0.27825
0.10268
0.41308
0.69586
0.56632
0.80559
1.1296
0.061191
0.24914
0.18452
0.81304
0.19637
0.69761
0.13658
0.61825
0.2215
0.70145
0.28701
0.635
0.16452
0.34526
0.14483
0.20498
1.2232
0.10476
0.18347
0.52118
0.754
0.09047
0.17282
0.3589
0.10909
0.086195
0.88183
0.14766
0.29332
0.57373
0.081197
0.97034
0.54548
0.54152
0.14386
0.4605
0.7671
0.42424
0.12861
0.07264
0.097301
0.19244
0.25814
0.20912
0.089667
1.0527
0.50064
1.1778
0.052956
0.31511
0.18724
0.13981
0.16437
1.2388
0.21206
0.1449
0.40006
0.24169
0.10109
0.20341
0.074524
0.58949
0.9479
0.12503
0.11461
0.53463
0.29605
0.075773
0.32452
0.18152
0.092738
0.40114
0.92534
0.33326
0.086815
1.1084
0.16777
0.17341
0.11101
0.13744
0.1544
0.18769
0.085632
0.12334
0.1747
0.52175
0.11385
0.54428
0.068785
0.17033
0.083295
0.88388
0.56269
1.1013
0.79065
1.0174
0.50878
0.95737
0.17337
0.1071
0.11839
0.40857
0.15514
1.1745
0.094309
0.091792
1.1783
0.083341
0.46854
0.14571
0.095708
1.0184
0.16346
0.53388
0.44014
0.91429
0.11902
1.009
1.2907
1.1806
0.12928
0.26682
0.12317
0.096999
0.23476
0.11101
0.17127
0.082494
0.49485
0.093478
0.4782
0.31448
0.14422
0.62938
1.45
1.2018
0.12825
0.22014
0.12927
0.32009
0.078364
1.137
0.35114
0.33712
0.18325
0.18508
0.077149
0.74692
1.4256
0.57834
0.25929
0.90274
0.12884
0.72242
0.16959
0.20927
0.54837
0.66596
1.0655
0.72214
0.19603
0.14604
0.50067
0.12386
0.11308
0.17372
0.37933
0.89336
0.48923
0.77606
0.22075
0.32911
0.52813
0.19063
0.13683
1.0207
0.81759
0.37482
0.48318
0.41119
0.09246
1.0565
0.15802
0.33052
0.1583
0.12607
0.47265
0.41626
0.92936
0.19333
0.13496
0.98685
0.20741
0.067988
0.1131
0.64745
0.13061
0.86804
0.53583
1.0996
0.71242
0.98848
0.3021
0.94286
0.46444
0.18431
0.74555
0.72289
0.15021
0.34151
0.086956
0.073067
0.087018
0.64173
0.49095
0.24721
0.087993
1.0818
0.25035
0.34503
0.1097
1.0128
0.28263
0.51067
0.8469
0.58168
0.15939
0.13187
0.22469
0.13781
0.66312
0.33115
0.29827
0.087597
0.89302
0.12095
0.43473
0.97954
0.3396
0.11413
0.09623
0.11675
0.19701
0.16694
0.26174
0.19382
0.19751
0.065922
0.39276
0.95817
0.25053
1.0818
0.25497
1.1388
0.24304
0.60431
0.15038
0.21568
0.60649
0.077593
0.9996
0.10377
0.52224
0.20069
0.57292
0.30035
0.14248
1.0771
0.080854
0.75121
0.20705
0.089983
0.98081
0.15231
0.70996
0.083866
0.96114
0.23973
0.79494
0.25332
1.0773
0.083976
0.43802
0.17285
0.14271
0.85092
1.0795
0.7718
0.17377
0.12912
0.2319
0.097848
1.2795
0.23393
0.088892
0.33244
0.25306
0.54364
0.23596
0.3299
0.15849
0.69211
0.95669
0.26386
0.64993
1.0284
0.44293
0.74285
0.52723
0.1187
0.086266
0.1519
0.11329
0.1655
0.1685
0.14604
0.29147
0.12252
0.57613
0.8726
0.13717
1.7052
0.092764
0.57479
0.10107
0.52414
0.42589
1.0549
0.8249
0.60976
0.26357
0.49542
0.5798
0.1191
0.12983
0.18721
0.11367
1.0886
0.1543
0.22583
0.17404
0.38138
0.1394
0.095469
0.27661
0.77139
0.11961
0.37899
1.0016
0.12516
1.4481
0.31428
0.23739
0.10078
0.30256
0.66749
0.15141
0.18521
0.080154
0.31576
0.52652
0.93043
0.23957
0.61722
0.14202
0.18376
1.1593
0.18004
0.29022
0.26726
0.34674
0.11897
0.095862
0.93585
0.11138
0.17973
0.092011
0.11409
0.26071
0.166
0.65973
0.1117
0.18105
1.0368
1.0373
0.25051
0.54148
0.54961
0.11169
0.12049
0.11705
0.092168
0.15992
0.17668
1.2102
0.17748
0.93571
0.72742
0.6729
1.1808
0.14124
0.1059
0.68495
0.89542
0.31549
0.13035
0.20756
0.39114
0.091615
0.087789
0.18831
0.20019
0.30011
0.075292
1.2114
0.55599
0.12543
0.56793
1.0192
0.24956
0.123
0.47933
0.27474
0.20569
0.91563
0.16314
0.10256
0.63207
0.15492
0.20479
1.1915
0.077052
0.6594
0.65201
0.22935
0.83742
0.46401
0.74186
1.428
0.24613
0.097713
0.11572
0.19463
0.13726
0.77924
0.21743
0.35496
0.50091
0.62033
0.1388
0.11509
0.19015
0.65777
0.14105
0.90182
1.0473
0.53704
0.20438
0.095919
0.60065
0.18549
1.0574
0.5683
0.31898
0.361
0.42465
0.15711
0.17349
0.13159
0.19823
0.090146
0.13745
0.12824
0.76541
0.33925
0.72969
0.73282
0.58706
1.1594
0.98783
0.17608
0.66586
0.12058
0.082457
0.13334
0.94162
0.20933
0.15724
1.2291
0.077612
0.23684
0.23003
0.2611
0.78791
1.0779
0.3243
1.0416
0.12122
0.36085
0.36374
0.9121
0.13376
0.064365
0.1951
0.68754
0.62882
1.0015
0.76098
0.24448
0.20083
0.13736
0.075164
1.108
0.91194
0.098321
0.091926
0.19693
0.073454
0.61742
1.1594
0.11499
0.20897
0.35001
0.33926
0.12442
0.22921
0.35101
0.67436
0.19492
0.51711
0.1311
0.1037
0.16162
1.066
0.13225
0.40641
0.093053
0.10506
0.3701
0.13875
1.1308
0.10256
0.22064
0.44142
0.1214
0.46473
0.57882
0.092743
0.68716
0.11819
0.093435
1.2428
0.56814
0.18385
0.84089
0.25328
0.72531
1.0991
0.37444
0.33641
0.57077
0.065407
0.25925
0.34632
1.1812
0.54063
1.3329
0.10806
0.11439
0.10117
0.42458
1.002
0.16975
0.43356
0.4163
0.60397
0.96369
0.27625
0.09554
1.2453
0.085073
0.62531
0.12739
0.30882
0.24346
0.068783
0.30824
0.085744
1.1121
0.055434
0.12266
0.18078
0.18281
0.13341
0.23937
0.19768
0.1668
1.1106
0.80436
0.19364
0.13348
0.20349
0.11821
0.22531
1.2765
1.0594
0.57484
0.20205
0.093281
0.23307
0.5551
0.62267
0.1566
0.072114
0.38118
0.28325
0.23964
0.56067
0.12001
0.21711
0.24293
0.92249
0.28832
0.12083
0.76379
0.246
0.17985
0.14746
0.24815
0.25598
0.3885
0.12952
0.13379
0.96015
0.7165
0.98694
0.12262
0.57542
0.13925
0.81957
0.19034
0.15808
0.80797
0.17978
0.131
0.37688
0.11569
0.83392
0.1348
0.095419
0.17939
0.34305
0.093158
1.5475
0.54944
0.097548
0.66753
0.1318
0.10879
0.37151
0.59948
0.093696
0.35622
0.26977
0.30822
0.12082
0.97707
0.17781
1.2676
0.19448
0.60318
1.4498
0.65518
0.13531
0.066555
0.49373
0.16617
0.19415
0.5495
0.51295
0.16999
0.29524
0.25933
0.43073
0.13166
0.17808
0.24093
0.82509
0.16578
1.0447
0.67748
0.70085
0.18711
0.13477
0.21631
0.084637
1.0196
0.10548
0.58089
0.32705
0.89231
0.32874
0.17419
0.85597
0.11521
0.19672
0.13368
0.095761
0.3508
0.40113
0.70304
0.11979
0.5875
0.78925
0.17299
0.14317
0.15843
0.21917
0.082561
0.06371
0.103
0.26078
0.10249
0.41841
0.99209
0.13534
0.083387
0.19145
0.13108
0.093774
0.37702
0.1842
0.43846
0.062595
0.32696
0.22132
0.20161
0.56888
0.22152
0.99219
0.48901
0.083571
0.97458
0.70641
0.15594
0.62645
0.74547
0.71088
1.1133
0.70024
0.11596
1.0385
0.12505
0.71661
0.37158
1.0237
0.73936
0.18858
1.1307
0.16193
0.078564
0.11533
0.25524
0.20692
0.078295
1.2247
0.53123
0.15383
0.15421
0.67632
1.1085
0.27386
0.55223
0.16048
0.091546
0.2502
0.096486
0.25496
0.14146
0.18673
0.24124
0.94059
0.097299
0.21016
0.1344
0.34888
0.17835
0.57243
0.28488
0.081776
0.14607
1.3306
0.18359
0.86335
0.69097
0.26048
0.30859
0.29599
0.081268
0.29892
0.2037
0.15439
0.39318
1.0385
1.1022
0.33158
0.17223
0.16038
0.36413
0.93422
0.4342
0.29959
1.0181
0.21621
1.0989
0.19874
0.99622
0.17162
0.40779
0.19741
0.16396
0.10514
0.68666
0.77513
0.6904
0.14401
0.071691
0.4368
0.37
0.24163
0.68979
0.3959
0.071716
0.48948
0.28073
0.13228
0.73893
0.28277
0.32533
0.40908
0.7552
0.31192
0.24378
0.091511
0.14245
0.4688
0.83808
0.61217
1.0984
0.32599
0.1643
0.099668
0.40847
0.11129
0.987
0.17759
1.0346
0.2617
0.61499
1.1871
1.2282
0.13928
0.62335
0.098267
0.60825
0.13489
0.76043
0.2456
0.073219
0.5002
0.40542
0.84491
0.9267
0.20688
0.81841
0.94865
0.29252
0.34513
0.40937
0.76386
0.6956
0.71415
0.64431
0.48654
0.62887
0.28102
0.42145
0.21523
0.24431
0.081112
0.57938
0.21867
1.0875
0.61854
0.34918
0.61878
0.28901
0.16896
0.77939
0.1339
0.37286
0.095231
0.18631
0.2522
0.11779
0.10266
0.81331
0.13312
0.10601
0.40885
0.89261
0.41846
0.17245
0.36696
0.37522
0.81371
0.14593
0.18755
1.1506
0.74073
0.1078
0.32589
0.092369
0.35553
0.34453
0.88899
0.28246
0.98414
0.098136
0.43982
1.2627
0.24948
0.28937
0.3
0.98503
0.08259
0.15427
0.67822
0.16452
0.15351
0.089839
0.089567
0.25381
0.08876
0.72987
0.096668
0.84038
0.70485
0.62588
0.40454
0.49645
0.42475
0.64366
1.6793
0.20828
0.72541
0.39935
0.60789
0.17402
0.12183
0.52579
0.15019
0.089341
1.4869
0.63333
0.38644
0.2778
0.48886
0.36698
0.36357
0.10231
0.28319
0.56292
0.48953
0.13775
0.19265
0.11462
0.075162
1.1441
0.11869
1.0984
0.29439
0.4972
0.082578
0.16635
0.085993
0.08848
0.36333
0.13422
1.1348
0.17498
0.80375
0.87218
0.20118
1.074
0.15749
1.2088
0.4881
0.17232
0.11106
0.073003
0.28771
0.58182
0.12241
0.93713
0.091277
0.12013
0.22036
0.44939
0.22912
0.12908
0.64809
0.95645
0.47796
0.82584
0.29955
0.15734
0.18195
0.081113
0.70061
0.11276
0.15747
0.18199
0.46983
0.15673
0.25874
0.12922
0.3267
0.32766
0.30287
0.068814
0.20079
0.094468
0.116
0.090611
1.4552
0.089552
0.27961
0.86378
0.23402
0.086201
0.18621
0.67519
0.20187
1.2481
0.47852
1.2602
0.60605
0.61466
0.18121
0.44836
0.10444
0.16832
0.1089
0.44386
0.94485
0.34882
0.9381
1.4737
0.21364
0.090229
0.84891
0.19276
0.8164
0.11996
0.17823
0.20693
0.4368
0.74654
0.99462
0.87321
0.4064
0.075008
0.11171
0.19177
0.18819
0.078045
0.1407
0.18194
1.4298
0.57933
0.56691
0.2483
1.1059
0.076961
1.1532
0.11659
0.4164
0.27127
0.1731
0.41735
0.17083
1.1249
0.074364
0.24653
0.10258
0.74484
0.9068
0.17382
1.0901
0.1767
0.24475
0.13548
0.43218
0.17895
0.30482
0.20762
0.15251
0.11204
1.2949
0.74471
0.90209
0.096434
0.16837
1.2253
0.42148
0.19875
0.21659
0.57888
0.16708
0.8056
0.12313
0.086022
0.85157
0.15072
0.11856
0.10463
0.59892
0.092554
1.1419
0.19973
0.94372
0.15839
0.3729
0.23464
0.17336
0.19689
0.21002
0.27116
0.097055
0.42205
0.25592
0.083622
0.23291
0.18235
0.86066
0.95534
0.079197
0.14905
1.1782
0.30715
0.17678
0.75915
0.84804
1.0958
0.71971
0.56081
0.25435
0.19936
0.2021
0.18836
0.1142
0.18217
0.64722
0.077717
0.13227
0.55751
0.17556
1.3128
0.11053
0.099461
0.14275
0.2415
0.18951
0.070201
1.7602
0.19118
0.08365
0.15224
0.47272
0.99796
0.19573
0.33834
0.23386
0.49848
0.19202
0.5381
0.12445
0.10376
0.25576
0.094952
0.98954
0.26674
0.382
0.80012
0.082004
0.90788
0.1763
0.27333
0.66621
0.45317
0.096294
0.2635
0.22816
0.25319
0.12073
0.069065
0.68978
0.19959
0.33652
0.61202
0.070237
0.28879
1.2281
0.14305
0.50928
0.45213
0.52839
0.36509
1.6292
0.098262
0.3639
1.212
1.0879
0.27569
0.093265
0.27161
0.61148
0.94401
0.16103
0.086381
0.21592
0.30881
0.071641
0.12144
0.29073
0.1671
0.16043
0.19919
0.13642
0.41762
0.57787
0.69039
0.085938
0.61853
0.20753
0.36162
0.26983
0.63846
0.063966
0.22339
0.98214
0.69455
0.22357
0.064663
0.16705
0.13398
0.17159
0.077112
0.75482
0.65814
0.15246
0.3478
0.11315
0.10402
0.79175
0.1827
0.42457
0.11893
1.1644
0.12617
0.36565
0.084292
0.78816
0.44054
0.1259
0.084833
0.13112
0.23896
0.10418
0.80844
0.086061
0.33661
0.83877
0.16025
0.15937
0.32618
1.1143
0.9511
0.23722
1.3139
0.15425
1.3057
0.79711
1.1987
0.40751
0.74224
0.066998
1.2037
0.18215
0.1081
0.32072
0.43452
0.084047
0.095305
0.23568
0.13986
0.14926
0.089705
0.10376
0.90971
0.52001
0.16758
0.21956
0.16007
0.29963
0.13196
0.16974
1.0902
0.16478
0.32377
0.63521
1.1585
0.30015
0.90797
0.596
0.12326
1.1003
0.30327
0.64731
0.2376
0.20996
0.36767
0.098833
0.21321
0.43721
0.92091
0.4401
0.7609
0.096398
0.83647
0.078236
0.16584
0.22838
0.31415
0.14779
0.12229
0.25879
0.82625
0.2522
0.11063
0.1745
0.075149
0.33064
0.13979
1.0935
0.19078
0.77413
0.24282
0.14571
0.96252
0.37559
0.14189
0.082778
0.76216
0.42498
0.3958
0.11415
0.73784
0.079487
0.077963
0.15261
0.46364
0.68283
0.73483
0.9438
0.081013
0.35462
0.088986
0.5496
0.13663
0.12659
1.0242
0.32783
0.84645
0.13325
0.15554
0.95572
0.38279
0.13435
0.15273
0.38504
0.69048
1.0971
0.094754
0.16077
0.36088
0.15003
0.52184
0.1872
0.37067
0.30446
0.49084
0.42894
0.39388
0.55229
0.41874
1.0403
0.45535
1.1651
0.2028
0.25332
0.34155
0.13536
0.10437
0.087702
1.1313
0.63443
0.42131
0.21422
0.13022
0.94093
0.57926
0.16999
0.97694
0.47401
0.40399
1.0268
0.085789
0.17084
0.64187
0.40865
1.6228
0.10573
0.58434
0.21666
0.49893
0.11294
0.49483
0.16777
1.2665
1.1732
0.51716
0.10028
0.11689
0.43702
0.81479
0.084713
0.36525
0.75051
0.67693
1.193
0.33183
0.90598
0.75717
0.18429
1.0768
0.16969
0.29362
1.0636
0.18246
0.27595
0.13869
0.49777
1.4702
0.83143
0.23934
0.29635
0.38277
0.11084
0.41744
0.09836
0.45319
0.098348
0.45074
0.25902
0.16054
0.14044
0.12174
1.1358
0.41251
0.24506
0.92481
0.11285
0.096645
0.62229
1.0622
1.0983
1.1826
0.14625
0.1634
0.10916
0.23242
1.0856
0.46015
0.22247
0.17524
0.29916
0.11774
0.25311
0.18872
0.533
0.077723
0.43666
0.39242
0.61126
0.088321
0.52712
0.19318
0.56472
0.19277
0.39804
0.20103
0.78027
0.21375
0.48651
0.1239
0.27402
0.1551
0.18926
0.35154
0.15247
0.1509
0.34507
0.11499
0.23089
0.38154
0.094473
0.10318
0.32679
0.90848
0.23793
0.1082
0.7915
0.12662
0.35026
0.78273
0.2005
1.0808
0.10917
0.69968
0.49484
0.36378
0.1652
0.48769
0.83814
0.46106
0.56807
0.33428
0.24571
0.28393
0.13467
0.37747
0.40625
0.088655
1.1818
0.61767
0.48472
0.12552
0.14839
0.1868
0.21405
0.18232
1.1706
0.27226
0.16793
0.38589
0.1324
0.44762
0.078223
0.74555
0.42872
0.49027
0.57834
0.32984
0.24726
1.3757
0.12424
0.10865
0.2125
0.28273
0.24132
0.22748
0.23684
0.25545
0.21092
0.13438
0.11837
0.2085
0.2661
0.14779
0.48114
1.1284
0.17314
1.3608
0.1417
0.14516
0.53493
0.13299
0.14263
0.38334
0.08704
0.19717
0.4236
0.24634
0.089426
0.78684
0.21488
1.0007
0.18812
0.62213
0.75841
1.238
0.55841
0.40669
0.37606
0.091418
1.1771
0.11563
1.147
1.0151
0.099835
0.83897
0.12246
0.36763
0.13273
0.28219
0.13841
1.0033
1.0091
0.077558
0.13532
1.1738
0.15578
0.56251
0.61774
0.39792
0.39225
0.12327
0.41795
0.65848
0.17274
0.10069
0.50301
0.53456
0.1688
0.32901
0.089215
0.19861
0.10015
0.14424
0.58936
0.094614
0.35872
1.1571
0.29068
0.7048
0.51735
1.309
0.061176
0.18895
0.20127
0.41498
1.0726
0.085503
0.93052
0.86707
0.84774
0.93035
0.96879
0.11998
0.1499
0.17984
0.78994
1.1553
0.179
0.064187
0.090315
0.89535
0.77543
0.24334
0.13826
0.13014
0.98068
0.37567
0.095984
0.6818
0.17333
0.55401
0.45589
0.2941
0.21122
0.96339
0.5976
0.28171
1.2298
0.16667
0.12722
0.15243
0.10448
0.11734
0.099943
0.81501
0.086888
1.1262
1.1041
0.12475
0.10348
0.69166
1.0496
0.09659
0.33432
0.8249
0.21937
0.25847
0.1981
0.42661
0.29545
0.085625
1.1206
0.16778
0.12422
0.42387
0.28419
0.47151
0.6979
0.20577
0.26883
0.31853
0.1561
0.79128
0.52702
0.24236
0.23872
0.1353
0.47175
0.86505
0.68327
0.50894
0.17589
0.17864
0.12172
0.40421
0.19803
1.131
0.3017
0.77872
0.50902
0.47578
0.33142
0.17871
0.65892
0.17787
0.25881
0.47073
0.30781
0.26727
0.53784
0.11973
1.0576
1.1425
0.16655
0.16112
0.13887
0.4603
1.1006
0.1128
0.1975
1.2954
0.66076
0.067723
0.6365
0.16664
1.0475
0.24029
0.39573
0.17485
1.1177
1.1207
0.20335
0.37322
0.81226
0.27907
0.1406
0.87724
0.13268
0.98501
0.14003
0.068093
0.066403
0.19988
0.095747
0.83913
0.70366
0.10851
0.35574
0.19612
0.68858
0.082291
0.12253
0.12072
0.63794
0.9886
0.68523
1.1448
0.16193
0.69033
0.11516
0.93194
0.12227
0.18293
0.32069
0.28439
0.1762
0.34897
0.23004
0.13061
0.75141
0.65212
0.63909
0.21927
0.29607
0.18497
1.1588
0.14246
0.12455
0.92184
0.17747
0.35267
0.23244
0.21133
0.39197
0.14359
0.084789
0.36186
1.1146
0.18874
0.12456
0.22705
0.12852
0.12518
0.1873
0.20429
0.12494
0.97109
0.5492
0.86594
1.0262
0.26219
0.86124
0.10637
0.10299
0.98099
0.219
0.1315
0.29504
0.25917
0.13524
1.2276
0.13616
0.29536
0.6587
0.1065
0.25831
0.092509
0.48619
0.30585
0.53856
0.20837
0.06313
0.16337
0.38449
0.13812
0.15374
0.6635
0.75574
0.12451
0.27193
0.10288
1.0612
0.16612
0.10651
0.14689
0.13702
0.093041
0.19452
0.21749
0.34699
0.85651
0.11947
0.12465
0.3936
0.56363
0.13754
0.54459
0.17562
0.1255
0.1536
0.35494
0.19016
0.48262
0.14837
0.25671
0.40871
0.18923
0.15699
0.19602
0.12946
0.98616
0.41174
0.11827
0.85515
0.17271
0.56776
0.1727
0.1106
0.42203
0.17112
0.12526
0.46065
0.84747
0.065245
0.4737
0.2147
1.1392
0.29383
0.098069
0.28278
0.1174
0.60925
0.71737
0.1686
1.198
0.2289
0.10493
0.51078
0.22954
0.29047
0.4728
0.29482
0.33691
1.1199
0.2992
0.18533
0.67466
0.30637
0.40481
0.2701
0.099741
0.14601
1.2695
1.0706
0.13561
1.2731
0.36369
0.80123
0.22858
0.93104
0.62836
0.14228
0.14675
0.098063
0.28042
0.24285
1.1568
0.15689
0.35994
0.22012
0.21085
0.14871
0.10641
1.0812
0.19184
0.20167
0.27437
0.95551
0.079428
0.090967
0.89287
0.30385
1.2038
0.3732
0.3595
0.22785
0.86
0.36988
1.0454
0.20687
0.64846
1.2442
0.095206
0.3251
0.30242
0.41069
0.16434
0.080589
0.078275
1.3996
1.2893
0.88851
0.44471
0.25123
0.22289
0.10799
1.204
0.10951
1.2637
0.42317
0.11
0.25108
0.51653
0.41729
0.34198
0.67119
0.12067
1.2184
0.874
0.83383
0.12043
1.1775
1.6451
0.98447
0.12675
0.084723
0.30315
1.1528
0.3127
0.18617
0.10956
0.41259
1.0919
0.079948
0.65028
0.99156
0.61808
0.47568
0.22242
0.99366
0.58807
0.84488
0.13067
0.23934
0.8447
0.16112
0.19471
0.32609
0.19942
0.74072
0.34342
0.44811
1.0619
1.1669
0.26041
0.38449
0.58819
0.34582
0.20788
0.095922
0.26899
1.5729
0.3801
0.92867
0.10212
0.14058
0.60925
0.27363
0.2163
1.0494
0.55756
0.14167
0.24154
0.31403
0.14912
0.83521
0.26537
0.7014
0.11914
0.19235
0.62108
0.21652
1.0925
0.97148
0.39696
0.2336
0.081541
0.60311
0.15417
0.076204
0.079763
0.14028
0.11506
0.094374
0.097841
0.20937
0.92589
0.19754
1.0147
0.075816
1.2407
0.20637
0.47594
1.111
0.18301
0.85507
0.50826
0.096385
0.32844
0.1624
0.12405
0.12578
1.0628
0.066473
0.16931
0.29197
0.71757
0.21771
0.1353
0.2348
0.29032
0.091417
0.16656
0.14076
0.82542
0.23725
0.84972
0.69283
0.1754
0.57475
0.24716
0.31788
0.38009
0.34027
1.2046
1.3668
0.20903
0.39167
0.11656
1.0545
0.18409
0.19801
0.17176
1.3169
0.69269
0.41775
0.082334
0.11457
0.061085
0.16766
0.13499
0.18623
0.18767
0.2322
0.3602
0.14886
0.15022
1.2217
1.1815
0.48045
0.74534
0.70823
0.05661
0.11758
0.3027
0.18541
0.10219
0.29124
0.60066
0.61173
0.53555
0.13777
0.20075
0.14686
0.089764
1.2311
0.5707
1.2411
0.36731
0.12939
0.10289
0.54149
0.48164
0.67893
1.1586
0.10851
0.11662
0.091615
1.213
0.15862
0.50628
0.11298
1.1157
0.13802
0.19267
0.41888
0.079189
0.1296
0.071723
0.08164
0.43072
0.49359
0.083484
0.46547
0.22288
0.20826
1.4221
1.0412
0.18591
0.087432
0.28459
1.0788
0.20764
0.47524
0.10063
0.083891
0.26894
1.0688
0.11253
0.12695
0.83357
0.21886
0.54338
0.74432
0.11923
0.092713
0.063889
0.20087
0.24167
0.094188
0.22727
0.16719
0.092992
1.0531
0.50933
0.14239
0.13608
0.43631
1.3223
0.5389
0.14577
0.20315
0.72121
0.083701
0.22299
0.23034
0.42373
0.46483
0.084785
0.36055
0.67611
0.089142
0.27754
0.11133
0.14872
0.51686
0.2912
0.23554
0.6503
0.11984
0.8343
0.24572
0.961
0.34814
0.13793
0.25986
0.67288
0.85553
0.099674
0.26607
0.72249
0.50791
1.2833
0.7665
0.13915
0.75451
0.51923
0.34844
0.27414
0.36548
0.40749
0.075616
0.51681
0.50483
0.23801
0.14169
0.29623
0.50869
0.75621
0.16723
0.095861
0.2843
0.49203
0.30149
0.33087
0.96246
0.48056
0.1606
0.18706
0.36724
0.65709
0.10244
0.077793
0.14514
0.39105
0.17287
0.17515
0.18867
0.1001
0.17182
0.13432
0.62639
0.37066
0.12828
0.45879
1.0938
0.15046
1.2575
0.11152
0.58753
0.12447
0.10676
0.10507
0.96076
0.44775
0.90098
0.3706
0.15489
0.16871
0.10916
1.2651
0.18346
0.13143
0.77265
0.095252
0.15713
0.18347
0.086602
0.29475
0.12443
0.090436
0.44426
0.38572
0.39934
0.16389
1.3053
0.65948
1.156
0.36062
0.074421
0.62331
0.2105
0.15003
0.21855
0.09493
0.34157
0.35589
0.14666
0.54264
0.094936
0.11269
0.2737
1.2039
0.08797
0.42595
0.23582
0.18376
0.70331
0.36756
0.10057
0.23788
0.10549
0.32062
0.071856
0.55619
0.17796
0.67591
0.35564
0.079482
0.20516
0.60956
0.34086
0.10142
0.14522
0.1503
0.099403
0.52721
0.84047
0.1039
0.58703
0.23927
1.0716
0.96354
0.56733
0.68959
0.72616
0.63046
0.23638
1.2122
1.2421
0.15089
0.71972
0.23953
0.69624
0.15141
0.78026
0.37603
1.0382
0.64719
0.29845
0.22903
0.4007
0.66624
0.14826
0.93086
0.2469
0.27267
0.21665
0.62974
0.8087
0.90486
0.18823
0.27023
0.94271
0.47896
1.1188
0.11609
0.27417
0.29562
0.76618
0.12677
0.36726
0.1185
1.1451
0.1791
0.085379
0.67489
0.26628
0.080975
0.30808
0.25157
0.92925
0.39794
0.67156
0.16926
0.10164
0.10763
0.30652
0.34138
0.29668
0.10355
0.26433
0.30468
0.11055
0.27819
0.19531
0.27781
0.26988
1.6857
0.46124
0.098059
1.149
0.33279
0.20671
0.68299
0.59819
0.52218
0.086759
0.15166
0.91981
0.068613
0.1668
0.089348
0.91179
1.3003
0.59426
1.2053
0.15861
0.30449
0.24578
0.087832
0.12356
0.26142
0.87658
0.84142
0.26534
0.15498
1.2497
0.70941
0.18823
0.22522
0.10497
0.23844
0.81588
0.42581
0.20137
0.41532
1.1264
0.13769
1.063
1.0275
0.91204
0.79037
0.32941
0.20315
1.0035
0.77678
0.85304
0.24513
0.26856
0.35935
0.12285
0.66404
0.43711
0.15048
0.25939
1.1292
0.23761
0.50965
0.42003
0.15341
0.31057
0.11356
0.13786
0.73998
0.081369
0.11829
0.51288
0.13819
0.12778
0.26011
0.23137
0.56927
0.13063
1.0479
0.31285
0.36519
0.27892
0.22334
0.098672
1.0259
0.26504
0.623
0.11167
0.351
0.46384
1.576
0.39127
0.16653
0.6093
0.23814
0.78196
0.11628
0.89981
0.24226
0.15468
0.71794
0.12334
0.17313
1.1142
0.21637
1.0531
0.1749
0.26112
0.13698
0.0873
0.80988
0.12566
0.34412
0.17151
0.81845
1.2313
0.24373
1.1864
0.90716
0.11425
0.94969
0.3657
0.32937
0.14854
0.13182
0.33689
0.34792
0.092617
0.41689
0.71836
0.76207
0.21559
0.13885
0.62145
1.0497
0.42839
0.80841
0.49047
0.78743
0.64217
1.1024
0.081939
0.6703
0.97492
0.91767
1.0264
0.53514
1.0719
0.090619
0.1091
0.079954
0.14177
0.17961
0.86734
0.16973
0.67594
1.2241
1.3498
0.91724
0.10981
0.92311
0.24325
1.1945
0.5605
0.32844
0.099865
0.35726
0.19423
0.078087
0.15465
0.10873
0.074682
0.073588
0.26973
0.35687
0.12082
0.37379
0.1585
0.32932
1.0983
0.22267
0.47652
0.20356
0.17247
0.15064
0.2452
0.18218
0.98369
0.070833
0.11231
0.73728
0.45554
0.39599
0.10779
0.23344
0.4124
0.37638
0.40694
0.12725
0.99222
0.4159
0.31877
0.48376
0.59438
0.26879
0.3748
0.10683
0.1699
0.56787
0.20966
0.53573
0.85171
0.21534
0.64499
0.063832
0.38842
0.47817
0.31894
0.35058
0.11983
0.11361
0.098945
0.31921
0.084485
0.089483
0.44677
0.51368
0.22332
0.96131
0.40141
0.15154
0.89894
0.077386
0.1183
0.20411
0.12683
0.18429
1.088
0.091905
0.13367
0.1602
0.070777
0.47554
1.6557
0.18872
0.38204
0.11601
0.093932
0.27825
0.10268
0.41308
0.69586
0.56632
0.80559
1.1296
0.061191
0.24914
0.18452
0.81304
0.19637
0.69761
0.13658
0.61825
0.2215
0.70145
0.28701
0.635
0.16452
0.34526
0.14483
0.20498
1.2232
0.10476
0.18347
0.52118
0.754
0.09047
0.17282
0.3589
0.10909
0.086195
0.88183
0.14766
0.29332
0.57373
0.081197
0.97034
0.54548
0.54152
0.14386
0.4605
0.7671
0.42424
0.12861
0.07264
0.097301
0.19244
0.25814
0.20912
0.089667
1.0527
0.50064
1.1778
0.052956
0.31511
0.18724
0.13981
0.16437
1.2388
0.21206
0.1449
0.40006
0.24169
0.10109
0.20341
0.074524
0.58949
0.9479
0.12503
0.11461
0.53463
0.29605
0.075773
0.32452
0.18152
0.092738
0.40114
0.92534
0.33326
0.086815
1.1084
0.16777
0.17341
0.11101
0.13744
0.1544
0.18769
0.085632
0.12334
0.1747
0.52175
0.11385
0.54428
0.068785
0.17033
0.083295
0.88388
0.56269
1.1013
0.79065
1.0174
0.50878
0.95737
0.17337
0.1071
0.11839
0.40857
0.15514
1.1745
0.094309
0.091792
1.1783
0.083341
0.46854
0.14571
0.095708
1.0184
0.16346
0.53388
0.44014
0.91429
0.11902
1.009
1.2907
1.1806
0.12928
0.26682
0.12317
0.096999
0.23476
0.11101
0.17127
0.082494
0.49485
0.093478
0.4782
0.31448
0.14422
0.62938
1.45
1.2018
0.12825
0.22014
0.12927
0.32009
0.078364
1.137
0.35114
0.33712
0.18325
0.18508
0.077149
0.74692
1.4256
0.57834
0.25929
0.90274
0.12884
0.72242
0.16959
0.20927
0.54837
0.66596
1.0655
0.72214
0.19603
0.14604
0.50067
0.12386
0.11308
0.17372
0.37933
0.89336
0.48923
0.77606
0.22075
0.32911
0.52813
0.19063
0.13683
1.0207
0.81759
0.37482
0.48318
0.41119
0.09246
1.0565
0.15802
0.33052
0.1583
0.12607
0.47265
0.41626
0.92936
0.19333
0.13496
0.98685
0.20741
0.067988
0.1131
0.64745
0.13061
0.86804
0.53583
1.0996
0.71242
0.98848
0.4277
0.74266
0.32408
0.29008
0.14915
1.1068
0.17722
0.44379
0.45836
0.073067
0.15109
0.094007
0.10958
0.068745
0.60786
0.10018
0.097101
0.34503
1.2711
0.68991
0.11481
0.11641
0.41787
0.19998
0.34445
0.20862
0.13837
0.45991
0.14342
0.13936
0.29827
1.057
0.89302
0.12875
0.19399
0.89636
0.58615
0.29052
0.1631
0.19333
0.19701
0.20763
0.077562
0.58821
0.14631
0.1843
1.2553
0.47189
0.26279
0.85478
1.1164
0.12265
0.34694
0.075283
0.1582
0.12937
0.11319
0.18028
0.33655
0.7558
0.57347
0.23806
0.63824
0.39491
0.2561
0.10143
0.97578
0.2047
0.086999
0.40524
0.98081
0.25018
0.1012
0.083866
0.96114
0.30945
0.15148
0.25332
0.072975
0.48123
1.0946
0.78533
0.13116
0.48407
1.0795
0.23863
0.60194
0.15444
0.23841
0.22499
1.2795
0.3382
0.53696
0.14322
0.13233
0.1221
0.18943
0.7263
0.24798
0.76964
0.67471
0.26386
0.24634
0.84235
0.12972
0.79647
1.0486
0.53849
0.41987
0.47354
0.36604
1.1143
0.99315
0.39096
0.29843
0.47753
0.090388
0.16005
0.77346
0.36165
0.19136
0.13771
0.097162
0.26615
1.2537
1.0549
0.2471
0.092199
0.18011
0.54176
1.0463
0.17189
0.12876
0.18721
1.1621
1.0978
0.14735
0.3579
0.097355
0.3062
0.16669
1.0227
0.40403
0.10476
0.34675
0.69812
0.25026
0.19106
1.4481
0.84463
1.1238
0.10078
0.3541
0.408
0.50504
0.15292
0.18623
0.31576
0.80847
0.54198
0.092292
0.11401
0.30603
0.21693
1.1593
0.27016
0.38935
0.26977
0.77581
0.08649
0.27589
0.66468
0.13318
0.13135
1.2291
0.56423
0.80904
0.070949
0.13858
1.0833
0.35381
0.22951
1.0373
0.31942
0.79731
1.0803
0.093513
1.3403
0.21939
0.34188
0.16204
0.35712
0.082388
0.17748
0.71941
0.34422
0.10272
1.1808
0.17041
1.2552
0.12252
0.11988
0.28421
0.95192
0.18595
0.39114
0.19906
0.087789
0.16565
0.089836
0.10918
0.29908
0.15979
0.55599
0.13592
0.56793
0.18665
0.99639
0.083251
0.84102
0.3888
0.10332
0.085152
0.73669
0.10525
0.19944
1.0343
0.14003
0.24495
0.077052
0.154
0.20088
0.10294
0.42749
0.14785
0.10406
1.1729
0.46686
0.3377
0.11572
0.56144
0.089668
0.26895
0.21743
0.35496
0.15012
0.62033
0.1388
0.16297
0.16463
0.23052
0.20257
0.24632
1.0473
0.78852
0.31252
0.64503
0.26044
0.50155
0.1311
0.71034
0.14986
0.31562
0.49107
0.6639
0.17349
0.8893
0.38099
0.61231
0.90547
0.29272
0.76458
0.17572
1.547
0.16797
0.25997
0.68716
0.084119
0.61069
0.13402
0.086282
0.90592
0.13334
1.1267
0.2556
0.11582
0.099194
0.20777
1.2073
0.2184
0.2611
0.0619
0.38615
0.13679
0.3344
0.12346
0.18773
0.36374
0.7239
0.21209
0.52368
0.1735
0.26409
1.1587
1.0015
0.8849
0.18338
0.45019
0.099527
0.11378
0.10571
0.34722
1.1106
0.8117
0.11373
1.2245
0.33012
0.11
0.063613
0.097596
0.47774
0.12472
0.48773
0.67916
0.35101
0.13418
0.19492
0.2005
0.099585
0.29024
0.1855
0.17114
0.16974
0.58114
1.5858
0.1551
0.17114
0.13875
0.75313
0.73842
0.23596
0.20647
0.31599
0.31979
0.091141
0.29184
0.82501
0.70419
0.38574
1.2428
0.37504
0.33469
0.27459
0.97843
0.59389
1.6719
0.26576
0.33641
0.084514
0.065407
0.50325
0.11711
0.15787
0.38361
0.22618
0.95274
0.077853
0.20141
1.0674
0.20177
0.54068
1.2436
0.64175
0.1614
0.091621
0.19231
0.09907
0.39301
0.06148
0.38076
0.35374
0.73833
0.064551
0.40709
0.10157
0.91019
1.1121
0.16372
0.92018
0.18078
0.17037
1.2352
0.25175
0.090929
0.55798
1.0422
0.21739
0.11993
0.13348
1.0144
0.45152
0.35295
0.26813
1.3512
0.66279
0.72921
0.15242
0.71866
0.23288
0.23406
0.91924
0.1989
0.34164
0.10465
0.1115
0.36965
0.11782
0.11509
0.081059
0.53724
0.11314
0.16942
0.35346
0.81632
0.10172
0.31672
1.1835
1.2691
0.3885
0.45538
0.32027
0.26939
1.5439
0.217
0.20847
1.2729
0.37686
0.07538
0.072474
1.0747
0.26917
0.68056
0.14827
0.10414
0.29325
0.83392
0.1348
0.12722
0.17892
1.2173
0.093158
0.8683
0.77334
0.25821
0.66753
0.12664
0.61717
1.0181
0.15993
0.58802
0.13314
0.85414
0.088086
0.12082
0.6627
0.11904
0.46573
0.068857
0.50314
0.12005
0.25065
0.26267
0.11334
0.18949
0.21682
0.41353
0.80883
0.084635
0.10619
0.29524
0.1962
0.51907
0.089359
0.12894
0.26201
0.54619
0.113
0.9232
0.61932
0.23841
0.18711
0.84079
1.6201
1.2437
1.0196
0.13817
0.084601
0.41501
0.20085
0.58817
0.27978
0.33373
0.11521
0.09042
0.17246
0.095761
0.56735
0.10637
0.70304
0.2865
0.30294
0.27237
0.60535
0.38207
0.61529
0.23511
1.0745
0.17297
0.087062
0.27935
0.4634
0.31617
0.47107
0.3098
0.92536
0.097912
0.39199
0.40134
0.37702
0.12342
0.82613
0.13374
0.24901
0.16679
1.1261
0.12004
0.14235
0.99219
0.57369
0.083571
0.083734
0.15908
0.47379
0.20723
0.09979
0.6221
0.75006
0.3389
0.10664
0.39387
0.433
0.71661
0.40397
0.22993
0.089888
0.29508
0.9127
0.48498
0.080411
1.219
0.32609
0.13812
0.093569
1.2247
0.83608
0.11919
0.28729
0.16543
1.5447
0.19228
0.83172
0.097644
0.38362
0.11476
0.15854
0.56297
0.14146
0.39084
0.084041
0.13657
0.10658
0.1373
0.3777
0.41908
0.35413
0.22891
0.86855
0.081776
0.09761
0.15631
1.2604
0.66633
0.13643
0.071238
0.13783
0.28923
0.12968
0.3602
0.10822
0.13787
0.14917
0.16542
1.1022
0.17481
0.11958
0.087315
1.127
0.4111
0.41546
0.087602
0.21504
0.35027
0.96105
0.5582
0.18841
0.085861
0.077378
0.84276
0.31553
0.32716
0.94763
0.41267
0.51809
0.13544
0.56061
1.2896
1.0687
0.46534
0.37146
0.15369
0.91325
0.10615
0.41192
0.41111
0.090874
0.14212
1.169
0.32512
0.15832
0.25934
0.24378
0.36903
0.14245
0.095929
0.52389
0.18331
0.32327
1.0352
0.35119
0.24111
0.26717
0.11052
0.10786
1.1031
0.099487
0.38995
0.44261
0.08632
0.17669
0.44234
1.1081
0.63305
0.14235
0.88437
0.34311
0.2456
0.073219
0.35829
0.23247
0.84491
0.9267
0.20688
0.21251
0.11803
0.37583
0.29535
0.40937
1.0849
0.50316
0.55372
0.64431
0.11511
0.092613
0.080108
0.50516
0.4857
0.24431
1.1621
0.28836
0.14782
0.096656
0.089456
0.50269
0.36797
0.20608
0.12333
1.4729
0.70983
0.84032
0.095231
0.68559
0.19439
0.10579
0.40269
0.24176
1.1138
0.10601
0.86542
0.077797
0.6228
0.65002
0.25885
0.12785
0.81371
0.68371
0.18755
1.1506
0.12762
0.10455
0.13546
0.67856
0.061502
0.18592
0.4663
1.0469
0.91509
1.1318
0.66549
0.4144
0.52057
0.28937
0.080979
0.086967
1.113
0.37824
0.55427
0.16452
0.50194
0.062689
0.1626
0.15717
0.08876
0.14504
0.19852
0.44918
0.60294
0.77493
0.40454
0.20293
0.45174
0.082898
0.10517
0.39127
0.10782
0.35885
0.10324
0.3995
0.16808
0.617
0.15019
0.12482
0.16818
0.58841
1.0399
0.41069
0.26598
0.36698
0.36357
0.85734
0.8036
0.56292
0.48953
0.38301
0.57545
0.4311
0.83216
0.13619
0.2732
0.34788
0.08099
0.20115
0.50918
0.13009
0.21113
0.16264
0.15603
0.067659
1.1348
0.1162
0.43438
0.32885
0.08303
0.084043
1.1524
0.11327
1.091
0.27203
0.11717
0.10013
0.8438
0.48809
0.25601
0.16596
0.36047
0.46461
0.10573
1.2005
1.0849
0.30024
0.25265
0.26551
0.47796
0.094868
0.095417
0.075305
0.12101
0.069037
0.067256
0.33349
0.17221
0.18199
0.20293
0.35309
0.10052
0.25274
0.31511
0.64333
0.58664
0.14404
0.11276
0.1951
0.076168
0.64706
0.81651
0.11026
0.14308
1.03
0.091368
0.22518
0.4134
0.67519
1.0288
0.1655
0.10548
1.2602
0.60605
1.0549
0.60159
0.30763
0.15527
0.16469
0.24344
0.6309
0.14649
0.3681
0.67619
0.16211
0.16332
0.2501
0.82412
0.092284
0.073178
0.42568
0.97813
0.49954
0.58147
1.1059
0.07352
0.12169
0.34144
0.11743
0.37729
1.0271
0.44857
0.30949
0.062027
0.18194
0.16561
0.46691
0.67235
0.60346
0.41196
1.2006
0.26002
0.15413
0.73485
0.27144
0.10378
0.40527
0.81266
1.1733
1.2377
0.10293
0.25034
0.74484
0.24876
1.2633
1.0901
0.1767
0.091675
0.079741
0.38998
0.18831
0.12967
0.65514
0.52889
0.12661
0.18411
0.74471
0.90209
0.072322
0.36465
0.20717
0.1593
0.19875
1.0394
0.20263
0.20143
0.8056
0.18608
0.097956
0.42421
0.27869
0.96754
0.32724
0.17325
1.148
0.086074
0.19973
0.32145
0.17484
0.09641
0.10353
1.3068
0.35627
0.75586
0.36542
0.10419
0.27137
0.094742
0.29901
0.23291
0.73589
0.22212
0.56468
0.11424
0.31632
0.23927
0.35479
1.0954
1.0416
0.84804
0.28476
0.14286
0.18532
0.25435
0.072102
1.0686
0.81317
0.17362
0.25381
0.084717
1.1344
0.072532
0.44137
0.19669
0.30189
1.2517
0.099461
0.50664
0.2415
0.20253
0.085456
0.87422
0.25961
0.58942
0.072306
1.0861
0.15942
1.0144
0.23939
0.27046
0.35226
0.41786
0.072411
0.18984
0.49511
0.33836
0.66863
0.98954
1.3228
0.16438
0.10809
0.38306
0.70715
0.27045
0.36657
0.21132
0.2826
0.47538
0.26596
0.097219
0.20007
0.16654
0.069065
0.50661
0.14547
0.11088
0.25066
0.070237
0.1377
0.2846
0.58874
0.50928
0.44138
0.67916
0.27529
0.50657
1.3297
0.3639
0.17117
0.095198
1.1474
0.33596
0.1724
0.076505
1.0722
0.72041
0.71839
0.30517
0.83795
1.2191
0.57201
0.29073
0.65749
0.43398
0.19919
0.40585
0.77601
0.46451
0.69039
0.88982
0.21961
0.15327
0.093099
0.18871
0.63846
1.6889
0.32566
0.2075
0.096838
0.095457
1.1793
0.76278
1.0675
0.17159
0.23069
0.26127
0.19666
0.41358
0.57411
0.23262
0.23301
0.075669
0.70887
0.11924
0.39401
0.40339
0.078856
0.083131
0.29111
0.70648
0.18228
0.24371
0.17211
1.3153
0.36066
0.10686
0.69639
0.43611
0.66614
1.3092
1.58
0.24662
0.43479
0.18064
1.1462
0.23722
0.54441
0.26615
1.113
0.79711
0.10651
0.1227
0.22447
0.18587
0.77394
0.21956
0.1081
0.11844
0.43452
0.084047
1.1395
0.18117
0.13986
0.20622
0.12059
0.36331
0.086806
0.52001
0.068823
0.071596
0.096681
0.12601
0.18511
0.16974
0.32697
0.094489
0.32377
0.11754
1.1961
0.42166
0.18456
0.14245
0.51419
0.44097
0.11642
0.64731
0.074054
0.20103
0.10493
0.8365
0.45088
0.077803
0.59175
0.4401
0.17275
0.1425
0.83647
0.33889
0.68991
0.14351
0.57288
0.52083
0.096529
0.40438
0.82625
0.61246
0.17045
0.44725
0.5269
0.24747
1.2242
0.4917
0.30374
0.081944
0.11042
0.14571
0.11989
0.13856
0.16198
0.086413
1.1976
1.0397
0.29649
0.082989
0.94998
0.094614
0.077963
0.15261
0.46364
0.68283
0.43517
0.9438
0.089756
0.35462
0.51386
0.60095
0.13663
1.1381
0.23983
0.7844
1.0987
0.34875
1.0332
0.95572
1.684
0.45541
0.42811
0.38504
0.36961
0.13535
0.58343
0.44044
0.35966
0.12277
0.089
0.44169
0.068364
0.20571
0.083644
0.14938
0.69887
0.13622
0.43113
0.38816
1.2133
0.2517
0.10376
0.3489
1.542
0.10653
0.40897
0.14329
0.35341
0.2065
0.5536
1.1645
0.1747
1.1747
0.57926
0.3153
0.16549
0.18924
0.19001
1.3167
0.15056
0.3439
0.26948
0.68038
1.6228
0.60567
0.41764
0.41736
0.43026
0.31657
0.49483
0.89442
1.0394
0.18736
0.090615
0.12311
0.24734
0.35926
1.1185
0.077709
0.079131
0.081588
0.34348
0.3044
1.0737
0.26233
0.19568
0.18429
0.48868
0.16969
0.13497
0.083422
0.62529
0.56633
0.30413
0.64299
0.12525
1.1462
0.38026
0.59255
0.949
0.11084
1.2242
1.6294
0.31377
0.13068
0.47123
0.30039
0.07534
0.37631
0.082033
1.1358
0.17528
0.81922
1.1946
0.65731
0.26856
0.18939
1.0586
0.084566
0.16896
0.41479
1.2625
0.38472
0.12113
1.133
0.46034
0.23545
0.66188
0.62316
0.43752
0.13978
0.39826
0.3744
0.082903
0.43666
0.39109
0.61126
0.17047
1.0469
0.14974
0.92039
0.75074
0.14914
1.2677
1.2463
0.078106
0.48415
1.1896
0.27402
0.45332
0.18296
0.59634
0.54193
1.1954
0.2227
1.6149
0.8443
0.31272
0.22644
0.28971
0.090411
0.80059
0.60559
0.18428
0.85408
0.22409
0.58396
0.095965
0.15761
0.42184
1.1018
0.92295
0.5498
0.36378
1.4207
0.15845
0.39071
0.28087
1.1381
0.20082
0.11954
1.0737
0.20216
0.87472
0.40625
0.84009
0.1139
0.083319
0.14377
0.12778
0.24211
0.33016
0.30213
0.37649
0.098395
0.12074
0.1702
0.25109
0.065323
0.31051
0.35617
0.080916
1.1365
0.49027
0.23772
0.13616
0.15634
0.21338
0.11784
0.83433
0.2125
0.28273
0.22892
0.70423
0.29937
0.57585
0.7288
0.18213
0.31752
0.91517
0.46343
0.17567
0.19373
0.25499
0.26447
0.30054
0.10143
0.23125
0.1133
0.55536
0.57069
0.2381
0.08704
1.65
0.4236
0.57711
0.089426
0.4163
0.29768
0.12665
0.18812
0.085574
0.10276
0.15573
0.55841
0.40669
1.0806
0.054289
0.3222
0.16335
1.147
0.11236
0.099835
0.31741
0.43007
0.78785
0.11098
0.91245
0.26797
0.59178
0.062726
0.22873
0.088808
0.076131
0.18775
0.36365
0.26645
0.35735
0.39225
0.10615
0.81665
0.23008
0.071879
0.827
0.50301
0.78672
0.30543
0.15732
0.1293
0.45074
0.92135
0.086772
0.40667
1.284
0.15765
0.18306
0.143
0.7048
0.10995
1.309
0.26406
0.94784
0.25193
1.2263
0.36753
0.17693
0.93052
0.73131
0.24291
0.33756
0.57891
0.11998
0.13119
0.17984
0.47631
0.073381
0.179
1.1671
0.90714
0.24123
0.26573
0.24334
0.91178
0.34847
1.0447
0.45104
0.11522
0.39511
1.1841
0.55401
0.48442
0.2941
0.13217
0.086222
0.82499
1.1663
0.65209
0.21293
0.23636
1.0628
0.82249
0.11257
0.18852
1.1125
0.4097
0.1063
0.60286
0.13996
0.18444
0.11684
0.16161
0.11544
0.43182
0.8249
0.38697
1.0943
0.14278
0.10459
0.71511
0.12932
0.11468
0.31108
0.42275
0.98795
0.064456
0.20323
0.72699
0.30912
0.4746
0.71279
1.0968
0.79128
0.1311
0.097464
0.20199
0.28286
0.21219
0.92701
0.48554
0.33723
0.95696
1.2057
0.083183
0.12316
0.88711
0.66286
0.224
0.60738
0.15193
0.37653
0.28271
0.94501
0.67476
0.099539
0.25881
0.17864
0.57276
0.17996
0.41395
0.11973
0.42055
0.59015
0.40649
0.13486
0.2271
0.65226
0.13158
0.21031
0.1975
0.1789
0.4193
0.13407
0.20122
0.5769
0.38077
0.24029
0.10343
0.17485
0.25833
0.58749
0.0657
0.10012
0.4469
0.3426
0.4542
0.11008
0.70508
0.11861
0.15285
1.005
0.21216
0.98077
0.11072
0.27251
0.70366
0.44171
1.3417
0.31965
0.95873
0.19409
0.77562
0.17918
0.13502
0.9886
0.15666
1.1415
0.23364
0.38621
0.060893
0.23091
0.12227
0.18293
1.0823
1.1596
1.0364
0.19844
0.18378
1.3269
0.75141
0.25238
1.1011
0.33423
0.077241
0.11853
0.29773
0.81968
0.12455
0.92184
0.23059
0.19635
0.20895
0.73033
0.39197
0.24685
0.11135
0.36186
0.1737
0.10087
0.1469
0.1391
0.12852
0.17745
0.1507
0.9909
1.185
0.17499
0.32432
1.0208
0.070638
0.10875
0.93465
0.20698
0.10299
0.23269
0.49089
0.39949
0.29504
0.1739
0.12392
1.0527
0.30843
0.12247
0.13652
0.37678
0.31704
1.0242
0.63574
1.0942
0.091208
0.20837
0.17957
0.19025
0.81432
0.18678
1.7584
0.47633
0.75574
1.1014
0.23145
0.10288
0.31005
1.2648
0.87962
0.10802
0.41767
1.2426
0.17938
0.14398
0.50864
0.13228
0.2668
0.099063
0.3936
0.083
0.24865
0.30129
0.073587
0.76224
0.30436
1.1881
0.13757
0.30989
1.5308
0.10042
0.35481
0.098394
0.13195
0.50593
0.14758
0.15325
0.16322
0.10742
0.20209
0.64163
0.13268
0.1727
0.39
0.42203
0.20255
0.32512
0.50203
0.18717
0.90796
0.12006
0.61985
0.36502
0.46087
0.081896
0.5692
0.53322
0.12545
0.41973
0.17611
0.13024
0.22007
0.10493
1.1539
0.21192
0.98938
1.1144
0.24356
0.72924
0.10779
0.4621
0.39543
0.67434
1.0506
0.086449
0.20431
1.0366
1.4503
1.0943
0.65592
0.32479
0.15762
0.66448
0.30012
0.61604
0.14842
1.0036
0.37566
0.44601
1.2178
0.11085
0.31173
0.095675
0.35762
0.95296
0.22687
0.13385
0.20085
0.2855
1.0812
1.1169
0.27827
0.14451
0.17305
0.24153
0.090967
0.63119
0.33338
0.17252
1.1896
0.3595
0.22785
0.073742
0.44153
0.12702
1.1064
0.17607
0.26524
0.13237
0.15018
0.19712
0.18434
0.16666
0.3306
0.93718
0.19238
1.2893
0.32813
0.32723
0.60943
0.074104
0.88235
0.25527
0.13503
0.24462
0.42317
0.2922
0.25108
0.13814
0.12332
0.42149
0.12303
0.45494
0.073484
0.50618
0.45081
0.55662
1.1775
0.15043
0.094116
0.57916
0.71153
0.68942
1.2689
0.31022
0.79339
0.95126
0.26118
0.11043
0.57835
0.14762
0.55365
0.081944
0.10386
1.29
0.15089
1.136
0.50742
0.81586
1.0155
0.4982
0.38458
1.0408
0.35115
0.31892
0.22765
0.30445
1.4209
0.14394
0.1542
0.30517
0.21724
1.109
0.36757
0.99924
0.33346
0.48862
0.45139
0.4988
0.53962
0.7854
0.10683
0.41492
0.62552
0.3426
0.10185
0.17121
0.18472
0.075842
0.21354
0.17717
0.2481
0.26537
0.18201
0.34183
0.093744
0.62108
0.21652
0.10772
0.14797
0.28849
0.65423
0.11283
0.60311
0.072609
1.4766
0.23089
0.24899
0.23975
0.19669
0.10291
1.0736
0.92589
1.1031
0.26313
0.7168
0.18529
1.0926
0.13056
0.36786
0.74686
0.50295
0.78009
0.14334
0.2164
0.27175
0.16031
0.16998
0.21651
0.26417
0.93643
0.077281
0.081775
0.21771
0.57877
0.73602
0.67096
0.091417
0.14405
0.219
0.094
0.87521
0.216
0.55004
0.12741
0.35792
0.050272
0.16114
0.76982
0.24319
0.10957
0.99652
0.11957
0.19304
0.11301
0.063548
0.16518
0.22231
0.095654
0.078113
0.07658
0.073173
0.41639
0.20018
0.84209
0.11512
0.13499
0.18623
0.18767
0.29643
1.3318
0.34183
0.50813
0.19927
1.1815
0.48045
1.1406
0.11425
0.24098
0.089984
0.3027
0.18541
0.10219
0.29124
0.60066
0.61173
0.53555
0.13777
0.20075
0.14686
0.089764
1.2311
0.5707
1.2411
0.36731
0.12939
0.10289
0.54149
0.48164
0.67893
1.1586
0.10851
0.11662
0.091615
1.213
0.15862
0.50628
0.11298
1.1157
0.13802
0.19267
0.41888
0.079189
0.1296
0.071723
0.08164
0.43072
0.49359
0.083484
0.46547
0.22288
0.20826
1.4221
1.0412
0.18591
0.087432
0.28459
1.0788
0.20764
0.47524
0.10063
0.083891
0.26894
1.0688
0.11253
0.12695
0.83357
0.21886
0.54338
0.74432
0.11923
0.092713
0.063889
0.20087
0.24167
0.094188
0.22727
0.16719
0.092992
1.0531
0.50933
0.14239
0.13608
0.43631
1.3223
0.5389
0.14577
0.20315
0.72121
0.083701
0.22299
0.23034
0.42373
0.46483
0.084785
0.36055
0.67611
0.089142
0.27754
0.11133
0.14872
0.51686
0.2912
0.23554
0.6503
0.11984
0.8343
0.24572
0.961
0.34814
0.13793
0.25986
0.67288
0.85553
0.099674
0.26607
0.72249
0.50791
1.2833
0.7665
0.13915
0.75451
0.51923
0.34844
0.27414
0.36548
0.40749
0.075616
0.51681
0.50483
0.23801
0.14169
0.29623
0.50869
0.75621
0.16723
0.095861
0.2843
0.49203
0.30149
0.33087
0.96246
0.48056
0.1606
0.18706
0.36724
0.65709
0.10244
0.077793
0.14514
0.39105
0.17287
0.17515
0.18867
0.1001
0.17182
0.13432
0.62639
0.37066
0.12828
0.45879
1.0938
0.15046
1.2575
0.11152
0.58753
0.12447
0.10676
0.10507
0.96076
0.44775
0.90098
0.3706
0.15489
0.16871
0.10916
1.2651
0.18346
0.13143
0.77265
0.095252
0.15713
0.18347
0.086602
0.29475
0.12443
0.090436
0.44426
0.38572
0.39934
0.16389
1.3053
0.65948
1.156
0.36062
0.074421
0.62331
0.2105
0.15003
0.21855
0.09493
0.34157
0.35589
0.14666
0.54264
0.094936
0.11269
0.2737
1.2039
0.08797
0.42595
0.23582
0.18376
0.70331
0.36756
0.10057
0.23788
0.10549
0.32062
0.071856
0.55619
0.17796
0.67591
0.35564
0.079482
0.20516
0.60956
0.34086
0.10142
0.14522
0.1503
0.099403
0.52721
0.84047
0.1039
0.58703
0.23927
1.0716
0.96354
0.56733
0.68959
0.72616
0.63046
0.23638
1.2122
1.2421
0.15089
0.71972
0.23953
0.69624
0.15141
0.78026
0.37603
1.0382
0.64719
0.29845
0.22903
0.4007
0.66624
0.14826
0.93086
0.2469
0.27267
0.21665
0.62974
0.8087
0.90486
0.18823
0.27023
0.94271
0.47896
1.1188
0.11609
0.27417
0.29562
0.76618
0.12677
0.36726
0.1185
1.1451
0.1791
0.085379
0.67489
0.26628
0.080975
0.30808
0.25157
0.92925
0.39794
0.67156
0.16926
0.10164
0.10763
0.30652
0.34138
0.29668
0.10355
0.26433
0.30468
0.11055
0.27819
0.19531
0.27781
0.26988
1.6857
0.46124
0.098059
1.149
0.33279
0.20671
0.68299
0.59819
0.52218
0.086759
0.15166
0.91981
0.068613
0.1668
0.089348
0.91179
1.3003
0.59426
1.2053
0.15861
0.30449
0.24578
0.087832
0.12356
0.26142
0.87658
0.84142
0.26534
0.15498
1.2497
0.70941
0.18823
0.22522
0.10497
0.23844
0.81588
0.42581
0.20137
0.41532
1.1264
0.13769
1.063
1.0275
0.91204
0.79037
0.32941
0.20315
1.0035
0.77678
0.85304
0.24513
0.26856
0.35935
0.12285
0.66404
0.43711
0.15048
0.25939
1.1292
0.23761
0.50965
0.42003
0.15341
0.31057
0.11356
0.13786
0.73998
0.081369
0.11829
0.51288
0.13819
0.12778
0.26011
0.23137
0.56927
0.13063
1.0479
0.31285
0.36519
0.27892
0.22334
0.098672
1.0259
0.26504
0.623
0.11167
0.351
0.46384
1.576
0.39127
0.16653
0.6093
0.23814
0.78196
0.11628
0.89981
0.24226
0.15468
0.71794
0.12334
0.17313
1.1142
0.21637
1.0531
0.1749
0.26112
0.13698
0.0873
0.80988
0.12566
0.34412
0.17151
0.81845
1.2313
0.24373
1.1864
0.90716
0.11425
0.94969
0.3657
0.32937
0.14854
0.13182
0.33689
0.34792
0.092617
0.41689
0.71836
0.76207
0.21559
0.13885
0.62145
1.0497
0.42839
0.80841
0.49047
0.78743
0.64217
1.1024
0.081939
0.6703
0.97492
0.91767
1.0264
0.53514
1.0719
0.090619
0.1091
0.079954
0.14177
0.17961
0.86734
0.16973
0.67594
1.2241
1.3498
0.91724
0.10981
0.92311
0.24325
1.1945
0.5605
0.32844
0.099865
0.35726
0.19423
0.078087
0.15465
0.10873
0.074682
0.073588
0.26973
0.35687
0.12082
0.37379
0.1585
0.32932
1.0983
0.22267
0.47652
0.20356
0.17247
0.15064
0.2452
0.18218
0.98369
0.070833
0.11231
0.73728
0.45554
0.39599
0.10779
0.23344
0.4124
0.37638
0.40694
0.12725
0.99222
0.4159
0.31877
0.48376
0.59438
0.26879
0.3748
0.10683
0.1699
0.56787
0.20966
0.53573
0.85171
0.21534
0.64499
0.063832
0.38842
0.47817
0.31894
0.35058
0.11983
0.11361
0.098945
0.31921
0.084485
0.089483
0.44677
0.51368
0.22332
0.96131
0.40141
0.15154
0.89894
0.077386
0.1183
0.20411
0.12683
0.18429
1.088
0.091905
0.13367
0.1602
0.070777
0.47554
1.6557
0.18872
0.38204
0.11601
0.093932
0.27825
0.10268
0.41308
0.69586
0.56632
0.80559
1.1296
0.061191
0.24914
0.18452
0.81304
0.19637
0.69761
0.13658
0.61825
0.2215
0.70145
0.28701
0.635
0.16452
0.34526
0.14483
0.20498
1.2232
0.10476
0.18347
0.52118
0.754
0.09047
0.17282
0.3589
0.10909
0.086195
0.88183
0.14766
0.29332
0.57373
0.081197
0.97034
0.54548
0.54152
0.14386
0.4605
0.7671
0.42424
0.12861
0.07264
0.097301
0.19244
0.25814
0.20912
0.089667
1.0527
0.50064
1.1778
0.052956
0.31511
0.18724
0.13981
0.16437
1.2388
0.21206
0.1449
0.40006
0.24169
0.10109
0.20341
0.074524
0.58949
0.9479
0.12503
0.11461
0.53463
0.29605
0.075773
0.32452
0.18152
0.092738
0.40114
0.92534
0.33326
0.086815
1.1084
0.16777
0.17341
0.11101
0.13744
0.1544
0.18769
0.085632
0.12334
0.1747
0.52175
0.11385
0.54428
0.068785
0.17033
0.083295
0.88388
0.56269
1.1013
0.79065
1.0174
0.50878
0.95737
0.17337
0.1071
0.11839
0.40857
0.15514
1.1745
0.094309
0.091792
1.1783
0.083341
0.46854
0.14571
0.095708
1.0184
0.16346
0.53388
0.44014
0.91429
0.11902
1.009
1.2907
1.1806
0.12928
0.26682
0.12317
0.096999
0.23476
0.11101
0.17127
0.082494
0.49485
0.093478
0.4782
0.31448
0.14422
0.62938
1.45
1.2018
0.12825
0.22014
0.12927
0.32009
0.078364
1.137
0.35114
0.33712
0.18325
0.18508
0.077149
0.74692
1.4256
0.57834
0.25929
0.90274
0.12884
0.72242
0.16959
0.20927
0.54837
0.66596
1.0655
0.72214
0.19603
0.14604
0.50067
0.12386
0.11308
0.17372
0.37933
0.89336
0.48923
0.77606
0.22075
0.32911
0.52813
0.19063
0.13683
1.0207
0.81759
0.37482
0.48318
0.41119
0.09246
1.0565
0.15802
0.33052
0.1583
0.12607
0.47265
0.41626
0.92936
0.19333
0.13496
0.98685
0.20741
0.067988
0.1131
0.64745
0.13061
0.86804
0.53583
1.0996
0.71242
0.98848
0.35273
1.0369
0.12836
1.0334
0.15225
0.28628
0.16495
0.12742
1.0826
0.073067
0.096784
0.094007
0.98362
0.93175
0.42722
1.0762
0.6342
0.61128
0.89138
0.073445
0.20791
0.34791
1.1069
1.1332
0.34445
0.13013
0.2432
0.087303
1.2969
0.12949
1.1313
1.057
0.28331
0.48036
0.72721
0.39124
0.58615
0.39876
0.14549
0.20385
0.1532
0.47177
0.11511
0.30287
0.14631
0.16217
0.69025
0.12389
0.088753
0.092192
1.1486
0.16323
1.0817
0.48394
0.10422
0.12937
1.3055
0.22653
0.56802
0.08405
0.62661
0.071785
0.4504
0.43143
0.10639
1.3231
0.47648
0.21927
0.31142
1.3151
0.24264
0.28559
1.1299
0.28667
0.24173
0.14863
0.27677
0.86008
0.63961
0.093478
0.11104
0.20717
0.26729
0.48407
1.1422
1.1217
0.24413
0.10484
0.16623
1.1796
0.50242
0.18094
0.94947
0.90622
0.13233
0.45852
0.29217
0.076786
0.095889
0.13171
0.36352
0.93261
0.14337
0.095945
0.35025
0.35493
0.17454
0.22275
0.41987
0.51795
0.083037
0.10422
0.079181
0.29238
0.094908
0.20282
0.16387
1.3003
0.075275
0.50466
1.258
0.2634
0.1635
0.6194
1.2537
0.53856
0.70652
1.2863
0.19551
1.3388
0.69967
0.62025
0.11181
0.18721
1.1621
0.19304
0.078378
0.61895
0.93549
0.41954
0.19482
0.15212
0.16861
0.82791
1.2516
0.32082
0.25026
1.5643
0.091563
0.29034
0.13553
0.12465
0.17109
1.0789
0.37173
0.12091
0.22679
0.14371
0.077507
0.35291
0.16784
0.11401
1.1981
0.65987
0.071915
0.36417
0.25918
0.17841
0.77581
0.45839
0.086804
0.23303
0.13524
1.1226
0.74531
0.098528
0.30697
0.084624
0.080761
0.095882
0.14476
0.093419
0.087069
0.99486
0.58494
0.15435
0.14321
0.36327
0.37116
0.91237
0.14358
0.32401
0.20072
1.5861
0.34581
0.22188
1.1541
0.5112
0.19451
0.1325
0.088017
0.10263
1.2935
0.56919
0.096647
0.39114
0.14753
0.087789
0.12959
0.21128
0.20659
0.61159
0.095761
0.64834
0.14563
0.74702
0.11899
0.99639
0.3358
0.84102
0.3888
0.10332
0.43392
0.090111
0.080558
0.076972
0.11196
0.59899
0.37723
0.10709
0.14224
0.39515
0.10294
0.16922
0.13883
0.22424
0.19765
0.46686
0.3377
1.1244
0.47082
0.10581
0.29833
0.21743
0.74153
0.635
0.62033
0.69997
0.62728
0.54869
0.23052
0.42539
0.31825
0.56418
0.1042
0.31252
0.31499
0.092633
0.76657
0.27916
0.71034
0.14986
0.89962
0.48643
0.42848
0.55442
0.84767
0.8676
0.16475
0.7648
0.36508
0.086646
1.2505
1.262
0.16797
1.2205
1.0091
0.21816
0.30734
0.068292
0.12428
0.90592
0.24457
0.08317
0.91725
0.7279
0.88757
0.20777
1.1202
0.2184
0.067915
0.076305
0.16046
1.0519
0.10181
0.1671
0.52131
0.10638
0.3327
0.34356
0.55568
0.89606
1.2761
0.14591
1.3743
0.30096
0.18338
0.40117
0.87441
0.11378
0.088622
0.78655
0.28671
0.17082
0.34297
0.088354
0.76293
0.11221
0.095849
0.076191
0.21942
0.33935
0.12461
0.70331
0.13206
0.48944
0.54987
0.2005
0.20357
0.077545
0.82227
0.2775
0.1953
0.50247
0.1021
0.1551
1.2576
0.30133
0.85503
0.10602
0.23596
0.27334
0.45231
0.16485
0.10013
1.481
0.071483
0.13132
0.49004
0.35858
0.19173
0.30642
1.0063
0.55246
0.30548
0.58107
1.041
0.10111
0.084514
0.72858
1.0052
0.21254
0.14279
0.41269
0.17121
0.17221
0.31589
0.11739
0.2834
0.12903
0.48028
0.28692
0.16526
1.4431
0.12725
0.30573
0.15572
0.094376
0.3771
0.29678
0.074962
1.0218
0.059579
0.40709
0.52129
1.0607
0.24326
0.20152
0.10838
0.28998
0.47175
0.083372
0.42126
0.67534
0.55798
0.085449
0.3332
0.12453
1.1694
0.22021
0.68299
0.51488
0.53862
0.077317
0.2616
0.35449
0.84903
0.71866
0.1709
0.069729
0.85254
0.14432
0.54391
1.215
0.1395
0.42323
0.095807
0.19427
0.46691
0.35462
0.11314
0.16942
0.14497
0.27694
0.42468
0.52309
0.07676
0.87371
0.15708
0.18786
0.32125
0.86297
0.22446
0.18258
0.16567
1.0218
0.25688
0.76494
0.13789
1.0747
1.1889
0.10398
0.38063
1.1649
0.34725
0.089111
0.22452
0.085297
0.11334
0.67055
1.1866
0.8683
0.42349
0.10876
1.165
0.32636
0.98862
0.61276
0.4148
0.090661
0.11567
0.40039
0.20957
0.9021
0.12767
0.11904
1.3163
0.075165
0.11885
0.25706
1.2943
0.64983
0.11334
0.65141
0.21682
0.075495
0.45084
0.084635
0.19219
0.14689
0.59207
0.45296
0.089359
0.12894
0.072294
0.24405
0.23809
0.9232
1.0972
0.15602
0.082784
0.76409
0.69173
1.2437
0.58071
0.083513
0.13309
0.41501
0.70029
0.16087
0.098982
0.22164
1.3428
0.15263
0.13447
0.67841
1.2087
0.10637
0.25577
1.0601
1.0158
0.13395
0.21646
1.1389
0.61529
0.19596
0.90578
0.13676
0.076908
1.0228
1.5871
0.31617
0.095272
0.4085
0.09388
0.084194
0.17821
0.40134
0.83023
0.26049
0.62423
1.3635
0.16485
0.16679
0.37693
0.10721
0.17952
0.58226
0.95367
0.24918
0.42443
0.28165
0.76495
0.13066
0.09979
0.6221
0.33819
0.16319
0.14655
0.1024
0.433
0.10057
0.22106
0.64065
0.2001
0.15476
0.077624
0.12627
0.13483
0.26743
0.08193
0.089941
0.067731
1.1361
0.83608
0.44489
0.28729
1.3972
0.81337
0.09817
0.83172
0.22038
0.087808
0.11476
0.13628
0.62067
0.41161
0.8589
0.084041
0.50374
0.25258
1.2556
0.51093
0.38198
0.28617
0.22891
0.73487
0.13925
0.09761
0.22301
0.32666
0.66633
1.2293
1.2671
0.15831
0.28923
0.24015
0.12527
0.49344
0.30431
0.58581
0.22613
0.55713
0.1641
1.1751
0.85822
0.8352
0.14033
0.42041
0.20345
0.21479
0.38648
0.48627
0.5582
0.85827
0.48898
0.54205
0.4116
0.21493
0.19876
0.18174
0.87643
0.27102
0.36259
0.098403
0.74728
0.1108
0.94416
1.2432
0.10344
0.065665
0.11779
0.41192
1.0267
0.17014
1.0373
0.10256
0.092938
0.2046
0.1204
0.072413
0.3475
0.081828
1.5647
0.057502
0.40048
0.10155
1.1425
0.18736
0.24111
0.62435
0.7127
0.79015
0.17258
0.34179
0.11817
0.38258
1.0091
0.17669
0.44234
0.66267
0.16536
1.0555
0.1242
0.082181
0.2456
0.14611
0.35682
0.32165
0.13136
0.086166
0.11638
0.21251
0.20571
0.30602
0.29535
0.40669
0.21697
0.31085
0.55372
0.27847
0.32457
0.37483
0.40528
0.50516
0.44192
0.23509
1.1621
0.28836
1.0522
0.22068
0.037683
0.20531
0.82362
0.20608
0.66526
0.38583
0.12782
0.16531
0.26882
0.13641
1.2325
0.10579
0.072702
0.14359
0.28263
0.74919
0.082114
0.10769
0.32372
0.4028
0.68104
0.36872
0.098359
0.21293
0.098198
0.17531
0.32209
0.19251
0.93728
0.15801
0.70658
1.151
0.12532
0.77245
0.19145
0.45969
0.23898
0.31016
0.52057
0.1748
0.081856
1.1166
0.10524
1.1157
0.63415
0.40086
0.42908
0.1364
1.1431
0.15065
1.0754
0.13205
0.19852
0.12731
0.31421
0.64312
0.1816
0.73356
0.18102
0.20289
1.0598
0.090344
0.077597
0.35885
0.62236
0.3995
0.59621
0.1387
0.14031
1.2096
1.0522
0.17696
0.38932
0.22086
0.098822
0.53078
1.4614
0.091188
0.8036
0.59315
0.11056
0.59153
0.59099
0.6993
0.14015
0.41529
1.2206
0.34788
0.32989
0.52135
0.19485
0.13009
0.10496
0.39272
0.11235
0.44621
0.75103
0.55958
0.17741
0.154
0.10376
0.18951
0.13581
0.41446
1.0303
0.1689
0.11717
0.18598
0.14885
0.34999
0.085217
1.0769
0.32716
0.40417
0.84353
1.6018
1.0849
0.15058
0.25265
1.2747
0.67226
0.30123
0.56025
0.23161
0.42189
0.34118
1.0898
0.82883
1.1114
0.20408
0.20293
0.14326
0.32321
1.3431
0.16101
0.64333
0.58664
0.73567
0.16831
0.20176
0.66783
1.0426
0.96058
1.2344
0.065063
0.37137
0.091956
0.28858
0.28657
0.28073
1.7287
0.094399
0.10548
0.18083
0.36986
0.10227
0.17782
1.1352
0.31126
0.33112
0.29323
0.51549
0.2525
0.73479
0.69734
0.18436
0.1288
0.093157
0.25857
0.092284
0.27884
0.099472
0.42112
0.46961
0.30859
0.61318
1.2893
0.21287
0.10501
0.31081
0.11319
0.14198
0.19902
0.94786
0.34704
0.66004
0.95331
0.51116
0.17029
0.23984
0.45028
0.55925
0.26002
0.10002
0.059041
0.53186
0.55667
0.14723
0.2839
0.19631
0.27473
0.50807
0.14614
0.23909
0.19579
1.1061
0.4461
0.60523
0.26839
0.073465
0.2455
0.13643
0.40753
0.17361
0.13988
0.077206
0.1251
0.47797
0.12194
1.2304
0.15039
1.1313
0.15945
0.71722
0.096396
0.1874
0.27425
0.26702
1.0279
0.084454
0.2486
0.18998
0.18331
0.075351
0.2291
0.063542
1.1297
0.22271
0.51939
0.090022
0.054643
0.20458
1.3068
0.098771
0.81144
0.17788
0.87006
0.12881
0.52367
0.29901
0.083663
0.25023
0.18324
0.1584
0.20631
0.086103
0.084613
0.99833
1.0954
0.29675
0.13783
0.075565
1.2028
0.076686
0.25435
0.072102
0.88146
0.21749
0.20177
0.14142
0.43536
0.74277
0.60974
0.12538
0.22163
0.35587
0.1468
0.1045
0.16936
0.31359
0.10831
0.22643
0.19723
1.1264
0.35553
0.25972
0.16739
0.38159
0.73538
0.68351
0.28882
0.18089
0.1295
0.072411
1.2464
0.24452
1.0432
0.66863
0.23641
1.3228
0.06368
0.10809
0.37174
1.3706
0.21113
0.19704
0.30076
0.93311
0.38665
0.28139
0.097219
0.48578
0.48249
0.17914
0.73401
0.6356
1.0628
1.2038
0.14939
0.70678
0.22729
0.068618
0.50928
0.52467
0.16938
0.074973
0.12841
0.18429
0.14134
0.9742
0.14648
0.12834
0.45307
0.86185
0.49251
0.42757
0.63174
0.33122
0.62912
0.53707
1.188
1.1067
1.3265
0.075966
1.1513
0.11213
0.075666
0.097916
0.4931
0.69039
0.88982
0.21961
0.10908
0.90004
0.18871
0.54189
0.065742
0.81032
0.40335
0.31431
0.17717
0.2767
0.10489
0.076651
0.2162
0.51047
0.26127
0.46034
0.41358
0.096577
0.23262
0.065718
0.075669
0.70887
0.074189
0.57699
1.5658
0.095028
0.32604
0.099895
0.10174
0.13092
0.17151
0.4787
0.27868
0.9599
0.19067
0.69639
0.1006
0.17784
0.64595
1.58
0.13396
0.1224
0.31388
0.25015
0.20459
0.092694
0.13117
0.20634
1.1507
0.22001
0.4381
0.79202
0.065506
0.28038
0.36582
0.274
0.16161
0.38004
0.27423
0.18123
0.18117
0.33103
0.12403
0.12059
0.086336
0.1354
0.26318
0.095282
0.071596
1.0635
0.12601
0.18819
0.81857
0.39027
0.2609
1.7442
0.35952
1.4396
0.15052
0.46048
0.40161
0.82765
0.99549
0.20318
0.47852
0.074054
0.48153
0.91677
0.10723
0.45088
0.73434
0.11024
0.4401
1.1438
0.45382
0.75645
0.41937
0.7135
0.21522
1.0442
0.52083
0.12078
0.17159
1.0077
0.57617
0.71537
0.096974
0.84128
0.17317
0.56248
0.4917
0.30374
0.15566
1.2311
0.18327
0.2395
1.3088
0.14723
0.086413
0.07035
0.21953
0.1419
0.17193
0.61923
1.137
0.18524
0.25757
0.064436
0.49417
0.331
0.9438
1.1014
0.16039
0.36071
0.11121
0.11593
1.1381
0.20605
0.14899
1.0987
0.5114
0.79659
0.064523
0.46935
0.07112
0.29709
0.82909
0.12036
0.36785
0.62145
0.086388
0.082691
0.59681
0.38609
0.1314
0.23544
0.18263
0.34135
0.21194
0.24554
0.087296
0.94141
0.36235
0.18451
0.52345
0.10646
1.1229
0.1772
0.60462
0.13134
0.79908
0.70069
0.36152
0.69849
0.57282
0.24207
1.1883
0.19331
0.42122
0.070711
0.16553
0.95115
1.1968
0.073704
1.6879
0.066647
0.5722
0.095404
0.19688
0.065931
0.079064
0.43026
0.18594
0.11013
0.11707
0.059396
0.13425
0.073256
0.45926
1.0208
0.087721
0.23696
0.077709
0.14786
0.31793
0.14316
0.44366
0.52774
0.11733
0.2947
0.11528
0.085874
0.31445
0.47657
1.2982
0.11717
0.066681
0.16748
0.91504
0.83505
0.22615
0.30235
0.51158
0.20445
0.085776
0.0798
0.26175
0.13784
0.26107
0.31408
0.3767
0.23426
0.24021
0.15671
0.083206
0.34815
0.3072
0.26794
0.44707
0.42782
0.15495
0.26801
0.065534
0.095746
0.16017
1.2751
0.9484
0.6063
0.11232
0.37277
0.13275
0.14165
0.62316
0.20121
0.13978
0.40928
0.15161
1.5673
0.12029
0.3419
0.42773
0.1747
1.0469
0.2576
0.78744
0.78741
0.14349
0.24129
0.89542
0.095382
0.72152
1.1896
0.089388
0.11962
0.12369
0.59634
0.091151
0.099723
0.22677
0.10731
0.1569
1.3687
0.22644
0.10022
0.31998
0.084535
0.2675
0.28086
0.23924
0.11123
0.385
0.19351
0.16512
0.57016
0.29346
0.53074
0.14611
0.90308
0.11963
0.13501
0.7101
0.19194
0.48105
0.98052
0.10526
1.2856
0.37543
0.44565
0.098032
0.30055
0.18127
0.22496
0.087175
0.73509
0.71973
0.82937
0.30213
0.3709
0.18952
0.64498
0.08924
0.38925
0.19192
0.23583
0.7738
0.13131
0.33644
0.1264
0.78436
0.61756
1.0332
0.21338
0.11784
0.1224
1.0648
0.097891
0.68402
0.31751
1.2405
0.57585
1.0997
0.26654
1.1519
0.15901
0.16299
0.27086
0.62463
0.18217
0.65384
0.092676
0.07556
0.087957
0.19705
0.89721
0.41222
0.2381
0.2709
0.43161
0.28063
0.74889
1.0266
0.16623
0.29768
0.36276
0.2062
0.25865
0.11857
0.16774
0.090798
0.85621
0.61489
0.13652
0.20902
0.16335
0.18936
1.3035
0.14111
0.75119
0.072719
0.78655
0.08077
0.075227
0.10171
0.11738
1.1985
0.12045
0.14855
0.082864
0.16102
0.30808
0.1006
0.70395
0.12861
0.10615
0.88055
0.8655
0.53813
1.2373
0.22222
0.49741
0.49069
1.0126
0.78077
1.1958
0.43105
0.086772
0.40667
0.34884
0.80655
0.088916
0.29985
0.90678
0.702
0.11505
0.067848
0.59588
1.273
0.11733
0.36753
0.39429
0.93052
0.091291
0.30034
0.61515
0.57533
0.56107
0.10011
0.22519
1.0719
1.1296
0.18287
0.16426
0.90714
0.7132
1.0679
0.20523
0.0816
0.076748
0.11481
0.079216
0.10451
0.12383
0.096008
0.87063
0.48442
0.56328
0.13217
0.22719
0.92081
0.63767
0.27145
0.23496
0.23636
0.12115
0.82249
0.94931
0.38269
1.1125
0.17817
0.1063
0.4016
0.38521
0.17848
0.25885
0.52218
0.62736
0.243
0.20953
0.18613
0.9135
0.11613
0.076866
0.11177
0.088925
0.2146
0.18738
0.26292
1.1453
0.16049
1.013
0.89894
0.1141
1.3307
0.61311
0.24004
1.1602
1.1075
0.92254
0.20199
0.075932
0.50821
0.49289
0.62332
0.16708
0.15761
0.39958
0.13949
0.11378
0.88711
0.084467
0.30223
1.3315
1.0525
0.82915
0.20795
0.83823
1.0372
0.099539
0.13859
0.22893
1.1487
0.55095
0.58978
0.61638
0.10519
0.59015
0.95393
0.57017
0.11474
0.24958
0.13896
0.89834
0.34795
0.13008
0.10895
0.092141
0.20122
0.5769
0.084067
0.10632
1.0481
0.17485
0.58854
0.58749
0.59231
0.33399
0.07743
0.087989
0.14923
0.1035
0.60518
0.11861
0.26088
0.17184
0.31155
0.32237
0.63434
0.22251
1.1733
0.18621
0.18371
0.11425
0.20742
0.19409
0.77562
0.071317
0.30671
0.14302
0.088523
0.31735
1.0983
0.08234
0.20477
0.1938
0.51798
1.5972
0.28591
0.16921
0.12432
0.19844
0.11139
0.2059
0.34272
0.085537
0.13613
0.5828
0.077241
0.9613
0.13163
0.57313
0.22571
0.095987
0.13156
0.10555
0.24224
1.1403
1.1361
0.28948
0.08883
0.26188
0.2291
0.11887
0.687
0.094368
0.36721
0.17745
0.91053
0.14153
1.1067
0.17224
0.9762
0.16468
0.14146
1.0226
0.93465
0.36926
0.81685
1.1172
0.98057
0.69023
0.17591
0.175
0.5819
0.13889
0.70888
1.1713
0.081453
0.09488
0.1301
0.079699
0.75571
1.2124
0.34198
0.25144
0.13402
0.073167
0.23512
0.16246
0.15776
0.20028
0.085037
0.081022
0.28379
0.18983
0.58831
1.2293
0.87962
0.16135
0.08594
0.22406
0.28003
0.66669
0.37789
0.5015
0.11551
0.2717
1.3613
0.23032
0.60832
0.066907
0.34723
0.8312
0.3667
1.1881
0.5655
0.30989
0.13612
0.11442
1.2241
0.1719
0.092584
0.13247
0.1659
0.16088
0.82588
1.1991
0.43748
0.37594
0.098095
0.11099
0.38199
0.42203
0.37376
0.24535
0.35058
0.076042
1.0216
0.16892
0.46306
0.30544
0.1217
0.18723
0.58446
0.20029
1.0103
0.41973
0.13474
0.12142
1.0169
0.67757
0.61443
0.51435
0.98938
0.63786
0.11601
0.47426
0.22477
0.20405
0.21349
0.083058
0.20512
1.6464
0.63977
1.0366
0.12642
0.28788
0.48126
0.32479
1.618
0.67727
0.40438
0.14654
0.30045
0.065372
0.8437
0.95351
0.1171
0.11085
0.53432
0.095675
0.095091
0.95296
0.22879
0.85698
0.22314
0.68456
0.16163
0.23193
0.143
0.14451
0.29093
0.15571
0.4455
0.63119
1.1294
0.10381
0.79879
0.3595
0.071412
0.26447
0.34514
0.94815
0.75441
0.076872
0.16714
0.085351
0.96264
1.0098
0.27977
1.0792
0.19485
0.10669
0.17117
0.24352
0.32813
0.32723
0.60943
0.14762
0.88783
0.15743
0.20423
0.34693
0.58541
0.24754
0.32881
0.1364
0.60235
0.42149
0.21861
0.29837
1.2049
0.39477
0.098091
0.50437
0.10941
0.33161
0.35284
0.57916
1.2293
0.38442
0.19198
1.6454
0.60362
0.3303
0.10707
0.40174
0.10656
1.1237
0.55365
1.3947
0.37443
0.27434
0.76766
1.136
0.1346
0.10408
1.2305
0.55221
0.11808
0.32923
0.3913
0.45669
0.12579
0.80113
0.099614
0.61293
0.40526
0.30517
0.25093
0.69885
0.41228
0.25274
0.33346
0.68423
0.13756
0.91696
1.1117
0.95133
0.40631
0.44589
0.64668
0.079104
0.35111
0.90362
1.2197
0.075842
0.98861
1.1492
0.92708
0.32536
0.30668
0.40928
0.093883
0.070295
0.3426
1.0721
0.25656
0.2453
1.1566
0.2599
1.2086
0.10438
0.59897
0.96118
0.095645
1.1712
0.22148
0.2253
0.67892
0.14812
1.1031
0.11366
0.39301
0.15749
0.14378
1.0566
0.72923
0.8372
0.32021
0.78009
0.14334
0.2164
0.27175
0.16031
0.16998
0.21651
0.26417
0.93643
0.077281
0.081775
0.21771
0.57877
0.73602
0.67096
0.091417
0.14405
0.219
0.094
0.87521
0.216
0.55004
0.12741
0.35792
0.050272
0.16114
0.76982
0.24319
0.10957
0.99652
0.11957
0.19304
0.11301
0.063548
0.16518
0.22231
0.095654
0.078113
0.07658
0.073173
0.41639
0.20018
0.84209
0.11512
0.13499
0.18623
0.18767
0.29643
1.3318
0.34183
0.50813
0.19927
1.1815
0.48045
1.1406
0.11425
0.24098
0.089984
0.3027
0.18541
0.10219
0.29124
0.60066
0.61173
0.53555
0.13777
0.20075
0.14686
0.089764
1.2311
0.5707
1.2411
0.36731
0.12939
0.10289
0.54149
0.48164
0.67893
1.1586
0.10851
0.11662
0.091615
1.213
0.15862
0.50628
0.11298
1.1157
0.13802
0.19267
0.41888
0.079189
0.1296
0.071723
0.08164
0.43072
0.49359
0.083484
0.46547
0.22288
0.20826
1.4221
1.0412
0.18591
0.087432
0.28459
1.0788
0.20764
0.47524
0.10063
0.083891
0.26894
1.0688
0.11253
0.12695
0.83357
0.21886
0.54338
0.74432
0.11923
0.092713
0.063889
0.20087
0.24167
0.094188
0.22727
0.16719
0.092992
1.0531
0.50933
0.14239
0.13608
0.43631
1.3223
0.5389
0.14577
0.20315
0.72121
0.083701
0.22299
0.23034
0.42373
0.46483
0.084785
0.36055
0.67611
0.089142
0.27754
0.11133
0.14872
0.51686
0.2912
0.23554
0.6503
0.11984
0.8343
0.24572
0.961
0.34814
0.13793
0.25986
0.67288
0.85553
0.099674
0.26607
0.72249
0.50791
1.2833
0.7665
0.13915
0.75451
0.51923
0.34844
0.27414
0.36548
0.40749
0.075616
0.51681
0.50483
0.23801
0.14169
0.29623
0.50869
0.75621
0.16723
0.095861
0.2843
0.49203
0.30149
0.33087
0.96246
0.48056
0.1606
0.18706
0.36724
0.65709
0.10244
0.077793
0.14514
0.39105
0.17287
0.17515
0.18867
0.1001
0.17182
0.13432
0.62639
0.37066
0.12828
0.45879
1.0938
0.15046
1.2575
0.11152
0.58753
0.12447
0.10676
0.10507
0.96076
0.44775
0.90098
0.3706
0.15489
0.16871
0.10916
1.2651
0.18346
0.13143
0.77265
0.095252
0.15713
0.18347
0.086602
0.29475
0.12443
0.090436
0.44426
0.38572
0.39934
0.16389
1.3053
0.65948
1.156
0.36062
0.074421
0.62331
0.2105
0.15003
0.21855
0.09493
0.34157
0.35589
0.14666
0.54264
0.094936
0.11269
0.2737
1.2039
0.08797
0.42595
0.23582
0.18376
0.70331
0.36756
0.10057
0.23788
0.10549
0.32062
0.071856
0.55619
0.17796
0.67591
0.35564
0.079482
0.20516
0.60956
0.34086
0.10142
0.14522
0.1503
0.099403
0.52721
0.84047
0.1039
0.58703
0.23927
1.0716
0.96354
0.56733
0.68959
0.72616
0.63046
0.23638
1.2122
1.2421
0.15089
0.71972
0.23953
0.69624
0.15141
0.78026
0.37603
1.0382
0.64719
0.29845
0.22903
0.4007
0.66624
0.14826
0.93086
0.2469
0.27267
0.21665
0.62974
0.8087
0.90486
0.18823
0.27023
0.94271
0.47896
1.1188
0.11609
0.27417
0.29562
0.76618
0.12677
0.36726
0.1185
1.1451
0.1791
0.085379
0.67489
0.26628
0.080975
0.30808
0.25157
0.92925
0.39794
0.67156
0.16926
0.10164
0.10763
0.30652
0.34138
0.29668
0.10355
0.26433
0.30468
0.11055
0.27819
0.19531
0.27781
0.26988
1.6857
0.46124
0.098059
1.149
0.33279
0.20671
0.68299
0.59819
0.52218
0.086759
0.15166
0.91981
0.068613
0.1668
0.089348
0.91179
1.3003
0.59426
1.2053
0.15861
0.30449
0.24578
0.087832
0.12356
0.26142
0.87658
0.84142
0.26534
0.15498
1.2497
0.70941
0.18823
0.22522
0.10497
0.23844
0.81588
0.42581
0.20137
0.41532
1.1264
0.13769
1.063
1.0275
0.91204
0.79037
0.32941
0.20315
1.0035
0.77678
0.85304
0.24513
0.26856
0.35935
0.12285
0.66404
0.43711
0.15048
0.25939
1.1292
0.23761
0.50965
0.42003
0.15341
0.31057
0.11356
0.13786
0.73998
0.081369
0.11829
0.51288
0.13819
0.12778
0.26011
0.23137
0.56927
0.13063
1.0479
0.31285
0.36519
0.27892
0.22334
0.098672
1.0259
0.26504
0.623
0.11167
0.351
0.46384
1.576
0.39127
0.16653
0.6093
0.23814
0.78196
0.11628
0.89981
0.24226
0.15468
0.71794
0.12334
0.17313
1.1142
0.21637
1.0531
0.1749
0.26112
0.13698
0.0873
0.80988
0.12566
0.34412
0.17151
0.81845
1.2313
0.24373
1.1864
0.90716
0.11425
0.94969
0.3657
0.32937
0.14854
0.13182
0.33689
0.34792
0.092617
0.41689
0.71836
0.76207
0.21559
0.13885
0.62145
1.0497
0.42839
0.80841
0.49047
0.78743
0.64217
1.1024
0.081939
0.6703
0.97492
0.91767
1.0264
0.53514
1.0719
0.090619
0.1091
0.079954
0.14177
0.17961
0.86734
0.16973
0.67594
1.2241
1.3498
0.91724
0.10981
0.92311
0.24325
1.1945
0.5605
0.32844
0.099865
0.35726
0.19423
0.078087
0.15465
0.10873
0.074682
0.073588
0.26973
0.35687
0.12082
0.37379
0.1585
0.32932
1.0983
0.22267
0.47652
0.20356
0.17247
0.15064
0.2452
0.18218
0.98369
0.070833
0.11231
0.73728
0.45554
0.39599
0.10779
0.23344
0.4124
0.37638
0.40694
0.12725
0.99222
0.4159
0.31877
0.48376
0.59438
0.26879
0.3748
0.10683
0.1699
0.56787
0.20966
0.53573
0.85171
0.21534
0.64499
0.063832
0.38842
0.47817
0.31894
0.35058
0.11983
0.11361
0.098945
0.31921
0.084485
0.089483
0.44677
0.51368
0.22332
0.96131
0.40141
0.15154
0.89894
0.077386
0.1183
0.20411
0.12683
0.18429
1.088
0.091905
0.13367
0.1602
0.070777
0.47554
1.6557
0.18872
0.38204
0.11601
0.093932
0.27825
0.10268
0.41308
0.69586
0.56632
0.80559
1.1296
0.061191
0.24914
0.18452
0.81304
0.19637
0.69761
0.13658
0.61825
0.2215
0.70145
0.28701
0.635
0.16452
0.34526
0.14483
0.20498
1.2232
0.10476
0.18347
0.52118
0.754
0.09047
0.17282
0.3589
0.10909
0.086195
0.88183
0.14766
0.29332
0.57373
0.081197
0.97034
0.54548
0.54152
0.14386
0.4605
0.7671
0.42424
0.12861
0.07264
0.097301
0.19244
0.25814
0.20912
0.089667
1.0527
0.50064
1.1778
0.052956
0.31511
0.18724
0.13981
0.16437
1.2388
0.21206
0.1449
0.40006
0.24169
0.10109
0.20341
0.074524
0.58949
0.9479
0.12503
0.11461
0.53463
0.29605
0.075773
0.32452
0.18152
0.092738
0.40114
0.92534
0.33326
0.086815
1.1084
0.16777
0.17341
0.11101
0.13744
0.1544
0.18769
0.085632
0.12334
0.1747
0.52175
0.11385
0.54428
0.068785
0.17033
0.083295
0.88388
0.56269
1.1013
0.79065
1.0174
0.50878
0.95737
0.17337
0.1071
0.11839
0.40857
0.15514
1.1745
0.094309
0.091792
1.1783
0.083341
0.46854
0.14571
0.095708
1.0184
0.16346
0.53388
0.44014
0.91429
0.11902
1.009
1.2907
1.1806
0.12928
0.26682
0.12317
0.096999
0.23476
0.11101
0.17127
0.082494
0.49485
0.093478
0.4782
0.31448
0.14422
0.62938
1.45
1.2018
0.12825
0.22014
0.12927
0.32009
0.078364
1.137
0.35114
0.33712
0.18325
0.18508
0.077149
0.74692
1.4256
0.57834
0.25929
0.90274
0.12884
0.72242
0.16959
0.20927
0.54837
0.66596
1.0655
0.72214
0.19603
0.14604
0.50067
0.12386
0.11308
0.17372
0.37933
0.89336
0.48923
0.77606
0.22075
0.32911
0.52813
0.19063
0.13683
1.0207
0.81759
0.37482
0.48318
0.41119
0.09246
1.0565
0.15802
0.33052
0.1583
0.12607
0.47265
0.41626
0.92936
0.19333
0.13496
0.98685
0.20741
0.067988
0.1131
0.64745
0.13061
0.86804
0.53583
1.0996
0.71242
0.98848
0.14968
0.79909
0.15102
0.14234
0.8654
0.12436
0.14078
0.28416
0.34229
0.086879
0.12893
1.0606
0.98362
0.90696
1.5217
0.36041
0.20479
0.092302
0.27119
0.0659
0.2615
0.090483
0.17873
0.12055
0.20289
0.13013
1.1096
0.44288
0.10361
0.20362
0.29913
1.0926
0.31099
0.6103
0.16608
0.57563
0.20917
0.14374
0.14247
0.0713
1.0416
0.47177
0.06313
0.1236
1.2367
0.17231
0.47549
0.12389
0.22696
0.21588
0.10355
0.091343
1.0817
0.7609
0.31008
0.1607
0.56937
0.16091
0.11108
0.11217
0.17153
0.18832
0.47415
0.70422
0.69074
1.1822
0.47648
0.83012
0.36459
0.71767
0.50883
0.2209
0.07792
0.15561
0.16032
0.66217
0.87707
0.32
0.31102
0.17794
0.27552
0.1452
0.30507
0.31196
1.0003
0.30373
0.084708
0.38344
1.0433
1.1796
0.50242
0.18094
0.28749
0.087102
0.13233
0.12036
0.29217
0.37087
0.095889
0.69255
0.69601
0.93261
1.1543
0.19331
0.35315
0.13827
0.58323
1.0101
0.27558
0.3876
0.20638
0.51747
0.10619
0.29238
0.37017
0.29646
0.29117
1.1168
0.95209
0.1448
0.14466
0.092637
0.9995
0.17469
1.2537
0.10111
0.70652
0.20688
0.29515
1.3388
0.7116
0.13863
0.87647
0.28075
0.22172
0.7115
0.084041
0.36685
0.3359
0.41954
0.19482
0.78086
0.14427
0.28422
1.2516
0.28007
0.25026
0.24032
0.30964
0.77658
0.61012
0.18804
0.54636
0.17181
0.086266
0.12091
0.22679
0.28357
1.1864
0.18546
0.20826
0.85446
0.25272
0.72981
0.10296
0.11098
0.34144
0.13265
0.57945
0.27884
0.079633
0.59632
0.13264
1.1226
0.46218
0.13071
0.093883
0.15918
1.0177
0.12958
0.083129
0.67303
0.29375
0.22307
0.20582
0.32916
1.0838
1.4551
0.37116
1.1961
0.14358
0.089084
0.53929
1.5861
0.11634
1.1558
0.28016
0.049365
0.091283
0.2175
0.088017
0.69434
0.13753
0.11081
0.34204
0.39114
0.56757
0.58949
1.6103
0.15625
0.39482
0.7157
0.751
0.68395
0.24361
0.74702
1.0678
0.22329
0.17464
0.1006
0.14152
0.071055
1.2326
0.090111
0.82553
0.12224
0.95217
0.3614
0.99595
0.066677
1.2047
0.53533
0.085534
1.1632
0.14586
0.78546
0.078688
0.14394
0.23682
0.14694
0.22063
0.24162
0.081726
0.26375
0.1282
0.78228
0.097411
0.81986
0.34969
0.1308
0.36786
0.6881
1.1408
0.11891
0.15034
0.10586
0.30189
0.19538
0.21378
0.12805
0.10226
1.0833
0.078333
0.34056
0.28548
0.12509
0.10858
0.97138
0.16475
0.11532
1.0533
0.069065
0.37364
1.262
0.086838
0.30843
0.51864
0.14369
0.70136
0.068292
0.098502
0.58698
0.24457
0.35255
1.209
0.56296
0.88757
0.1312
1.1202
0.60198
0.48724
0.076305
0.30585
0.077381
1.1963
0.1671
0.28241
0.10638
0.3327
0.30305
0.084616
1.1593
1.1938
0.55596
0.32588
0.11106
0.46516
1.7553
0.22041
1.2747
0.17243
0.2572
0.26509
0.10446
1.318
0.26961
0.86924
0.10255
0.21701
1.0448
0.26497
0.92133
0.43044
0.303
0.13206
0.1079
0.37765
1.0367
0.18591
0.078348
0.25532
1.1547
0.19512
0.36781
0.090904
0.18735
0.48919
0.11964
0.16363
1.1991
0.16453
0.57014
0.45231
0.10147
0.31115
0.13237
0.1219
0.15418
1.1864
0.11985
0.18803
1.2112
0.11313
0.072941
0.41056
0.66604
0.077671
0.80924
1.2683
0.078236
0.28228
0.18333
0.35249
1.1638
0.20592
0.17221
1.6755
0.19224
0.97871
0.58301
0.48028
1.0909
0.96455
0.076256
0.32535
0.33829
0.1882
0.7063
0.48442
0.087328
0.483
0.39279
0.059579
0.18588
0.20564
0.75222
0.32291
0.46229
0.67388
0.73071
0.082663
0.18715
0.2472
0.47815
1.0669
0.8224
0.10575
0.12453
0.32894
0.27894
0.091393
0.16356
1.0143
0.097807
0.2616
0.24896
0.84903
0.29164
0.19393
0.2295
0.62239
0.10029
1.4737
0.11058
0.30269
0.42887
1.1999
0.090435
0.46691
0.21928
0.34758
0.45461
0.38978
0.93319
0.38624
1.1612
0.55665
0.17409
0.42337
0.10017
0.71591
0.11901
0.22446
1.1088
0.082428
1.0218
0.9224
0.56721
0.48247
0.44434
1.1889
0.11582
0.45571
1.1649
0.15111
0.089111
0.94221
0.31197
0.18747
0.63098
0.32943
0.47517
0.45671
0.15555
0.12414
0.45734
0.087984
0.21762
0.15536
0.16086
0.59255
0.39107
0.59514
0.42672
0.12767
0.4726
0.44966
0.36112
0.14119
0.7068
0.14007
0.43393
0.11334
0.80532
0.99315
0.10322
0.45084
0.11872
0.18573
0.26717
0.09363
0.2853
0.40228
0.61659
0.43177
0.11324
0.14681
0.20074
1.0972
0.63492
0.65258
0.080471
0.1562
0.47206
0.099816
0.37864
0.1348
0.33553
0.34172
0.18388
0.098982
0.094899
0.18546
0.39962
0.26442
0.29743
0.3156
0.26415
0.58578
1.0601
0.27563
0.89454
0.13895
0.18835
0.42739
0.15809
1.139
0.56512
0.31267
0.63426
1.1422
0.31617
0.55689
0.32798
0.12644
0.088082
0.17847
0.21735
0.1072
0.8071
0.6445
0.19459
0.36573
0.26338
0.94727
0.1946
0.18699
0.066407
0.68648
0.14787
1.1487
0.23609
0.52726
0.17692
0.16046
0.89526
0.19015
0.10508
0.55312
0.24258
0.76056
0.10057
0.1243
0.13366
0.15688
0.16965
0.53309
0.11895
0.35037
0.12735
0.093723
0.18527
0.57346
0.11796
0.67493
0.24904
0.15984
1.3972
0.42367
0.59145
0.32131
0.5022
0.13935
0.11476
0.13628
0.13185
0.72439
0.10486
0.20571
0.071171
1.222
0.4028
0.51093
0.38198
1.0342
1.075
0.73487
0.13925
0.15515
0.61717
0.078674
0.13816
1.2293
0.1748
0.19468
0.28923
0.36801
0.085743
0.47705
0.12011
0.13419
1.2572
0.27458
1.031
0.18197
0.85822
0.33392
0.073175
0.23368
0.10965
0.33005
0.21928
0.90691
0.5582
0.11939
1.1679
0.10279
0.18406
0.9294
0.75962
0.092737
0.12056
0.10791
0.080534
0.17276
0.069739
0.085402
0.58825
0.39804
0.10344
0.15919
0.17233
1.3694
0.079317
0.2444
0.13894
0.11064
0.10069
0.15531
0.12087
0.59724
0.15841
1.0144
0.68863
0.65076
0.074541
0.080955
0.13513
0.18528
0.24111
0.62435
0.36921
0.15484
0.17971
0.11771
0.29948
0.38258
0.37636
0.17669
0.94627
1.1195
0.12586
0.57966
1.0813
0.13691
0.91477
0.99455
0.58723
0.12018
0.36902
0.11424
0.41155
0.099304
0.37178
0.19935
0.16939
0.31217
1.1345
0.10955
0.15075
0.27847
0.10877
0.12891
0.58408
0.39476
0.10005
0.89183
0.078563
0.48171
0.21405
0.091715
0.13188
0.48415
0.3275
0.33662
0.24754
0.091349
0.3951
0.16531
0.41521
0.27247
0.45731
0.72215
0.95287
0.094446
0.14992
0.098928
0.66781
0.3671
0.18722
0.095407
0.090658
0.46331
1.1697
0.21293
1.2598
0.31602
1.3736
0.29103
0.13406
0.15801
0.19821
0.18766
0.10428
0.77245
0.36134
0.76968
0.53089
0.12285
0.91534
0.07026
1.0901
0.14564
0.28253
0.60539
0.1489
0.21981
0.42908
0.76649
0.31666
0.15013
0.70218
0.057802
0.065331
0.10918
0.31421
0.10254
0.1816
0.25326
0.32661
0.33748
0.094855
0.14364
0.14271
0.71586
0.93351
0.097266
0.1649
0.22488
0.14031
0.15729
0.16553
0.30818
0.38932
0.14392
0.6574
0.14934
0.66096
0.12113
0.1665
0.18176
0.99825
1.1832
0.71833
1.1802
0.20096
0.92047
0.29442
0.36581
0.11892
0.29683
0.71431
0.13009
0.29075
0.11858
0.13553
0.93707
0.75103
0.23418
0.11546
0.077086
1.2564
0.10185
0.16207
0.34255
0.08514
0.17931
0.11717
0.18598
0.14885
0.48678
0.63602
0.9494
0.85475
0.15333
0.17645
1.1022
0.95991
0.54155
0.1384
0.51564
0.11112
0.30123
0.15553
0.07126
1.0778
0.35417
0.43639
0.16861
0.13833
1.1699
0.20293
0.066888
0.21475
0.36452
0.15254
0.8143
0.11521
0.73567
0.87181
0.71811
0.072654
0.085094
0.88929
1.2344
0.87823
0.80463
0.070848
0.97175
0.72167
0.064494
0.089333
0.15873
0.42774
0.16876
0.32586
0.15174
0.077173
0.079341
0.098923
0.25117
0.29323
0.11962
1.2467
1.1239
1.0025
0.15598
1.0121
0.14034
0.36476
0.88487
1.0953
0.09835
0.42112
0.57607
0.30859
1.1578
1.2893
0.13728
0.155
0.2585
0.74214
0.3933
0.13252
1.0846
0.19044
0.20128
0.82766
0.46195
0.17029
0.29208
0.63753
0.21069
0.12511
1.0981
0.09462
0.81017
0.66543
0.34434
0.89735
1.117
0.14162
1.0158
0.12769
0.75314
0.19579
0.1981
0.42888
0.60523
0.090921
1.087
0.13292
1.1688
0.1315
0.36616
0.28571
0.14277
0.1577
0.2219
0.59172
1.2304
0.15039
0.17699
0.070366
1.6021
0.12154
1.2345
0.42148
0.095509
0.12143
0.19536
0.35798
0.67876
0.12966
0.098832
0.62261
1.2092
0.93256
0.11795
0.12319
0.72437
0.28754
0.26072
0.76113
0.086961
0.21288
1.2653
0.10323
0.12967
0.20588
0.16638
0.083663
0.29202
0.23262
0.086595
0.087986
0.086103
0.10019
0.2161
0.071395
0.51295
1.154
0.13838
1.2028
0.19879
0.22929
0.57094
0.3321
0.3089
0.60924
0.14142
0.66153
0.32352
0.075795
0.25179
0.20042
0.87977
0.13459
0.36764
0.51738
0.2025
0.52746
0.088891
0.11688
0.40081
0.071756
0.085184
0.29016
1.0406
0.21754
0.80107
0.288
0.097233
0.57998
0.072411
0.20383
0.19928
0.81677
0.13361
0.14222
0.072021
0.89683
0.10809
1.0477
0.50677
0.19087
1.0865
0.61431
0.6191
0.2927
0.27767
0.097181
0.48578
0.098269
0.6194
0.26789
0.092459
0.36775
0.14505
0.13538
1.0332
0.22835
0.087333
0.33103
0.11339
0.97071
1.0818
1.0842
0.09496
1.3117
1.0894
0.22817
0.39777
0.18883
0.53357
0.24851
0.073667
0.26213
0.13099
0.32544
0.12138
1.188
0.2725
0.17632
0.43294
0.079586
0.34357
0.335
0.68942
0.10389
0.69039
1.3132
0.082518
0.11138
0.21229
0.5593
0.49495
0.95681
0.18955
0.1001
0.18519
1.1111
1.2178
0.16205
0.076651
1.1657
0.11533
0.71125
0.46413
0.38399
0.12189
0.7862
0.072883
0.71114
0.15706
0.092723
0.15799
1.3505
1.0808
0.43591
0.10208
1.0683
0.4199
0.46802
0.14345
0.27868
0.19211
0.35907
0.50357
1.4132
0.22202
0.43248
0.36149
0.072149
0.39738
0.14194
0.16689
0.33248
0.60718
0.32222
0.19154
0.089241
0.22001
0.4381
0.73512
0.50471
0.28038
0.071367
0.274
0.70826
1.3106
1.2724
0.66039
0.087462
0.9939
0.13353
0.15689
0.40041
0.40648
0.34384
0.08564
0.071596
0.38914
0.4337
0.25073
0.81857
0.28296
0.26899
0.096194
0.25852
0.15956
0.12391
0.1866
1.1772
0.15364
0.99549
0.10741
0.071841
0.28406
0.16574
0.54809
1.1642
0.45088
0.91657
0.20531
0.35787
0.10382
0.085462
0.35076
0.19941
0.1808
0.21522
0.8634
0.52083
0.24342
0.38279
0.42524
0.17261
0.13665
0.33194
0.37726
0.087442
0.53411
0.19532
0.18793
0.21405
1.2311
1.5788
0.074054
0.099138
0.1504
0.12453
0.35118
0.17298
0.19438
0.24449
0.13972
0.18571
0.43712
0.068074
0.067685
0.23515
0.3426
0.84887
0.13842
0.087992
0.12272
0.3221
0.074536
0.61683
0.20605
0.52714
0.17023
1.0094
0.10469
0.076641
0.18446
0.17569
0.29709
0.10996
1.0952
0.80964
1.2817
0.56147
0.54698
0.074521
0.44724
0.1314
0.37571
0.77299
0.34135
1.1057
0.94126
0.14766
0.070317
0.36235
0.24645
0.19373
0.12878
0.18027
0.51159
0.14688
0.55982
0.096423
0.28524
0.48794
0.11549
0.53172
0.5194
1.1883
0.29313
0.43644
0.085478
0.16553
0.95115
0.699
0.073704
0.659
0.59122
0.091668
0.069322
1.0411
0.68697
0.12188
0.15486
0.4384
0.22139
0.24136
0.092597
0.16113
0.36284
1.2132
1.0208
1.1676
0.82307
0.42718
0.66264
0.37979
0.50213
0.44366
1.0503
0.16608
0.37943
0.17243
0.19942
0.11101
0.11158
0.65101
0.19779
0.091152
1.2291
0.11501
0.26907
0.094346
0.83032
0.58568
0.97103
0.10906
0.67468
0.60809
0.69318
0.34559
0.46772
1.0406
0.14272
0.50797
0.11795
0.45069
0.16321
0.25601
0.26794
0.077539
0.25561
0.081946
0.078866
0.09629
0.099847
0.14689
0.98692
0.090086
0.37815
0.093066
0.63154
0.37738
0.17368
0.16303
0.28555
0.11636
0.10734
0.18154
0.076131
0.11542
0.21619
1.2248
0.17436
0.19916
0.27049
0.78744
0.34196
0.080022
0.41302
1.3077
0.41297
0.72152
0.84627
0.23896
0.68192
0.2956
0.62747
0.12568
0.1308
1.0771
0.10731
0.53714
0.16702
0.22644
0.083728
0.99478
0.12494
0.53645
0.17954
0.18736
0.37065
0.385
0.19351
0.16428
0.89051
0.63755
1.0667
0.99729
0.34712
0.16342
0.35053
0.091283
0.21429
0.15804
0.40044
0.10526
0.08469
0.60304
0.17689
0.72207
0.17673
0.24491
0.083904
0.54465
0.078793
0.088222
0.1212
1.2036
0.20046
0.88378
1.2882
0.12856
0.22435
0.19192
0.099971
0.48206
0.33178
0.23126
0.15235
0.286
1.1275
0.85772
0.48238
0.11784
0.11056
0.16357
0.13947
0.12819
0.32436
0.59657
0.073172
1.0997
0.21057
1.1519
0.68425
0.092632
0.61428
0.62463
0.79101
0.29604
0.092676
0.69268
0.51051
0.24749
0.43181
0.43015
0.092078
0.084652
0.43161
0.11002
0.83027
0.081497
1.0428
1.1619
0.097113
0.3819
0.18154
0.82102
0.16774
0.86219
1.1631
0.12955
0.38792
0.091833
0.60672
0.18936
0.11381
0.16426
0.13438
0.23081
0.073661
0.66834
0.57565
0.10171
0.11738
0.26618
0.12045
0.84013
0.34547
1.0255
0.46552
0.11141
0.63148
0.12861
0.21418
0.45
0.14231
1.1073
0.37748
0.99092
0.9878
0.15717
0.3563
0.15083
0.093778
1.2013
0.91639
0.13629
1.2046
0.25094
0.088916
0.3092
0.98627
0.079065
0.89804
1.2386
0.59588
0.15167
0.19578
0.38567
0.074193
0.93052
0.37692
0.33232
0.93607
0.11105
0.49066
0.1649
0.79677
0.21035
0.16878
1.4382
0.47984
0.85253
0.52501
0.65986
0.13463
0.55016
0.076748
0.26663
1.1095
0.54418
0.075683
0.30793
0.65565
0.34358
0.20655
1.1282
1.0912
1.223
0.1405
1.1626
1.1259
0.2044
0.56622
0.076137
0.13446
0.16804
0.1016
0.7995
0.09667
0.7585
0.57588
0.19928
0.30289
0.52218
1.1793
0.66919
0.20953
0.066556
0.74811
0.11613
1.1766
1.1162
0.099199
0.33637
0.14286
0.781
1.1453
0.085264
0.28346
0.68102
0.62589
0.11192
0.66774
0.12964
1.1602
0.70349
0.20154
0.20199
0.20305
0.085871
1.0604
0.55649
0.66646
0.34072
0.11275
1.3165
0.88937
0.071751
1.008
0.087196
0.3028
1.0408
0.82915
0.20795
0.26276
1.0372
0.1925
0.11954
0.22893
0.688
0.25152
0.55436
0.61638
0.10519
0.39192
0.77827
0.25924
0.38383
1.3889
0.313
0.099914
0.11808
0.88453
0.1921
0.38294
0.60411
0.88012
0.15223
0.14989
0.45779
1.2723
0.068374
0.10365
0.59231
0.24831
0.45443
1.33
0.091819
0.77464
0.10482
1.2838
0.26088
0.37185
0.84145
0.23335
0.099552
0.098636
0.30756
0.40023
0.76946
0.11316
0.083491
0.99337
0.12764
0.17251
0.30671
0.14075
0.23429
0.092297
0.43429
0.093138
0.78333
0.19433
0.39427
0.38973
0.060082
0.1959
0.11187
0.10435
0.11139
0.13579
0.74138
0.4659
0.16026
0.56918
0.077241
1.1174
0.86421
0.2584
0.1139
0.095744
0.11654
1.1084
0.24224
0.66538
0.093678
1.2046
0.63836
0.20011
0.082018
0.85742
1.0121
0.91316
0.19201
0.37242
0.91053
0.42561
0.10565
0.39197
0.9762
0.1506
0.13185
1.0226
0.93465
0.069873
0.6187
0.28542
0.172
0.18544
0.15183
0.175
0.54913
0.13889
0.3394
0.10914
0.86358
0.1953
1.1763
0.21725
0.22291
0.6601
0.13952
0.21622
0.84823
0.13479
0.51857
0.16246
0.16854
0.42142
0.25756
0.14437
0.067193
1.0934
0.097398
1.2293
0.73872
0.2606
0.084148
0.28782
0.41984
0.15336
0.37789
0.18896
0.31327
0.099532
0.080977
0.46341
0.14018
0.082904
1.0327
0.18672
0.83381
0.19747
0.70182
0.14274
0.79236
0.13739
0.14491
0.64357
0.19247
0.069625
1.2672
0.9054
0.95725
0.12596
0.10317
1.0619
0.3827
0.4202
0.21925
0.4399
0.091157
0.11325
1.0557
0.15474
0.12677
0.25407
0.099103
0.83152
0.10366
0.080568
0.87866
0.27887
1.1156
0.41973
0.57899
0.36667
0.13165
0.19026
0.12214
0.13638
0.20056
0.13008
0.38036
0.90018
0.52395
0.14968
0.10374
0.52609
0.095883
0.22481
0.72747
0.12214
0.46526
0.28788
0.36608
1.2359
1.1047
0.28679
0.40438
0.10936
0.71006
0.33158
0.10027
0.95351
0.95448
0.11085
0.11593
0.30938
0.22079
1.1508
0.69847
0.19027
0.18668
0.10762
0.14863
0.22107
0.23043
0.68103
0.88861
0.49546
0.41419
0.10808
0.12929
0.8929
0.29545
0.10091
1.0465
0.14633
0.78258
0.6215
0.46091
0.092108
0.80334
0.43451
0.10005
1.3837
1.1375
0.32087
0.47323
0.33035
0.17117
0.36679
0.32813
0.35113
0.34574
0.13344
0.14462
0.15743
0.12018
0.34693
0.14734
0.81696
0.094702
0.80929
0.63207
0.27922
0.74096
0.080031
0.10903
0.15584
0.098091
0.087872
0.93745
0.75633
0.28619
0.066935
0.11036
0.38442
0.49148
0.20942
0.87766
0.26144
0.93605
0.07925
0.14493
0.10876
0.07226
0.25903
0.90476
0.69812
0.76766
0.5961
0.19654
0.12374
0.13551
0.077824
0.35055
0.48539
1.1846
0.10734
0.58935
0.17448
0.54791
0.10024
0.1762
0.30393
0.105
0.748
0.92605
1.2195
0.19405
1.1727
0.11691
0.91696
0.11954
0.23289
0.11763
0.44589
0.44588
1.1693
0.35111
0.8989
0.16644
0.56748
0.088895
0.16346
1.11
0.14821
0.30668
0.12139
0.78604
0.082181
0.3426
0.97707
0.45436
0.11777
0.12191
1.1937
0.68287
0.38642
0.16935
0.73263
0.37971
1.1712
0.78553
0.2253
0.14501
0.14812
0.12971
0.18969
0.39301
0.090341
0.4032
0.12654
0.1227
0.12489
0.82772
0.17654
0.40565
0.21362
0.16997
0.29755
0.40368
0.58573
0.9584
0.33791
1.1594
0.52862
0.48757
1.0014
0.78169
0.48504
0.91763
0.24928
0.6073
0.65267
0.74492
0.1504
0.55004
0.12741
0.39317
0.16832
0.16114
1.2378
0.11499
0.51947
0.095901
0.18726
0.33946
0.41996
0.45878
0.094111
0.18035
0.080297
0.23084
0.07658
0.1722
0.74026
0.22725
0.98804
0.81508
0.58198
0.32632
0.15885
1.2031
0.30438
0.112
0.99935
0.24887
0.12899
0.24343
0.15446
0.7792
0.24098
0.14863
0.99261
0.14315
0.37479
0.12679
0.18588
0.23231
0.21153
0.13777
0.25204
0.66728
1.1812
1.2311
0.5707
0.076653
0.21438
1.0294
0.20981
0.38414
0.068663
0.8414
0.084952
1.3626
0.33055
0.17285
1.213
0.15862
0.50628
0.11298
1.1157
0.13802
0.19267
0.41888
0.079189
0.1296
0.071723
0.08164
0.43072
0.49359
0.083484
0.46547
0.22288
0.20826
1.4221
1.0412
0.18591
0.087432
0.28459
1.0788
0.20764
0.47524
0.10063
0.083891
0.26894
1.0688
0.11253
0.12695
0.83357
0.21886
0.54338
0.74432
0.11923
0.092713
0.063889
0.20087
0.24167
0.094188
0.22727
0.16719
0.092992
1.0531
0.50933
0.14239
0.13608
0.43631
1.3223
0.5389
0.14577
0.20315
0.72121
0.083701
0.22299
0.23034
0.42373
0.46483
0.084785
0.36055
0.67611
0.089142
0.27754
0.11133
0.14872
0.51686
0.2912
0.23554
0.6503
0.11984
0.8343
0.24572
0.961
0.34814
0.13793
0.25986
0.67288
0.85553
0.099674
0.26607
0.72249
0.50791
1.2833
0.7665
0.13915
0.75451
0.51923
0.34844
0.27414
0.36548
0.40749
0.075616
0.51681
0.50483
0.23801
0.14169
0.29623
0.50869
0.75621
0.16723
0.095861
0.2843
0.49203
0.30149
0.33087
0.96246
0.48056
0.1606
0.18706
0.36724
0.65709
0.10244
0.077793
0.14514
0.39105
0.17287
0.17515
0.18867
0.1001
0.17182
0.13432
0.62639
0.37066
0.12828
0.45879
1.0938
0.15046
1.2575
0.11152
0.58753
0.12447
0.10676
0.10507
0.96076
0.44775
0.90098
0.3706
0.15489
0.16871
0.10916
1.2651
0.18346
0.13143
0.77265
0.095252
0.15713
0.18347
0.086602
0.29475
0.12443
0.090436
0.44426
0.38572
0.39934
0.16389
1.3053
0.65948
1.156
0.36062
0.074421
0.62331
0.2105
0.15003
0.21855
0.09493
0.34157
0.35589
0.14666
0.54264
0.094936
0.11269
0.2737
1.2039
0.08797
0.42595
0.23582
0.18376
0.70331
0.36756
0.10057
0.23788
0.10549
0.32062
0.071856
0.55619
0.17796
0.67591
0.35564
0.079482
0.20516
0.60956
0.34086
0.10142
0.14522
0.1503
0.099403
0.52721
0.84047
0.1039
0.58703
0.23927
1.0716
0.96354
0.56733
0.68959
0.72616
0.63046
0.23638
1.2122
1.2421
0.15089
0.71972
0.23953
0.69624
0.15141
0.78026
0.37603
1.0382
0.64719
0.29845
0.22903
0.4007
0.66624
0.14826
0.93086
0.2469
0.27267
0.21665
0.62974
0.8087
0.90486
0.18823
0.27023
0.94271
0.47896
1.1188
0.11609
0.27417
0.29562
0.76618
0.12677
0.36726
0.1185
1.1451
0.1791
0.085379
0.67489
0.26628
0.080975
0.30808
0.25157
0.92925
0.39794
0.67156
0.16926
0.10164
0.10763
0.30652
0.34138
0.29668
0.10355
0.26433
0.30468
0.11055
0.27819
0.19531
0.27781
0.26988
1.6857
0.46124
0.098059
1.149
0.33279
0.20671
0.68299
0.59819
0.52218
0.086759
0.15166
0.91981
0.068613
0.1668
0.089348
0.91179
1.3003
0.59426
1.2053
0.15861
0.30449
0.24578
0.087832
0.12356
0.26142
0.87658
0.84142
0.26534
0.15498
1.2497
0.70941
0.18823
0.22522
0.10497
0.23844
0.81588
0.42581
0.20137
0.41532
1.1264
0.13769
1.063
1.0275
0.91204
0.79037
0.32941
0.20315
1.0035
0.77678
0.85304
0.24513
0.26856
0.35935
0.12285
0.66404
0.43711
0.15048
0.25939
1.1292
0.23761
0.50965
0.42003
0.15341
0.31057
0.11356
0.13786
0.73998
0.081369
0.11829
0.51288
0.13819
0.12778
0.26011
0.23137
0.56927
0.13063
1.0479
0.31285
0.36519
0.27892
0.22334
0.098672
1.0259
0.26504
0.623
0.11167
0.351
0.46384
1.576
0.39127
0.16653
0.6093
0.23814
0.78196
0.11628
0.89981
0.24226
0.15468
0.71794
0.12334
0.17313
1.1142
0.21637
1.0531
0.1749
0.26112
0.13698
0.0873
0.80988
0.12566
0.34412
0.17151
0.81845
1.2313
0.24373
1.1864
0.90716
0.11425
0.94969
0.3657
0.32937
0.14854
0.13182
0.33689
0.34792
0.092617
0.41689
0.71836
0.76207
0.21559
0.13885
0.62145
1.0497
0.42839
0.80841
0.49047
0.78743
0.64217
1.1024
0.081939
0.6703
0.97492
0.91767
1.0264
0.53514
1.0719
0.090619
0.1091
0.079954
0.14177
0.17961
0.86734
0.16973
0.67594
1.2241
1.3498
0.91724
0.10981
0.92311
0.24325
1.1945
0.5605
0.32844
0.099865
0.35726
0.19423
0.078087
0.15465
0.10873
0.074682
0.073588
0.26973
0.35687
0.12082
0.37379
0.1585
0.32932
1.0983
0.22267
0.47652
0.20356
0.17247
0.15064
0.2452
0.18218
0.98369
0.070833
0.11231
0.73728
0.45554
0.39599
0.10779
0.23344
0.4124
0.37638
0.40694
0.12725
0.99222
0.4159
0.31877
0.48376
0.59438
0.26879
0.3748
0.10683
0.1699
0.56787
0.20966
0.53573
0.85171
0.21534
0.64499
0.063832
0.38842
0.47817
0.31894
0.35058
0.11983
0.11361
0.098945
0.31921
0.084485
0.089483
0.44677
0.51368
0.22332
0.96131
0.40141
0.15154
0.89894
0.077386
0.1183
0.20411
0.12683
0.18429
1.088
0.091905
0.13367
0.1602
0.070777
0.47554
1.6557
0.18872
0.38204
0.11601
0.093932
0.27825
0.10268
0.41308
0.69586
0.56632
0.80559
1.1296
0.061191
0.24914
0.18452
0.81304
0.19637
0.69761
0.13658
0.61825
0.2215
0.70145
0.28701
0.635
0.16452
0.34526
0.14483
0.20498
1.2232
0.10476
0.18347
0.52118
0.754
0.09047
0.17282
0.3589
0.10909
0.086195
0.88183
0.14766
0.29332
0.57373
0.081197
0.97034
0.54548
0.54152
0.14386
0.4605
0.7671
0.42424
0.12861
0.07264
0.097301
0.19244
0.25814
0.20912
0.089667
1.0527
0.50064
1.1778
0.052956
0.31511
0.18724
0.13981
0.16437
1.2388
0.21206
0.1449
0.40006
0.24169
0.10109
0.20341
0.074524
0.58949
0.9479
0.12503
0.11461
0.53463
0.29605
0.075773
0.32452
0.18152
0.092738
0.40114
0.92534
0.33326
0.086815
1.1084
0.16777
0.17341
0.11101
0.13744
0.1544
0.18769
0.085632
0.12334
0.1747
0.52175
0.11385
0.54428
0.068785
0.17033
0.083295
0.88388
0.56269
1.1013
0.79065
1.0174
0.50878
0.95737
0.17337
0.1071
0.11839
0.40857
0.15514
1.1745
0.094309
0.091792
1.1783
0.083341
0.46854
0.14571
0.095708
1.0184
0.16346
0.53388
0.44014
0.91429
0.11902
1.009
1.2907
1.1806
0.12928
0.26682
0.12317
0.096999
0.23476
0.11101
0.17127
0.082494
0.49485
0.093478
0.4782
0.31448
0.14422
0.62938
1.45
1.2018
0.12825
0.22014
0.12927
0.32009
0.078364
1.137
0.35114
0.33712
0.18325
0.18508
0.077149
0.74692
1.4256
0.57834
0.25929
0.90274
0.12884
0.72242
0.16959
0.20927
0.54837
0.66596
1.0655
0.72214
0.19603
0.14604
0.50067
0.12386
0.11308
0.17372
0.37933
0.89336
0.48923
0.77606
0.22075
0.32911
0.52813
0.19063
0.13683
1.0207
0.81759
0.37482
0.48318
0.41119
0.09246
1.0565
0.15802
0.33052
0.1583
0.12607
0.47265
0.41626
0.92936
0.19333
0.13496
0.98685
0.20741
0.067988
0.1131
0.64745
0.13061
0.86804
0.53583
1.0996
0.71242
0.98848
0.36604
0.092452
0.15102
0.4301
0.13752
0.32645
0.078093
0.25231
0.10771
0.086879
0.18114
0.12651
0.44741
0.16579
0.23798
1.1087
0.098115
1.129
1.0317
1.113
0.085688
1.1285
0.24763
0.12055
0.39257
1.0902
0.15709
0.14339
0.10361
0.12278
0.71682
0.27536
0.12662
0.17615
0.4953
1.0408
0.20917
0.93469
0.41379
0.78631
0.38694
0.7677
0.72383
0.2842
0.26902
0.73736
0.38151
1.6339
0.60436
0.099288
0.1404
0.84164
1.1285
0.4769
0.29497
0.24281
0.43069
0.20367
0.878
0.16387
0.17153
0.15239
0.15844
0.69568
0.69074
0.093857
0.28954
0.83012
0.15611
1.1578
0.72663
0.42717
0.6787
0.24452
0.1463
0.13791
0.10185
0.12397
0.46564
0.1965
0.27552
0.78777
0.41865
0.15047
1.0003
0.94359
0.65113
0.064355
0.14737
1.1796
0.37346
0.32878
1.0223
0.087102
0.76256
0.12036
0.12184
0.14943
0.54003
1.1317
0.42911
0.096023
0.37472
0.19341
0.35315
0.085699
1.0544
0.7465
0.14583
0.086759
0.17466
0.51747
0.70086
0.29238
0.19251
0.29646
0.30348
0.57689
0.77427
0.1448
0.078914
0.15133
0.39622
0.2642
0.54298
0.10111
0.2599
1.2696
0.29037
0.28003
1.2347
0.16899
0.38261
1.0599
0.15282
0.20337
0.14555
0.17531
0.17868
0.54806
0.86886
0.72884
0.16557
0.65785
1.2329
0.69246
0.70638
0.42872
0.81347
0.70344
0.48056
0.14704
0.41252
0.41052
0.24286
0.22288
0.26415
0.12106
0.086342
0.11621
0.10718
0.20003
0.80215
0.21094
0.10296
0.11897
0.50193
0.11042
0.20539
1.2735
0.79499
0.28069
0.13264
0.99432
0.094292
0.171
1.2582
0.20871
0.77952
0.18155
0.50734
1.0646
0.31618
1.2584
0.35938
0.080488
1.0838
0.40573
1.203
0.35607
0.17775
0.16252
1.2825
0.41598
0.080047
0.40913
0.08413
0.24345
0.074444
0.2175
0.34487
1.404
0.33738
0.35074
1.086
0.11646
0.36271
0.15298
0.23073
0.18331
1.4212
1.2339
0.751
0.19508
0.10648
0.2151
0.11299
0.094581
0.12829
0.30584
1.2643
0.083818
0.25709
0.090111
0.14261
0.1529
0.19537
0.13153
0.434
0.47646
0.55052
1.0845
0.06523
0.6736
0.40946
0.78546
1.0675
1.1678
0.12496
0.40661
0.22063
0.21791
0.24036
0.37403
0.55972
0.14779
0.86539
0.76378
0.31367
0.96318
0.49085
0.6881
0.45207
1.2183
0.094068
1.1943
0.30725
0.16803
0.18711
0.93362
0.14994
1.0833
0.094029
0.15277
0.25676
0.66069
0.32558
0.17055
0.35551
0.25964
0.27409
0.10109
0.59106
1.262
0.086838
0.07637
0.13758
0.92794
0.98263
1.1474
0.098502
0.076441
0.24457
0.58495
0.66911
0.13449
0.88757
0.15319
1.1897
0.9337
1.1324
0.38418
0.41497
0.12502
0.84602
0.10364
0.20427
0.13977
0.46114
0.32727
0.14971
0.13977
1.0778
0.46181
0.21679
0.11106
0.27152
0.29077
0.10415
0.44251
0.17243
0.12662
0.17242
0.49184
0.089433
1.1205
0.64271
1.2095
0.16203
0.17499
0.3909
0.95607
0.43044
0.69222
0.080404
0.16604
1.1476
1.0125
0.18591
0.651
0.1552
0.083001
0.21062
0.1043
0.19621
0.57901
1.01
0.50091
0.16363
0.065177
0.88493
0.090729
0.93243
0.31584
0.76143
0.13237
0.23118
0.31826
0.77626
0.12565
0.20856
0.28712
0.39524
0.93482
0.41106
0.66604
0.30415
0.80924
0.11604
0.39245
0.37643
0.18333
0.25721
0.23889
0.62322
0.087633
1.0699
1.3612
0.10382
0.14459
0.37177
0.73535
0.435
0.44906
0.26049
0.11659
0.091457
0.59663
0.48442
0.56856
0.17658
1.1579
0.45626
0.91891
0.093929
0.20763
0.11701
1.0641
0.076259
1.1695
1.1812
0.4065
0.66267
0.93371
0.23282
0.39911
0.14693
0.12453
1.1179
0.43005
0.10808
0.24979
0.41306
0.097807
1.2421
0.23583
0.34322
0.17922
0.92491
0.15812
0.59043
1.1284
0.74409
1.4795
0.77751
0.46063
1.0776
0.60173
0.24618
0.17472
0.33705
0.12446
0.098387
0.32086
0.38624
0.1072
1.1878
0.1439
0.57606
0.22806
0.71591
0.44277
0.11339
1.0573
0.14994
0.11765
0.14751
0.13061
0.20851
0.54203
0.22047
1.1436
0.45571
0.24872
0.97433
0.12769
0.71166
1.7479
0.17892
0.17623
0.087013
0.40246
0.23348
0.087726
0.28898
1.0036
0.096875
0.31193
0.8619
0.13711
0.13617
1.232
0.10026
0.50775
0.17134
0.4726
0.09441
0.20713
0.10259
0.32006
0.13969
0.20167
0.34193
0.13905
0.99315
0.15801
0.094478
0.067939
0.13531
0.21269
0.50628
0.90566
0.12063
0.61659
0.37337
0.43407
0.34125
1.1613
0.19123
0.10402
0.65258
0.080471
0.1562
1.1109
0.13165
0.43323
0.23804
0.13581
0.85284
0.87014
0.17709
0.094899
0.23295
0.14181
0.38537
0.1401
0.32789
0.094866
0.080306
0.13496
0.30905
0.087326
0.13895
1.2063
0.64506
0.19179
0.24173
0.077585
0.48392
0.22628
0.59655
0.27171
0.18047
0.70048
0.39139
0.088082
1.1804
0.19588
1.1778
0.16134
0.23569
0.62406
0.12645
0.90597
0.084345
0.26621
0.17102
0.60917
1.2866
0.12691
0.28086
0.73904
0.19722
0.78117
1.0791
0.56639
0.68942
1.0877
1.0936
0.23554
0.25874
0.81329
0.35757
0.68614
0.41383
0.16448
0.71418
1.1744
0.19723
0.11099
0.2544
0.07207
0.57346
0.19463
0.67493
0.12249
1.0842
0.082512
0.13752
0.15333
0.087326
0.23728
0.47957
1.3094
0.98295
0.27499
1.12
0.12072
0.1593
0.69712
0.23323
1.0936
1.1467
0.73094
0.56665
0.25137
0.73487
0.2381
1.3699
0.61717
0.075555
0.1025
0.13266
0.35833
0.10462
0.083197
0.35169
0.89547
0.24431
0.08158
0.13847
0.080643
0.11139
1.031
0.1859
0.38178
0.11337
0.14907
0.74521
0.055034
0.25948
0.12498
0.35333
0.065638
0.11939
0.33407
0.10279
0.97578
1.1175
0.24301
0.41447
0.45795
0.15585
0.36455
0.17276
0.069739
1.0462
0.086404
0.39804
0.10344
0.15919
0.88697
0.58572
0.63647
0.17568
1.1694
0.32657
0.15129
0.56099
0.44871
0.51428
0.17689
0.68102
1.1425
0.33368
0.090184
1.0474
0.085101
0.43608
0.24111
1.1273
0.18817
0.31398
0.088718
0.35404
0.29948
0.75158
0.37636
0.66147
0.94627
0.18205
0.26449
1.2743
0.59625
0.25381
0.91477
0.99455
0.27757
0.12018
0.36902
0.25263
0.40675
1.0286
0.37178
0.12653
0.30364
0.20627
0.33173
0.2467
0.29907
0.27847
0.72065
0.21883
0.26644
0.26805
0.10005
0.10976
1.2841
0.31559
0.21405
0.37479
0.33509
0.94576
0.26631
0.64327
0.082564
0.2768
1.2137
0.23749
0.23021
0.12351
0.57434
0.18589
0.18407
0.14049
0.20704
0.25976
1.3731
0.81969
0.27548
0.62584
0.19495
0.1278
0.10126
0.22795
1.2598
0.17933
0.086482
1.1788
0.71642
0.15801
0.25579
0.18766
0.43231
0.14714
0.11725
0.58965
0.91444
0.18279
0.91534
0.076413
0.13335
1.112
0.10451
0.60539
0.56883
0.21981
0.16154
0.12402
1.0389
1.0887
0.29567
0.29707
0.88793
0.19489
0.31421
0.21413
0.10678
0.2659
0.79099
0.28405
1.1607
0.34721
0.77007
0.43024
0.12357
0.24836
0.1649
0.22488
0.13022
0.13914
0.095903
1.111
0.13684
0.58909
1.0113
0.40527
0.30775
0.52072
0.28663
0.18176
0.70071
0.27819
1.0845
0.12318
0.15685
0.076168
0.19087
0.57465
0.19576
0.076284
0.11578
0.26495
0.075353
0.11858
1.0547
0.20288
0.10586
1.1457
0.93261
1.2086
0.13163
0.10185
0.99478
0.32492
0.08514
0.164
0.19243
0.18598
0.14885
0.48678
0.071895
0.13715
0.084838
0.34195
0.1597
0.52144
0.090325
0.39063
0.82148
0.073743
0.36135
0.30123
0.20791
0.80829
1.0778
0.35146
0.14379
0.12267
0.13833
1.1699
0.10724
0.066888
0.096316
0.93593
0.49513
0.56113
0.17681
0.77231
0.24889
0.24961
0.092639
0.085094
0.81604
0.49304
0.36656
0.13045
0.21635
0.76259
1.1174
1.3168
0.089333
0.58283
0.4998
0.3951
0.10321
0.14561
0.078398
0.52339
0.092111
0.25117
0.15846
0.11962
1.0931
0.28696
0.13859
0.11654
0.15221
1.2416
0.4859
0.88487
0.12237
0.82117
0.53742
0.15673
0.42809
0.74592
0.11228
0.80602
0.11195
0.70701
0.2313
0.3933
0.16863
1.1795
0.092404
0.11746
0.3287
0.41513
0.33017
0.29208
0.63753
0.75801
0.20973
0.91508
0.091696
1.0837
0.10996
1.1575
0.10535
0.22459
0.55185
1.0158
0.25074
0.60959
0.30323
0.23888
0.42888
0.60523
0.97707
0.066652
0.67401
0.19339
0.13677
1.1151
1.0965
0.62164
0.10174
0.8371
0.89558
0.22873
0.34614
0.7589
0.13378
0.30196
0.23567
0.51634
1.1456
0.1706
0.085424
0.1305
1.1683
0.1625
0.12966
0.72737
1.1165
0.71145
0.93256
0.14299
0.3296
0.20836
0.62149
0.4804
0.27001
0.265
0.21288
0.64154
0.10323
0.12967
0.16641
0.54721
1.012
0.13223
0.18943
0.15942
0.13837
0.4642
0.11211
0.4608
1.0893
0.41541
0.76407
0.11046
0.37141
0.19879
0.12577
0.18693
0.3321
0.14845
0.60924
0.85933
0.30165
0.88478
0.10705
0.39715
0.32348
0.12124
0.091289
0.24437
0.11342
0.098205
1.5097
0.41782
0.17517
1.098
0.13729
1.1834
0.29972
1.2055
0.17241
0.69725
0.288
0.11284
0.57998
0.082815
0.14261
0.70725
1.2067
0.33265
0.30372
1.0548
0.096348
0.10809
0.43642
0.50677
0.19087
0.44887
0.18761
0.8013
0.58015
0.16756
1.2184
0.7225
0.20803
0.36329
0.082336
0.09104
0.16695
0.23683
0.40245
0.31532
0.066294
0.12105
0.19731
0.13391
0.31104
0.73814
0.4896
0.3573
0.17345
0.070338
0.2154
0.92935
0.44423
0.11184
0.27514
0.50426
0.37454
0.16298
0.96126
0.4993
0.64706
0.41568
0.17632
0.43294
1.5591
0.52282
0.81745
0.10639
0.36934
0.91648
0.96152
0.92894
0.26241
0.16863
0.12882
0.10854
0.078317
0.11309
0.1001
0.097705
0.085995
0.11023
0.26373
0.098913
1.0428
0.11533
0.095448
0.20352
0.16832
0.17241
0.69001
0.072883
0.16064
0.6343
0.092723
0.6277
0.26577
0.097336
0.099647
0.10208
0.10922
0.78613
0.44749
0.87086
1.0712
0.65279
0.15752
0.59126
1.2948
0.19041
0.59244
0.21864
0.47513
0.1156
0.14194
0.14004
0.62656
0.22902
0.48049
0.11648
0.089241
0.59232
0.28625
0.50259
0.50471
0.21394
0.28219
0.4885
0.15063
0.19595
0.95577
0.1027
0.087462
0.1257
0.53688
0.069772
1.0804
1.327
0.99288
0.35128
0.33763
0.36638
0.10274
0.2892
0.29069
0.12532
0.078269
0.11707
0.25852
0.22063
0.38517
0.41415
0.087595
0.11007
0.77118
0.11843
0.089099
0.14469
0.89131
0.17969
1.1642
0.12424
0.16286
0.72173
0.10237
0.10382
0.34569
0.79106
0.21964
0.4896
0.11138
0.24813
1.0066
0.24342
0.27918
0.38259
0.63142
0.13665
0.27904
0.1677
0.087442
0.94388
0.98515
0.11014
0.58597
1.1636
0.1363
0.12505
0.092967
0.75579
0.21638
0.16078
0.16134
0.071307
0.45117
0.39135
0.63332
0.43712
0.10141
0.07141
0.71642
0.57797
0.10218
0.29994
0.49876
0.9648
0.16502
0.25746
0.28636
1.3216
0.15405
0.073397
1.0094
0.27956
0.076641
0.4743
0.17569
0.25539
0.12305
0.23515
0.71648
0.19302
0.1233
0.54698
0.11458
0.2241
0.15144
0.13119
0.18507
0.073632
0.096485
0.076167
0.59368
0.074619
0.9011
0.14922
0.39076
0.2325
0.46852
0.19563
0.14989
0.7939
0.12862
1.1349
1.1728
0.8235
0.14618
1.2871
0.39612
0.29313
0.43644
0.16067
0.19605
0.084605
0.79309
1.1987
0.28155
0.59122
0.46365
0.77434
0.10185
1.1039
0.1894
0.091084
0.4384
0.45352
0.31479
0.11689
0.24752
0.3087
1.0564
0.25749
0.076882
0.1594
0.46352
0.3633
0.37979
0.50213
0.54192
0.14505
0.16608
0.065021
0.37672
0.52082
1.4853
0.11158
0.094433
0.60285
0.20125
0.22996
0.25196
0.88108
0.21775
1.1473
0.092338
0.92896
0.16711
0.12282
0.62543
1.5693
0.96504
0.11603
0.16099
0.2586
0.43103
0.28567
0.083204
0.087923
0.21611
0.15813
0.29891
0.50952
0.072936
0.7819
0.37697
0.33137
0.22456
0.13181
0.39917
0.85458
0.4366
0.10379
0.55264
0.19124
0.86494
0.81994
0.23257
0.95152
1.0816
0.1391
0.12918
1.0138
0.2086
0.17436
1.1259
0.19176
0.35857
0.3982
0.30222
0.27378
0.39747
0.1831
0.25455
0.10409
1.344
0.60756
0.13874
0.19261
0.22113
0.6425
0.30933
0.11525
0.32471
0.16297
0.58194
0.83263
0.99478
1.1483
0.14151
0.43505
0.13214
1.04
0.385
1.172
0.10115
0.16314
0.97874
1.0667
1.119
0.10795
0.9209
0.60855
0.24135
0.27269
0.40724
0.47024
0.10526
0.075885
0.45261
0.26235
0.16957
0.33429
0.21057
0.5257
0.27086
0.078793
0.23147
0.1212
0.1966
0.28745
0.19478
0.28119
0.24146
0.25494
0.4796
0.19731
0.48206
0.30821
0.54639
0.55132
0.1515
1.2325
0.80308
0.48238
0.67125
0.2206
0.25616
0.83182
1.2887
0.32436
1.2202
0.077768
0.091965
0.49877
0.10897
1.1715
1.2184
1.2655
0.99025
0.79101
0.41024
1.2956
0.69268
1.14
0.36353
0.083312
0.17283
0.96009
0.080978
0.13279
0.97076
0.50681
0.90743
0.20703
1.1619
0.090636
1.018
0.34081
1.171
0.12971
0.86219
0.11172
0.11445
0.69494
0.84894
0.59385
1.0055
0.26551
0.33908
0.57793
0.23081
0.2557
0.096494
0.36273
0.10962
0.2055
0.28757
0.12045
0.22337
0.075985
0.38401
0.17976
0.88021
0.068681
0.3803
0.28932
0.60254
0.15682
0.18488
0.9217
0.35793
0.41735
0.13757
0.23803
0.22907
0.11347
0.37252
0.21718
0.13629
1.0882
0.14579
0.63356
0.17199
0.49805
1.5732
0.5846
0.92961
0.28877
0.15167
0.061689
1.0327
0.074193
0.084274
0.37692
0.64387
0.22428
0.10231
0.52019
0.57508
0.20345
0.86981
0.78727
0.11049
0.19261
0.49744
0.52501
0.26632
0.23606
0.43371
0.2647
0.097039
1.1972
0.18946
0.16251
0.44916
0.16613
0.077408
0.39879
0.48101
0.089361
0.42072
0.1405
0.087849
0.15075
0.2044
0.76104
0.61943
0.16895
0.72162
0.10548
0.40238
0.10005
0.1337
0.16118
0.14259
0.093844
0.1047
0.2532
0.18793
0.74342
0.066556
0.11556
0.079459
0.33761
0.3016
0.067864
0.36343
0.30945
1.1588
0.83022
0.10959
0.15345
0.69579
0.62589
0.29172
0.26169
0.73909
0.41095
0.30686
1.2991
0.47474
0.13716
0.26265
0.16873
0.55515
0.4468
0.31638
0.21821
1.5709
0.54257
0.85355
0.23756
0.33904
0.20921
0.39117
0.16416
0.10654
0.2044
1.0372
0.67962
0.31883
0.38738
1.0088
0.25152
0.080197
1.133
0.078688
1.0185
0.47992
0.25924
0.093975
0.075637
0.27534
0.11442
0.23496
0.45331
0.6444
1.189
0.14047
0.88012
0.12553
0.30497
0.42333
0.35302
1.0857
1.0987
1.1492
0.24831
0.27345
0.51598
0.37321
0.59699
0.10482
0.25175
0.26088
0.91692
0.092572
0.23335
1.7575
1.0961
0.15783
0.40023
0.42441
0.13868
0.87057
0.31362
0.098594
0.11604
0.30671
0.14075
0.1369
0.092297
0.37547
1.0641
0.43697
0.98419
0.23795
0.49715
0.10534
0.1959
1.5668
0.37452
0.61015
0.14049
1.1728
0.059414
0.17618
0.10619
0.11737
0.1786
0.11457
0.24255
0.1139
0.76322
0.17409
0.55742
0.28642
1.3876
0.37246
0.081007
1.1853
1.1586
0.14335
0.32055
0.63194
1.2146
0.10917
0.37242
0.081805
0.93721
0.10565
0.48801
0.34168
0.16346
0.13185
0.25418
0.11668
1.071
0.64579
0.79186
0.15097
0.1321
0.068196
1.6497
0.54913
0.097924
0.061358
0.14325
1.3073
0.1953
0.1105
0.21725
0.22291
0.62688
0.16524
1.5664
0.10607
0.13479
1.113
0.89962
0.15599
0.28274
0.082921
0.10143
0.15662
0.29595
0.8058
1.2293
0.73872
0.73803
0.82614
0.94791
0.30989
0.26656
0.16192
0.38555
0.76449
0.99783
0.080977
0.12016
1.036
0.082624
0.79741
1.0503
0.29978
0.37362
0.38378
0.075815
0.79236
1.5007
0.14491
0.76934
0.75607
1.068
1.2672
0.091184
0.11913
0.25948
0.10657
1.0619
1.0154
0.4202
0.24575
0.086302
0.11904
0.24201
0.12566
0.3445
0.29189
0.7831
0.6841
0.15414
0.4753
0.085809
0.95304
0.11422
0.22847
0.83535
0.066036
0.36667
0.32016
0.85352
0.37284
0.10507
0.10414
0.13008
0.43528
0.42623
0.54592
0.14968
1.1374
0.40199
0.56475
0.68849
0.83797
0.069929
1.1526
1.2067
0.2761
1.0011
0.59618
0.1216
0.45254
0.09802
0.087279
0.80605
0.15534
0.51008
0.95448
0.18699
0.76428
0.33399
0.3921
0.47557
0.18909
0.10954
0.99257
0.26926
1.0776
0.96074
0.23043
0.68103
0.09104
0.42324
1.2519
0.13376
0.15232
0.37776
0.72198
1.2548
0.23303
1.0213
0.78258
0.82974
0.27135
0.39976
0.10612
0.80129
0.426
0.23197
0.84612
0.16699
0.5736
0.42185
0.17117
0.17391
0.87824
0.65821
0.098388
0.95951
0.80692
1.0899
0.64614
0.23754
0.5995
0.15281
0.56034
0.47576
0.18621
0.45921
0.26134
0.11468
0.23543
0.15584
0.098091
1.1247
0.56918
0.082016
0.70019
0.080166
0.25974
1.3327
0.16051
0.11843
0.22057
0.43799
0.11923
0.14645
0.33526
1.2494
1.1604
0.25903
0.98092
0.27447
0.25176
0.1279
1.2769
0.21079
0.1422
1.2332
0.14564
0.12547
0.13236
0.89028
0.52324
0.13552
0.10114
0.42774
0.1762
1.0435
0.09304
0.12031
1.0738
0.14706
0.082075
1.1482
0.11691
0.81059
0.11409
0.46321
0.11763
1.4017
0.28214
0.98532
0.30222
0.23437
0.25495
0.38564
0.10823
0.74186
0.61549
0.7041
0.15317
0.19362
0.78604
1.1947
0.918
0.97707
1.2538
1.0648
1.0115
1.1937
0.12519
0.92974
0.35077
0.49007
0.37971
1.1712
0.78553
0.2253
0.14501
0.14812
0.12971
0.18969
0.39301
0.090341
0.4032
0.12654
0.1227
0.12489
0.82772
0.17654
0.40565
0.21362
0.16997
0.29755
0.40368
0.58573
0.9584
0.33791
1.1594
0.52862
0.48757
1.0014
0.78169
0.48504
0.91763
0.24928
0.6073
0.65267
0.74492
0.1504
0.55004
0.12741
0.39317
0.16832
0.16114
1.2378
0.11499
0.51947
0.095901
0.18726
0.33946
0.41996
0.45878
0.094111
0.18035
0.080297
0.23084
0.07658
0.1722
0.74026
0.22725
0.98804
0.81508
0.58198
0.32632
0.15885
1.2031
0.30438
0.112
0.99935
0.24887
0.12899
0.24343
0.15446
0.7792
0.24098
0.14863
0.99261
0.14315
0.37479
0.12679
0.18588
0.23231
0.21153
0.13777
0.25204
0.66728
1.1812
1.2311
0.5707
0.076653
0.21438
1.0294
0.20981
0.38414
0.068663
0.8414
0.084952
1.3626
0.33055
0.17285
1.213
0.15862
0.50628
0.11298
1.1157
0.13802
0.19267
0.41888
0.079189
0.1296
0.071723
0.08164
0.43072
0.49359
0.083484
0.46547
0.22288
0.20826
1.4221
1.0412
0.18591
0.087432
0.28459
1.0788
0.20764
0.47524
0.10063
0.083891
0.26894
1.0688
0.11253
0.12695
0.83357
0.21886
0.54338
0.74432
0.11923
0.092713
0.063889
0.20087
0.24167
0.094188
0.22727
0.16719
0.092992
1.0531
0.50933
0.14239
0.13608
0.43631
1.3223
0.5389
0.14577
0.20315
0.72121
0.083701
0.22299
0.23034
0.42373
0.46483
0.084785
0.36055
0.67611
0.089142
0.27754
0.11133
0.14872
0.51686
0.2912
0.23554
0.6503
0.11984
0.8343
0.24572
0.961
0.34814
0.13793
0.25986
0.67288
0.85553
0.099674
0.26607
0.72249
0.50791
1.2833
0.7665
0.13915
0.75451
0.51923
0.34844
0.27414
0.36548
0.40749
0.075616
0.51681
0.50483
0.23801
0.14169
0.29623
0.50869
0.75621
0.16723
0.095861
0.2843
0.49203
0.30149
0.33087
0.96246
0.48056
0.1606
0.18706
0.36724
0.65709
0.10244
0.077793
0.14514
0.39105
0.17287
0.17515
0.18867
0.1001
0.17182
0.13432
0.62639
0.37066
0.12828
0.45879
1.0938
0.15046
1.2575
0.11152
0.58753
0.12447
0.10676
0.10507
0.96076
0.44775
0.90098
0.3706
0.15489
0.16871
0.10916
1.2651
0.18346
0.13143
0.77265
0.095252
0.15713
0.18347
0.086602
0.29475
0.12443
0.090436
0.44426
0.38572
0.39934
0.16389
1.3053
0.65948
1.156
0.36062
0.074421
0.62331
0.2105
0.15003
0.21855
0.09493
0.34157
0.35589
0.14666
0.54264
0.094936
0.11269
0.2737
1.2039
0.08797
0.42595
0.23582
0.18376
0.70331
0.36756
0.10057
0.23788
0.10549
0.32062
0.071856
0.55619
0.17796
0.67591
0.35564
0.079482
0.20516
0.60956
0.34086
0.10142
0.14522
0.1503
0.099403
0.52721
0.84047
0.1039
0.58703
0.23927
1.0716
0.96354
0.56733
0.68959
0.72616
0.63046
0.23638
1.2122
1.2421
0.15089
0.71972
0.23953
0.69624
0.15141
0.78026
0.37603
1.0382
0.64719
0.29845
0.22903
0.4007
0.66624
0.14826
0.93086
0.2469
0.27267
0.21665
0.62974
0.8087
0.90486
0.18823
0.27023
0.94271
0.47896
1.1188
0.11609
0.27417
0.29562
0.76618
0.12677
0.36726
0.1185
1.1451
0.1791
0.085379
0.67489
0.26628
0.080975
0.30808
0.25157
0.92925
0.39794
0.67156
0.16926
0.10164
0.10763
0.30652
0.34138
0.29668
0.10355
0.26433
0.30468
0.11055
0.27819
0.19531
0.27781
0.26988
1.6857
0.46124
0.098059
1.149
0.33279
0.20671
0.68299
0.59819
0.52218
0.086759
0.15166
0.91981
0.068613
0.1668
0.089348
0.91179
1.3003
0.59426
1.2053
0.15861
0.30449
0.24578
0.087832
0.12356
0.26142
0.87658
0.84142
0.26534
0.15498
1.2497
0.70941
0.18823
0.22522
0.10497
0.23844
0.81588
0.42581
0.20137
0.41532
1.1264
0.13769
1.063
1.0275
0.91204
0.79037
0.32941
0.20315
1.0035
0.77678
0.85304
0.24513
0.26856
0.35935
0.12285
0.66404
0.43711
0.15048
0.25939
1.1292
0.23761
0.50965
0.42003
0.15341
0.31057
0.11356
0.13786
0.73998
0.081369
0.11829
0.51288
0.13819
0.12778
0.26011
0.23137
0.56927
0.13063
1.0479
0.31285
0.36519
0.27892
0.22334
0.098672
1.0259
0.26504
0.623
0.11167
0.351
0.46384
1.576
0.39127
0.16653
0.6093
0.23814
0.78196
0.11628
0.89981
0.24226
0.15468
0.71794
0.12334
0.17313
1.1142
0.21637
1.0531
0.1749
0.26112
0.13698
0.0873
0.80988
0.12566
0.34412
0.17151
0.81845
1.2313
0.24373
1.1864
0.90716
0.11425
0.94969
0.3657
0.32937
0.14854
0.13182
0.33689
0.34792
0.092617
0.41689
0.71836
0.76207
0.21559
0.13885
0.62145
1.0497
0.42839
0.80841
0.49047
0.78743
0.64217
1.1024
0.081939
0.6703
0.97492
0.91767
1.0264
0.53514
1.0719
0.090619
0.1091
0.079954
0.14177
0.17961
0.86734
0.16973
0.67594
1.2241
1.3498
0.91724
0.10981
0.92311
0.24325
1.1945
0.5605
0.32844
0.099865
0.35726
0.19423
0.078087
0.15465
0.10873
0.074682
0.073588
0.26973
0.35687
0.12082
0.37379
0.1585
0.32932
1.0983
0.22267
0.47652
0.20356
0.17247
0.15064
0.2452
0.18218
0.98369
0.070833
0.11231
0.73728
0.45554
0.39599
0.10779
0.23344
0.4124
0.37638
0.40694
0.12725
0.99222
0.4159
0.31877
0.48376
0.59438
0.26879
0.3748
0.10683
0.1699
0.56787
0.20966
0.53573
0.85171
0.21534
0.64499
0.063832
0.38842
0.47817
0.31894
0.35058
0.11983
0.11361
0.098945
0.31921
0.084485
0.089483
0.44677
0.51368
0.22332
0.96131
0.40141
0.15154
0.89894
0.077386
0.1183
0.20411
0.12683
0.18429
1.088
0.091905
0.13367
0.1602
0.070777
0.47554
1.6557
0.18872
0.38204
0.11601
0.093932
0.27825
0.10268
0.41308
0.69586
0.56632
0.80559
1.1296
0.061191
0.24914
0.18452
0.81304
0.19637
0.69761
0.13658
0.61825
0.2215
0.70145
0.28701
0.635
0.16452
0.34526
0.14483
0.20498
1.2232
0.10476
0.18347
0.52118
0.754
0.09047
0.17282
0.3589
0.10909
0.086195
0.88183
0.14766
0.29332
0.57373
0.081197
0.97034
0.54548
0.54152
0.14386
0.4605
0.7671
0.42424
0.12861
0.07264
0.097301
0.19244
0.25814
0.20912
0.089667
1.0527
0.50064
1.1778
0.052956
0.31511
0.18724
0.13981
0.16437
1.2388
0.21206
0.1449
0.40006
0.24169
0.10109
0.20341
0.074524
0.58949
0.9479
0.12503
0.11461
0.53463
0.29605
0.075773
0.32452
0.18152
0.092738
0.40114
0.92534
0.33326
0.086815
1.1084
0.16777
0.17341
0.11101
0.13744
0.1544
0.18769
0.085632
0.12334
0.1747
0.52175
0.11385
0.54428
0.068785
0.17033
0.083295
0.88388
0.56269
1.1013
0.79065
1.0174
0.50878
0.95737
0.17337
0.1071
0.11839
0.40857
0.15514
1.1745
0.094309
0.091792
1.1783
0.083341
0.46854
0.14571
0.095708
1.0184
0.16346
0.53388
0.44014
0.91429
0.11902
1.009
1.2907
1.1806
0.12928
0.26682
0.12317
0.096999
0.23476
0.11101
0.17127
0.082494
0.49485
0.093478
0.4782
0.31448
0.14422
0.62938
1.45
1.2018
0.12825
0.22014
0.12927
0.32009
0.078364
1.137
0.35114
0.33712
0.18325
0.18508
0.077149
0.74692
1.4256
0.57834
0.25929
0.90274
0.12884
0.72242
0.16959
0.20927
0.54837
0.66596
1.0655
0.72214
0.19603
0.14604
0.50067
0.12386
0.11308
0.17372
0.37933
0.89336
0.48923
0.77606
0.22075
0.32911
0.52813
0.19063
0.13683
1.0207
0.81759
0.37482
0.48318
0.41119
0.09246
1.0565
0.15802
0.33052
0.1583
0.12607
0.47265
0.41626
0.92936
0.19333
0.13496
0.98685
0.20741
0.067988
0.1131
0.64745
0.13061
0.86804
0.53583
1.0996
0.71242
0.98848
0.46026
0.15691
0.099616
0.62672
0.42007
0.33568
0.078093
0.65286
0.56442
0.48179
1.0432
1.4844
0.22792
0.94508
0.14757
1.1087
0.097091
0.92486
0.11124
0.15937
0.14003
0.30012
0.2125
1.1715
0.4887
1.0902
0.66001
0.089847
0.20962
0.1954
0.4977
0.22572
0.42853
0.29078
0.65498
0.78566
0.1965
0.13598
0.18041
0.75175
0.42632
1.1932
0.72383
0.32741
0.14447
0.73736
1.0036
0.16402
0.10109
0.15152
0.1404
0.45548
1.1285
0.4769
0.076143
0.11055
0.11802
0.38739
0.19004
0.41231
0.19834
0.18908
0.22521
0.69568
0.17165
0.50211
1.1235
0.54611
0.13741
0.15871
0.11598
1.138
0.32541
0.45403
1.0874
1.2255
0.20124
0.10743
0.12228
0.25236
0.4886
0.3634
0.33372
0.15047
0.4951
0.27492
0.37926
0.085612
0.24316
0.15696
1.1755
0.053961
0.2001
0.47631
0.092441
0.081081
0.69619
1.1307
0.72781
1.02
0.60468
0.71108
0.085712
0.24511
0.35315
0.099053
0.37568
1.1692
0.26017
0.086759
0.076957
0.15323
0.15849
0.84163
0.19251
0.29646
0.23881
1.1576
1.1509
0.77335
0.39193
0.71213
1.1356
0.41155
0.67864
0.10111
0.85325
0.16069
0.81891
0.10471
0.28887
1.1322
0.35092
0.099765
0.92886
1.02
0.28757
0.17531
0.073961
0.4764
0.58973
0.25286
0.15165
0.11898
0.3746
0.18088
1.2117
1.3232
0.52801
0.1215
0.41107
0.35267
0.11212
0.72272
0.21788
0.22288
0.26226
0.62224
0.18771
0.11621
0.22491
0.20003
0.21393
0.53017
0.10296
0.20944
0.12834
0.12034
0.28103
0.089442
0.13166
0.14459
0.14662
0.1498
0.1999
0.18447
0.96368
0.20871
0.19813
1.0883
0.070207
0.49511
0.16116
0.29905
0.12515
0.2849
0.12162
0.92537
0.71146
0.064707
0.33234
0.13795
0.1721
0.2348
0.23373
0.38307
0.11005
0.92241
0.49023
0.1363
0.34487
0.33937
0.33738
0.44076
0.26801
0.11646
1.3153
0.57615
0.11759
0.22235
0.10993
0.11108
0.32177
0.74386
0.25454
0.96076
0.30553
0.25675
0.38235
0.22932
0.45811
0.19608
0.4236
0.35743
0.29116
0.13504
0.60943
0.36403
0.22353
0.085557
0.55052
1.2315
0.67247
0.4844
0.4766
0.85038
0.80306
0.22036
0.079039
0.10276
0.12001
1.0849
0.24036
0.19989
0.79359
0.14779
0.18271
0.29259
0.31367
0.69775
0.15984
0.51853
0.070692
0.1204
0.98319
1.2562
0.10482
0.58507
0.86739
0.86613
0.10967
0.12918
0.30015
0.1404
0.59339
0.081829
0.082911
0.28429
0.52974
0.097293
0.37357
0.20291
0.062534
0.085827
0.54288
0.31148
0.8946
0.17835
0.10873
0.31503
0.98434
0.076441
0.49471
0.079592
0.18119
0.23624
0.34547
0.73455
0.10277
0.13931
0.084147
1.1098
0.75812
0.79853
0.99287
0.10364
0.56913
0.089896
0.13041
0.55169
0.20606
1.1507
1.0778
0.077157
0.12441
0.091089
1.0803
1.2022
0.10415
0.56882
0.70135
0.3532
0.17242
0.13422
0.089433
0.10727
0.25909
0.12658
0.75509
0.059548
0.3909
0.56508
0.96736
0.11409
0.080404
0.98424
0.81691
0.17057
0.18591
0.4135
0.1552
0.083001
0.21062
0.1043
0.085053
0.57104
0.86001
0.50091
1.0851
0.80357
0.13292
0.31912
0.17119
0.10176
0.76143
0.15537
0.40453
0.19976
0.071046
0.34933
0.40365
0.12093
0.39524
1.0575
0.59197
0.10774
0.96068
0.52079
0.08101
0.32682
0.25834
0.17825
0.26374
0.71772
0.30375
1.0251
0.74755
1.3612
1.3373
1.4008
0.73539
0.73535
0.091289
0.44906
0.98557
0.11659
0.11227
0.59663
0.54721
0.19837
0.11128
0.51458
0.15773
0.91891
0.093929
0.33938
0.2122
1.0641
0.3435
1.1695
0.91871
0.22698
0.26783
0.40828
0.81343
0.13667
0.14633
0.12453
0.45409
0.42345
0.76573
0.24979
0.9288
1.2257
0.5388
0.23583
1.0855
0.065172
0.92491
0.24332
0.87522
1.0407
0.16236
0.14077
1.2339
1.1513
0.21716
0.40972
0.20454
0.277
0.14134
0.38184
0.18148
0.13235
0.46375
1.0018
0.14784
1.0483
0.57606
0.22806
0.070595
0.093936
0.23484
0.10006
0.19304
0.070459
0.182
0.13061
0.085982
0.41242
0.18162
1.1609
0.75108
0.14301
0.29715
0.070086
0.36233
0.17892
0.2023
0.088168
0.087013
0.086507
0.23348
0.068956
0.080138
1.0036
0.12913
0.31193
1.2053
0.11754
0.066549
0.28337
1.0653
0.50775
0.42268
0.60688
0.29304
0.12306
0.10259
0.16299
0.11697
0.69205
1.0038
0.13905
0.17665
0.1873
0.094478
0.21874
0.15851
0.8114
0.5898
0.98662
1.0898
0.29026
0.54089
0.25942
0.17044
0.29038
1.041
0.92169
0.85315
0.080471
0.11284
0.44525
0.36603
1.1767
0.11624
0.54554
0.082492
0.27587
0.13381
0.15393
0.40549
0.091974
0.38537
1.5799
0.38968
0.14945
0.092949
0.46652
0.45711
0.087326
0.13895
0.1394
0.75074
0.36778
0.80856
1.1039
0.1043
0.24536
0.59655
0.79345
1.1737
1.2019
0.35798
0.19728
1.1804
0.12379
0.091499
0.83434
0.37361
0.62406
0.12645
0.10396
1.1212
0.70894
0.1517
0.081946
0.19161
0.22248
0.074298
0.12421
0.5997
0.19701
1.0791
0.56639
0.21641
0.17825
0.067451
0.85848
1.0691
0.28232
0.23007
0.064438
0.52286
0.7409
0.71418
0.90419
0.16589
0.15205
0.68318
0.16354
0.57346
0.34454
0.14492
0.09709
1.0842
0.65566
0.2154
0.11977
0.087326
0.52702
0.11209
0.52395
0.1975
0.19304
0.14802
0.27587
0.80724
1.102
0.10687
0.88088
0.572
0.23627
0.12526
0.12058
1.1369
0.4033
0.064792
0.59792
0.30301
0.34601
0.9163
0.10034
0.10462
0.13627
0.95583
0.11377
0.17973
0.099269
0.45762
0.080643
0.2114
0.46256
0.83139
0.95147
0.34432
0.14793
0.11632
1.4561
0.10296
0.41903
0.1164
0.47358
0.11968
0.33407
0.27644
0.14956
0.52163
0.12364
0.41447
0.45795
0.2773
0.69449
0.13327
0.1021
0.178
0.42466
0.096753
1.1432
0.15919
0.88697
0.37157
0.76016
0.082796
0.93321
0.61602
0.25155
1.4426
0.12592
0.7657
0.17689
0.12058
0.3593
0.19836
0.090184
0.17423
0.085101
0.17808
0.24111
0.54277
0.36465
1.5903
0.26875
0.17146
0.21037
1.376
0.75535
0.57977
0.15036
0.1569
0.26449
0.53341
0.15876
0.25381
0.14876
0.086332
0.1029
0.32483
0.078756
0.6684
0.5367
0.19204
0.37178
0.41314
0.30364
0.41242
0.27329
1.2541
0.82716
0.33609
0.32396
1.1796
0.14233
1.2143
0.63662
1.1079
0.28874
0.41692
0.087396
0.17746
0.084883
0.24861
0.062239
0.21722
0.11177
1.0021
0.46107
0.076932
0.67284
1.1679
0.14561
0.088637
0.33244
0.35154
0.11298
0.082466
0.12789
0.15036
0.20631
0.363
0.40532
0.21785
1.442
0.18644
1.2598
0.179
0.13576
0.15612
0.57128
0.64507
0.67657
0.17564
0.086963
0.8503
0.23081
0.20169
0.91444
0.96969
0.27389
0.10629
0.21135
0.82297
0.10451
0.13266
1.0417
0.10081
0.13667
0.11533
0.88988
0.18178
0.54255
0.87465
0.065522
0.67598
0.098644
1.1268
0.086493
0.71527
0.44103
0.64607
1.4253
0.13969
0.19932
0.43024
0.163
0.11483
0.82263
0.21122
0.13346
0.13914
1.073
1.3065
0.78691
0.1221
0.15369
1.0648
0.091881
0.61706
0.265
0.18638
0.30796
0.11125
0.084895
0.87409
1.0916
0.26481
0.15911
0.83683
0.8746
0.14228
0.59566
0.26495
0.13489
0.99496
0.2813
0.20288
0.10586
0.069985
0.62786
0.13218
0.16283
0.10185
0.82967
0.21486
0.10163
0.12262
0.19243
0.41835
0.24597
0.73939
0.20825
0.60364
0.48173
0.34195
1.2083
1.2635
0.1134
0.53842
0.24734
0.37602
0.26575
1.0479
0.42207
0.17952
0.19371
0.095853
0.87766
0.53538
0.68593
0.18593
0.61213
0.14049
0.37736
0.92645
1.193
0.16648
1.1152
0.15837
0.175
0.082992
0.092639
0.092459
0.10852
0.32754
0.19352
0.16663
0.17745
0.30348
0.072626
1.203
0.26413
1.3506
0.50354
0.066694
0.13218
0.091692
0.91593
0.14079
0.092111
0.66412
1.6757
0.083402
0.87084
0.28696
0.13859
0.065165
0.4739
0.27461
0.42014
0.88487
0.17613
0.31457
0.94182
0.5413
0.13798
0.57562
0.62177
0.13291
0.37829
0.378
0.58372
0.93569
0.14981
0.14593
0.083858
0.13138
0.083018
1.1751
0.33017
0.4387
0.15116
0.74347
0.54863
0.91508
0.22331
1.0837
0.27116
0.79609
0.25215
0.82199
1.2956
0.094857
0.55763
1.082
0.24032
0.24194
0.074842
0.089683
0.97707
0.68223
0.10988
0.10588
0.43852
0.35296
0.44528
0.36279
1.003
0.12803
0.23527
0.41665
0.071465
0.086862
0.72977
0.095378
1.1489
0.30129
0.10987
0.17103
0.31693
0.3376
0.17259
0.097443
0.41561
0.16812
0.60276
0.3514
0.48111
0.13057
0.44559
0.11226
1.0994
0.27219
0.14633
0.265
0.13742
0.14719
0.18209
0.40143
0.10152
0.55357
0.42305
0.10739
0.11414
1.1822
0.13837
0.19674
0.18123
0.4608
0.30084
0.41541
0.33064
0.11046
0.1681
0.88504
0.12577
0.64833
0.95483
0.59973
1.1481
0.097332
0.56251
0.1701
0.10705
0.47386
0.10726
0.13988
0.16036
0.24437
0.08061
0.57962
0.23477
0.13506
0.12133
0.11195
1.6515
0.34405
0.38929
0.45416
0.17262
0.75815
0.32524
0.71891
0.57998
0.082815
0.067806
0.089535
0.36263
0.25057
0.095624
0.36285
0.40273
0.17086
0.79393
0.080879
0.096375
0.14264
0.18761
0.67722
0.11924
0.18078
0.089168
1.1778
0.079263
0.20749
0.6384
0.09104
1.3214
0.20668
0.072307
0.18451
0.066294
0.093566
0.46396
0.31324
0.15846
0.50243
0.36091
0.11337
0.17345
0.38877
1.1967
0.11326
0.16013
1.0503
0.25139
0.68491
0.24786
0.16298
0.16183
1.264
0.40132
0.41568
0.78659
0.19905
0.87019
1.1222
0.12114
0.11743
0.079447
0.58776
0.8982
0.58729
0.14072
1.1814
0.19778
0.4599
0.13307
0.11309
0.20943
0.079506
0.11102
0.67006
0.15114
0.3903
1.0244
1.2774
0.63597
0.64445
0.16832
0.1321
0.11608
1.0953
1.2563
0.44748
1.0704
0.22578
0.11359
0.077397
0.30138
0.20188
0.070405
0.074528
0.12035
0.1266
0.18476
0.65279
0.54189
0.10081
1.2948
0.098869
0.061318
0.095908
0.079912
0.42695
1.0237
0.67913
0.62656
0.39365
0.14529
0.29316
0.071713
0.078369
0.28625
0.22302
0.87549
0.20311
0.18201
0.4885
0.13792
0.1188
0.95577
0.98439
0.56231
0.14099
1.2532
0.61933
0.93118
0.22741
0.10974
0.12889
1.2181
0.091666
1.0244
0.70697
0.5622
1.2057
1.0692
0.25339
0.16408
0.28616
0.35565
0.39279
0.072996
0.55141
0.48988
0.62795
0.17064
0.31938
0.15366
0.2525
0.85388
0.10082
0.22897
0.1238
0.64926
0.31669
0.14346
0.1173
1.1284
0.21241
0.20701
0.49577
0.15494
1.2106
0.56905
1.1681
1.0466
0.62755
0.24806
0.26887
0.36467
0.56875
1.274
0.85545
0.20452
0.065818
1.1138
0.11214
0.13082
0.76915
0.2034
0.16078
0.24447
0.18504
0.58803
0.11862
0.088703
0.19991
1.1328
0.2285
1.2149
1.182
0.26906
0.95312
0.29223
0.4144
0.74891
0.25746
0.40173
0.60109
0.5565
0.073397
0.1532
0.10075
0.29365
0.9904
0.38503
0.27464
0.57529
0.13109
0.26632
0.7422
0.17465
0.31749
0.62761
1.2554
0.29572
0.14479
0.12731
0.43606
0.071265
0.097825
0.14159
0.12032
0.32776
0.2867
0.67909
0.12813
0.21055
0.089554
1.2455
1.4599
0.27526
0.26552
0.78807
0.8235
0.14618
0.15434
0.21897
0.45168
0.097398
0.74969
0.56928
0.46786
0.085902
0.26717
0.73713
1.2367
1.0029
0.10584
0.10995
1.1039
0.14265
0.40595
0.30279
0.45352
0.59214
0.11689
0.10969
1.3389
0.46413
1.5346
0.098548
0.84911
0.79212
0.19543
0.62882
0.96576
0.1363
0.5048
1.2527
0.14067
1.087
0.35991
1.4853
0.58469
0.47819
0.1094
0.20125
0.15199
0.090066
1.195
0.24712
0.13585
0.14099
0.22509
0.15761
0.12063
0.1147
0.31886
0.1246
0.11603
0.78293
0.12428
0.1128
0.19942
0.095162
0.87505
0.12413
0.15813
0.91786
0.48675
1.2629
0.20453
0.99894
0.073488
0.92955
0.13181
0.64533
0.2431
0.086872
0.23344
0.58007
0.086413
1.1889
0.71039
1.4399
1.1134
0.22216
0.15261
0.911
0.28192
0.70762
0.42391
1.1026
0.10799
0.35857
0.30598
0.24237
0.21967
0.70188
0.078751
0.43052
0.44869
0.24585
0.069894
0.13874
0.10003
0.4148
0.14631
0.709
0.11525
0.18992
0.20502
0.16788
0.3442
0.82793
1.1483
0.52491
0.75158
0.13211
0.2818
0.065915
0.16883
0.26487
0.18239
1.157
0.32926
0.12866
0.64522
0.10312
1.5228
0.1522
1.1731
0.10004
0.47024
0.10526
0.075885
0.1606
0.53592
0.13291
0.66057
0.24143
0.19965
0.40639
0.11866
0.16304
0.44417
0.45432
0.91581
0.11396
0.28119
0.7331
0.41858
0.26057
0.63833
0.48206
0.42184
0.54639
0.77858
1.1811
0.30468
0.38048
0.3374
0.099355
0.26304
0.12299
0.48746
0.71396
0.22275
0.093939
0.077768
0.17655
0.40535
0.32952
0.13661
0.1375
0.090941
0.29728
0.30218
0.41024
0.35994
0.36785
0.62588
1.0444
0.1098
0.14117
1.1225
0.28364
0.13279
0.17136
0.15302
0.90743
0.5902
0.19492
0.54262
1.2406
0.18535
0.22206
0.10956
0.22041
0.14965
0.26164
0.69494
0.12699
0.49571
0.19579
0.54335
0.12237
0.069421
0.23081
0.22409
1.0944
0.22974
0.11268
0.11215
0.23749
1.1878
0.14305
0.080228
0.53376
0.44383
0.076735
0.3829
0.3803
0.080014
0.30293
0.15682
0.33723
0.24579
0.8496
0.19285
0.24173
0.16339
0.089582
0.11347
0.28668
0.51231
0.13629
0.93863
0.30309
0.030625
1.418
0.24285
0.62554
0.7049
0.21183
0.4176
0.24338
0.37957
0.4189
0.13319
0.41592
0.37692
0.11622
1.3473
0.08876
0.11658
0.085474
1.4236
0.072945
0.094897
0.18952
0.50928
1.019
0.52501
0.096922
0.23606
0.26698
0.086176
0.29861
1.1972
0.2285
0.08003
1.0326
0.80561
0.32208
0.39879
0.48101
0.07622
0.97824
0.10473
1.2149
0.53173
0.24097
0.60695
0.067346
0.098712
0.71722
0.10548
0.22435
0.43535
0.12839
0.6925
0.78839
0.22679
1.3581
0.68349
0.18793
0.83473
0.066556
0.098572
0.12435
0.33761
0.20954
0.48312
0.14099
0.21633
0.935
0.65462
0.29984
1.1767
0.06992
0.089561
0.66545
0.11852
0.12507
0.34731
0.17519
1.0012
0.47474
0.17297
0.096584
0.76404
0.27451
0.12603
0.10624
1.2406
0.38512
0.15007
0.20156
0.16349
0.068893
0.4466
0.91625
0.32384
1.0727
1.6673
0.7768
0.13698
0.64415
0.29653
0.11342
0.50329
0.28389
0.060949
0.11258
0.077273
0.2294
0.061434
0.093975
0.383
0.11046
0.86832
0.30851
0.15017
0.10657
0.64575
0.85294
0.099995
1.1819
0.098464
0.20285
0.080909
0.37748
0.3957
0.13028
0.15467
0.25733
0.19326
0.24948
0.46041
0.098933
0.43481
0.26088
1.0245
0.36401
0.14764
0.35041
1.0961
0.09024
0.067746
0.48808
0.73034
0.15697
0.84932
0.2378
0.14341
0.47751
0.35648
0.13268
0.43126
1.0207
0.38841
0.13624
0.094635
0.087912
0.7295
0.15329
0.8471
0.43904
0.37452
0.54252
0.10564
1.1728
0.4794
0.60303
0.77116
0.10865
1.0873
0.46812
0.1437
0.15427
1.3353
0.17409
0.55742
0.4774
0.52689
0.37246
0.65942
0.65837
0.17255
0.16776
0.3843
0.79447
1.2283
1.1078
0.17494
0.18099
0.10085
0.67269
0.73898
0.076519
0.43959
0.21229
0.1781
0.098935
0.54623
1.0007
0.93699
0.094357
0.56563
0.21303
1.0426
0.54913
0.48793
0.2237
0.10663
0.10551
0.066677
0.22359
0.095522
0.3567
0.11659
0.18488
0.45802
0.16099
1.2795
0.34512
0.29891
0.11162
0.24072
1.3123
0.20794
0.48079
0.29595
0.20108
0.12603
0.94657
0.095568
0.82614
0.11138
0.099777
0.082576
0.27553
1.1742
0.43849
0.18506
0.095813
0.16521
0.20867
0.26643
0.52138
0.26519
0.87737
0.11656
0.2514
0.062472
0.47826
0.098473
0.075737
0.16703
0.27681
1.068
0.075106
0.57454
0.11741
0.94569
0.16344
0.12299
0.41013
0.4202
0.072366
0.086302
0.095522
0.52762
1.1507
0.11552
0.22551
0.090209
0.11574
0.10792
0.41124
0.2289
0.13035
0.21063
0.98821
0.37465
0.15693
0.36667
1.1668
0.10874
0.16917
0.093475
0.31086
0.12021
0.26147
0.54426
0.76893
0.16964
1.0557
0.14073
0.096474
0.27862
0.11017
0.065234
0.094281
0.597
0.090973
1.0011
0.10798
0.28941
0.45254
1.6436
0.087279
0.095624
0.33514
0.47762
0.097044
0.33619
0.76428
0.13173
1.2141
1.1084
0.18909
1.0497
0.70962
0.064632
0.090878
0.36979
1.2329
0.2095
0.30394
0.39548
0.57613
1.1991
1.4162
0.59636
0.1096
0.097203
0.37459
0.095276
0.33864
0.82974
1.154
0.16175
0.10612
1.16
0.426
0.19711
0.14699
0.15694
0.066433
1.1326
0.094729
0.26752
0.50944
0.069317
0.74301
0.54884
0.10005
0.27711
0.2525
0.12428
1.0589
0.24456
0.63471
0.14533
0.50651
0.93029
0.14593
0.092793
0.23543
0.59308
0.25553
1.1736
0.83542
0.34507
0.65288
0.27363
0.30648
0.53865
1.5248
0.2337
0.10851
0.58072
0.62045
0.14645
0.12417
0.30468
0.11898
1.2154
0.13763
0.079152
0.25176
0.96181
0.33561
1.2176
0.085352
0.083534
0.51395
0.10164
1.2563
0.89028
0.89396
0.13552
0.10312
0.94099
0.113
0.70109
1.246
0.15283
0.14592
0.47913
0.89796
0.96251
0.40832
0.33238
0.22287
0.38818
0.42098
0.42042
0.28214
0.10421
0.15166
0.25457
0.10592
0.29036
0.22386
1.0817
0.13317
0.12326
0.44797
0.146
0.29241
0.20486
0.12214
0.65997
0.83613
0.8498
0.1812
0.6659
0.65054
0.12142
0.38642
0.95829
0.14636
0.40653
0.22237
0.68404
0.7956
1.0017
0.13673
0.154
0.39301
0.16811
0.78946
0.22734
0.30873
0.49451
0.1353
1.1704
0.098277
0.11157
0.17253
0.33176
0.81231
0.1444
0.14079
1.0362
0.19143
0.7677
0.30365
0.19567
0.40581
1.0273
0.21574
0.92159
0.095935
0.89671
0.54313
1.1504
0.60007
0.26826
0.31278
1.029
0.06892
0.18495
0.08954
0.32794
0.14274
0.1547
0.33946
0.19125
0.17049
0.094111
0.28782
0.20065
0.24019
0.29716
0.1722
0.74026
0.22725
0.98804
0.81508
0.58198
0.32632
0.15885
1.2031
0.30438
0.112
0.99935
0.24887
0.12899
0.24343
0.15446
0.7792
0.24098
0.14863
0.99261
0.14315
0.37479
0.12679
0.18588
0.23231
0.21153
0.13777
0.25204
0.66728
1.1812
1.2311
0.5707
0.076653
0.21438
1.0294
0.20981
0.38414
0.068663
0.8414
0.084952
1.3626
0.33055
0.17285
1.213
0.15862
0.50628
0.11298
1.1157
0.13802
0.19267
0.41888
0.079189
0.1296
0.071723
0.08164
0.43072
0.49359
0.083484
0.46547
0.22288
0.20826
1.4221
1.0412
0.18591
0.087432
0.28459
1.0788
0.20764
0.47524
0.10063
0.083891
0.26894
1.0688
0.11253
0.12695
0.83357
0.21886
0.54338
0.74432
0.11923
0.092713
0.063889
0.20087
0.24167
0.094188
0.22727
0.16719
0.092992
1.0531
0.50933
0.14239
0.13608
0.43631
1.3223
0.5389
0.14577
0.20315
0.72121
0.083701
0.22299
0.23034
0.42373
0.46483
0.084785
0.36055
0.67611
0.089142
0.27754
0.11133
0.14872
0.51686
0.2912
0.23554
0.6503
0.11984
0.8343
0.24572
0.961
0.34814
0.13793
0.25986
0.67288
0.85553
0.099674
0.26607
0.72249
0.50791
1.2833
0.7665
0.13915
0.75451
0.51923
0.34844
0.27414
0.36548
0.40749
0.075616
0.51681
0.50483
0.23801
0.14169
0.29623
0.50869
0.75621
0.16723
0.095861
0.2843
0.49203
0.30149
0.33087
0.96246
0.48056
0.1606
0.18706
0.36724
0.65709
0.10244
0.077793
0.14514
0.39105
0.17287
0.17515
0.18867
0.1001
0.17182
0.13432
0.62639
0.37066
0.12828
0.45879
1.0938
0.15046
1.2575
0.11152
0.58753
0.12447
0.10676
0.10507
0.96076
0.44775
0.90098
0.3706
0.15489
0.16871
0.10916
1.2651
0.18346
0.13143
0.77265
0.095252
0.15713
0.18347
0.086602
0.29475
0.12443
0.090436
0.44426
0.38572
0.39934
0.16389
1.3053
0.65948
1.156
0.36062
0.074421
0.62331
0.2105
0.15003
0.21855
0.09493
0.34157
0.35589
0.14666
0.54264
0.094936
0.11269
0.2737
1.2039
0.08797
0.42595
0.23582
0.18376
0.70331
0.36756
0.10057
0.23788
0.10549
0.32062
0.071856
0.55619
0.17796
0.67591
0.35564
0.079482
0.20516
0.60956
0.34086
0.10142
0.14522
0.1503
0.099403
0.52721
0.84047
0.1039
0.58703
0.23927
1.0716
0.96354
0.56733
0.68959
0.72616
0.63046
0.23638
1.2122
1.2421
0.15089
0.71972
0.23953
0.69624
0.15141
0.78026
0.37603
1.0382
0.64719
0.29845
0.22903
0.4007
0.66624
0.14826
0.93086
0.2469
0.27267
0.21665
0.62974
0.8087
0.90486
0.18823
0.27023
0.94271
0.47896
1.1188
0.11609
0.27417
0.29562
0.76618
0.12677
0.36726
0.1185
1.1451
0.1791
0.085379
0.67489
0.26628
0.080975
0.30808
0.25157
0.92925
0.39794
0.67156
0.16926
0.10164
0.10763
0.30652
0.34138
0.29668
0.10355
0.26433
0.30468
0.11055
0.27819
0.19531
0.27781
0.26988
1.6857
0.46124
0.098059
1.149
0.33279
0.20671
0.68299
0.59819
0.52218
0.086759
0.15166
0.91981
0.068613
0.1668
0.089348
0.91179
1.3003
0.59426
1.2053
0.15861
0.30449
0.24578
0.087832
0.12356
0.26142
0.87658
0.84142
0.26534
0.15498
1.2497
0.70941
0.18823
0.22522
0.10497
0.23844
0.81588
0.42581
0.20137
0.41532
1.1264
0.13769
1.063
1.0275
0.91204
0.79037
0.32941
0.20315
1.0035
0.77678
0.85304
0.24513
0.26856
0.35935
0.12285
0.66404
0.43711
0.15048
0.25939
1.1292
0.23761
0.50965
0.42003
0.15341
0.31057
0.11356
0.13786
0.73998
0.081369
0.11829
0.51288
0.13819
0.12778
0.26011
0.23137
0.56927
0.13063
1.0479
0.31285
0.36519
0.27892
0.22334
0.098672
1.0259
0.26504
0.623
0.11167
0.351
0.46384
1.576
0.39127
0.16653
0.6093
0.23814
0.78196
0.11628
0.89981
0.24226
0.15468
0.71794
0.12334
0.17313
1.1142
0.21637
1.0531
0.1749
0.26112
0.13698
0.0873
0.80988
0.12566
0.34412
0.17151
0.81845
1.2313
0.24373
1.1864
0.90716
0.11425
0.94969
0.3657
0.32937
0.14854
0.13182
0.33689
0.34792
0.092617
0.41689
0.71836
0.76207
0.21559
0.13885
0.62145
1.0497
0.42839
0.80841
0.49047
0.78743
0.64217
1.1024
0.081939
0.6703
0.97492
0.91767
1.0264
0.53514
1.0719
0.090619
0.1091
0.079954
0.14177
0.17961
0.86734
0.16973
0.67594
1.2241
1.3498
0.91724
0.10981
0.92311
0.24325
1.1945
0.5605
0.32844
0.099865
0.35726
0.19423
0.078087
0.15465
0.10873
0.074682
0.073588
0.26973
0.35687
0.12082
0.37379
0.1585
0.32932
1.0983
0.22267
0.47652
0.20356
0.17247
0.15064
0.2452
0.18218
0.98369
0.070833
0.11231
0.73728
0.45554
0.39599
0.10779
0.23344
0.4124
0.37638
0.40694
0.12725
0.99222
0.4159
0.31877
0.48376
0.59438
0.26879
0.3748
0.10683
0.1699
0.56787
0.20966
0.53573
0.85171
0.21534
0.64499
0.063832
0.38842
0.47817
0.31894
0.35058
0.11983
0.11361
0.098945
0.31921
0.084485
0.089483
0.44677
0.51368
0.22332
0.96131
0.40141
0.15154
0.89894
0.077386
0.1183
0.20411
0.12683
0.18429
1.088
0.091905
0.13367
0.1602
0.070777
0.47554
1.6557
0.18872
0.38204
0.11601
0.093932
0.27825
0.10268
0.41308
0.69586
0.56632
0.80559
1.1296
0.061191
0.24914
0.18452
0.81304
0.19637
0.69761
0.13658
0.61825
0.2215
0.70145
0.28701
0.635
0.16452
0.34526
0.14483
0.20498
1.2232
0.10476
0.18347
0.52118
0.754
0.09047
0.17282
0.3589
0.10909
0.086195
0.88183
0.14766
0.29332
0.57373
0.081197
0.97034
0.54548
0.54152
0.14386
0.4605
0.7671
0.42424
0.12861
0.07264
0.097301
0.19244
0.25814
0.20912
0.089667
1.0527
0.50064
1.1778
0.052956
0.31511
0.18724
0.13981
0.16437
1.2388
0.21206
0.1449
0.40006
0.24169
0.10109
0.20341
0.074524
0.58949
0.9479
0.12503
0.11461
0.53463
0.29605
0.075773
0.32452
0.18152
0.092738
0.40114
0.92534
0.33326
0.086815
1.1084
0.16777
0.17341
0.11101
0.13744
0.1544
0.18769
0.085632
0.12334
0.1747
0.52175
0.11385
0.54428
0.068785
0.17033
0.083295
0.88388
0.56269
1.1013
0.79065
1.0174
0.50878
0.95737
0.17337
0.1071
0.11839
0.40857
0.15514
1.1745
0.094309
0.091792
1.1783
0.083341
0.46854
0.14571
0.095708
1.0184
0.16346
0.53388
0.44014
0.91429
0.11902
1.009
1.2907
1.1806
0.12928
0.26682
0.12317
0.096999
0.23476
0.11101
0.17127
0.082494
0.49485
0.093478
0.4782
0.31448
0.14422
0.62938
1.45
1.2018
0.12825
0.22014
0.12927
0.32009
0.078364
1.137
0.35114
0.33712
0.18325
0.18508
0.077149
0.74692
1.4256
0.57834
0.25929
0.90274
0.12884
0.72242
0.16959
0.20927
0.54837
0.66596
1.0655
0.72214
0.19603
0.14604
0.50067
0.12386
0.11308
0.17372
0.37933
0.89336
0.48923
0.77606
0.22075
0.32911
0.52813
0.19063
0.13683
1.0207
0.81759
0.37482
0.48318
0.41119
0.09246
1.0565
0.15802
0.33052
0.1583
0.12607
0.47265
0.41626
0.92936
0.19333
0.13496
0.98685
0.20741
0.067988
0.1131
0.64745
0.13061
0.86804
0.53583
1.0996
0.71242
0.98848
0.27957
0.15691
0.4959
0.21418
0.12002
0.31855
0.58041
0.65286
0.1308
0.1361
0.33094
0.10503
0.12113
0.12583
0.12327
1.1087
0.54104
0.92486
0.62611
0.23017
0.49651
0.52459
1.1108
0.14399
0.10207
0.11053
1.0055
0.13581
0.097533
0.26046
0.15084
0.17627
0.42853
0.12689
0.22394
0.78566
0.083391
1.1543
0.22473
0.075696
0.86455
0.28267
0.72383
0.085041
1.1293
0.87091
0.73516
0.16402
0.71263
0.53098
0.69508
0.27111
0.1922
0.55676
0.12975
0.18441
1.1054
0.23573
0.82811
1.3263
0.30077
0.23421
0.11639
0.19305
0.12025
0.71627
1.061
0.37001
0.45318
0.41215
0.1866
0.17838
0.064244
0.072717
1.2651
1.2255
0.20124
1.3907
0.12228
0.1209
0.72263
0.73061
0.33372
0.55349
0.22605
1.2529
0.93265
0.084793
0.30486
0.29408
0.08467
0.16925
0.11946
0.60769
0.99766
0.19533
0.69619
0.24821
0.087727
0.13703
0.60468
0.10321
0.12842
0.557
0.45502
1.1124
0.23301
1.1692
0.16629
0.15221
0.076957
0.3247
1.2044
0.37545
0.1062
0.1366
0.086321
0.4254
0.12136
0.16606
0.073227
0.090981
0.079192
0.18415
0.19633
0.10111
0.85325
0.19893
0.35175
1.0692
0.46859
0.53976
0.24824
0.89436
0.1655
0.16031
0.10676
0.10997
0.54031
0.13378
0.11967
0.163
0.21761
0.19104
0.98418
0.55599
0.12767
0.16245
0.090318
0.13288
0.34054
1.148
0.53526
0.72272
0.39391
0.12909
0.64792
0.157
0.18771
0.11621
0.64796
0.08336
0.73027
0.53017
0.76851
0.95108
0.17152
0.84255
0.83941
0.089442
1.1549
0.23612
0.18482
0.2278
0.28835
0.62299
0.075823
0.20871
0.1673
1.2024
0.39246
0.88385
0.12798
0.18732
0.19197
0.2262
0.25313
0.52819
0.096685
0.77569
0.11812
1.0809
0.43639
0.43087
1.0285
0.38307
0.23929
0.92241
0.28464
0.2968
1.2003
0.55468
0.1027
0.64426
0.069771
0.44531
1.0457
0.57975
0.11759
0.46521
0.39105
0.11108
0.16633
0.18387
0.31539
0.42859
0.23314
0.46144
0.38067
0.86538
0.45811
0.078598
1.1547
0.27262
0.092003
0.13504
0.33434
0.85721
0.97852
0.11286
0.44882
1.0764
0.10525
0.15949
0.1287
0.85038
0.48338
0.86377
0.14986
0.48955
0.2632
0.35728
0.26145
0.77637
1.6109
0.6444
0.55504
0.069207
0.074012
1.1598
0.1239
0.51853
0.74657
0.99976
0.65278
0.238
0.25454
0.68264
0.86739
0.23204
0.76009
0.87066
0.38199
0.15906
0.11009
0.28967
0.67131
0.28429
0.21616
0.30337
0.37357
0.68353
0.66505
0.085827
0.13467
0.74264
0.13684
1.1271
0.62532
0.11369
0.91964
0.19739
0.11966
0.57233
0.22628
0.23624
0.13238
0.73455
0.32336
0.13931
0.084787
1.1696
0.84362
0.87167
0.9052
0.10364
0.78686
1.6398
0.26412
0.18371
0.091906
0.29878
0.47421
0.11649
0.12441
1.0121
1.0846
0.10446
0.75612
0.07053
0.7179
0.5466
0.13739
0.13422
0.97206
0.55668
0.31878
0.28673
0.55253
0.25279
0.096921
0.17792
0.86655
0.42577
1.1901
0.98669
0.11118
0.13248
0.11298
0.33118
0.10547
0.094328
0.51311
1.1997
0.16699
0.082744
0.86001
0.36369
0.10212
0.80357
0.13996
0.071161
0.42996
0.33122
0.090451
0.57827
0.80377
0.28402
0.1132
0.084577
0.17356
0.15698
0.39524
0.18951
0.20464
0.84571
0.71457
0.80995
0.212
0.98009
0.33231
0.10018
0.42379
0.92043
0.74609
0.16585
0.74755
0.75263
0.4063
1.4008
1.0735
0.56399
0.19793
0.22395
0.30502
0.082236
0.28444
0.41432
0.1145
1.1574
0.16892
0.11254
0.15773
0.17073
0.093929
0.78296
0.2122
0.62067
0.23287
0.2963
0.31517
1.0614
0.26783
0.39872
0.81343
0.17516
0.64076
0.24693
0.16513
1.683
0.37247
0.14696
0.079584
0.95771
0.39274
1.1611
0.45373
0.44807
0.27251
0.24253
0.23516
0.20835
0.30324
0.10331
0.96576
0.15701
0.15824
0.092398
0.20454
0.11092
0.33826
1.1877
0.28367
0.45409
0.30387
0.27053
0.4808
0.19206
0.1895
0.11753
0.12296
0.37757
0.53555
0.28368
0.19304
1.1876
0.26327
0.1346
0.18718
0.19301
0.11955
0.23456
0.54919
0.072154
0.98285
0.16459
0.27267
0.90894
0.064178
0.088168
0.30636
0.64273
0.10243
0.22665
0.75049
0.7247
0.21905
1.1366
0.88715
1.2169
0.091353
0.40904
0.14735
0.31983
1.0331
0.14436
0.26807
0.38163
0.78435
0.14222
0.22074
0.12378
0.11352
0.10724
0.17665
0.5595
0.23709
0.21874
0.81464
0.52435
0.47292
0.075651
1.0263
0.29026
0.18824
0.4341
0.073958
0.29757
0.17425
0.11168
1.1445
0.23954
0.11284
0.44525
0.63013
0.48876
0.56397
0.069422
0.55312
1.1545
0.17202
0.089482
1.2171
0.44274
0.14242
0.20941
0.22607
0.23636
0.24209
0.54475
1.2313
0.7864
1.0264
0.22129
0.1058
0.16076
0.75205
0.43306
0.23303
0.24536
0.59655
0.28446
0.23306
0.10018
0.12286
0.10736
0.079232
0.085212
0.072349
0.83434
0.74929
0.12389
0.80319
0.10396
0.11216
0.42668
0.1517
0.68904
0.24306
0.20315
0.080218
0.082747
0.3366
0.94826
0.2281
0.13565
0.17608
0.2894
0.075939
0.55515
0.3016
0.75641
0.10257
0.11717
0.10739
0.7409
0.36953
0.49522
0.094443
0.15205
0.68318
0.11754
0.10688
0.072925
0.45235
0.22243
0.23531
0.7014
0.14084
0.77383
0.15972
0.26239
0.39697
0.2203
0.082251
0.094065
0.3558
0.60835
0.80724
0.18041
0.10687
0.26815
0.572
0.32813
0.15287
0.29063
0.12188
0.18127
0.13248
0.13103
0.52898
0.29328
1.1294
0.1251
0.72134
0.14292
0.092889
0.36663
1.1444
0.78701
0.2232
0.37027
0.084761
0.14249
0.83139
1.195
0.16557
0.060177
0.44876
0.082142
0.19385
0.41903
0.1164
1.2285
0.53935
0.11053
0.19283
1.0735
0.2038
1.3726
0.098906
0.53969
0.14964
0.37469
0.13327
0.16237
0.15172
0.09026
0.16119
0.16002
0.22184
0.14849
1.1297
0.12505
0.07043
0.93321
0.61602
0.25155
0.94333
1.4428
0.40639
0.14719
0.44924
0.3593
1.1692
1.0897
0.70799
1.0767
0.12813
0.13525
0.11113
1.187
1.0859
0.23461
0.59666
0.69269
0.69891
0.75535
0.18198
1.2177
0.093049
0.50964
0.40027
0.352
0.33508
0.17681
1.2394
0.58649
0.25359
0.40033
0.18833
0.44441
0.070687
0.069933
0.47375
0.30364
0.41242
0.29484
0.32576
0.34635
0.41621
1.0852
0.10623
0.14233
0.3981
0.16394
0.41328
1.7457
0.61348
0.22953
0.17746
0.34315
0.10385
1.2595
0.41541
0.14314
1.0021
0.18856
0.30315
1.4311
1.1679
0.23356
0.088637
0.23487
0.61966
1.1665
0.08948
0.15795
0.3014
0.35775
0.363
1.1543
0.25455
1.442
1.1686
0.12896
0.07449
0.24919
0.21975
0.57128
0.07618
0.3319
0.32617
0.29204
0.091999
1.3214
0.18843
0.91444
1.2454
0.27389
0.30442
0.53146
0.74836
0.11142
0.13266
0.42282
0.53761
0.31389
0.073446
0.10768
0.14403
0.11609
0.46297
0.45523
0.81758
0.45752
1.1268
0.18564
0.77475
0.14892
0.19981
0.49347
0.12097
1.0033
0.67198
0.20701
0.64034
0.82263
0.33725
0.89727
0.36962
0.096889
0.20687
0.34492
0.11584
0.39972
0.54289
0.091881
0.61706
0.8416
0.10385
0.12388
1.0091
0.077961
0.509
1.4999
1.1501
0.27683
0.68831
0.082739
0.11396
0.10367
0.68425
1.0903
0.54976
0.38189
0.17487
0.10757
1.0001
1.2349
0.15573
0.15078
0.13952
0.54331
0.43684
0.85698
0.18929
0.29836
1.0841
0.24597
0.1069
0.70375
0.60364
0.71574
0.34195
1.2083
0.11699
0.15297
0.071784
0.1183
0.17816
0.26575
0.4439
0.42207
0.17952
0.11102
0.069635
0.47097
0.75702
1.0883
0.14383
0.25065
0.54219
0.13519
0.31681
0.29458
0.090675
0.085204
0.22844
1.1468
0.31461
0.062499
1.102
0.11064
0.21952
0.20345
1.1015
0.18669
0.30348
0.24793
0.92378
0.67884
0.13414
0.1005
0.066694
0.24726
0.15455
0.40763
1.2836
0.62575
0.21023
0.94326
0.19839
0.48388
0.17232
0.1291
0.29649
0.16599
0.27461
0.42014
0.09912
0.13009
1.0485
0.15594
0.5413
0.75108
0.39208
0.62177
0.13291
1.0971
0.60053
0.43511
0.11213
0.43316
0.13125
0.53121
0.58871
0.34649
0.11085
0.1276
0.14015
0.30003
0.1008
0.83086
0.091867
0.18018
0.1045
0.16199
0.61843
0.38027
0.82199
0.95844
0.088689
0.19291
0.19378
0.11099
0.065709
0.41657
0.59029
1.2371
0.48489
0.16752
0.17646
0.43852
0.35296
1.0906
0.098923
0.12574
0.12803
0.23527
0.65003
0.098434
0.22838
0.39257
0.9636
1.0189
0.33515
1.1557
0.2818
0.94228
0.93377
0.073611
0.28273
0.63358
0.33536
0.81618
0.17555
0.10871
0.58836
0.79825
0.44188
0.13005
0.27219
0.59754
0.25733
0.17593
0.15568
1.1977
0.18234
1.1463
0.078751
0.064408
0.20885
0.19679
1.2206
0.50514
1.1983
0.23676
0.16655
0.099293
0.17514
0.11803
1.1441
0.96654
0.21006
0.36511
0.093289
0.95483
0.48362
0.36421
0.33122
0.2151
0.46678
0.21511
0.15203
0.10726
0.75994
0.073714
0.24437
0.093277
0.57962
1.183
0.14157
0.12133
0.082165
0.24635
0.4573
0.38929
0.06133
0.17262
0.89892
0.21393
0.12563
1.2508
0.26709
0.11867
0.62436
0.090443
0.99587
0.095624
0.61766
0.87843
0.30209
0.79393
1.0685
0.76578
0.21204
0.18761
0.26023
0.98839
0.12348
0.089168
0.082332
0.27079
1.1123
0.079374
0.62534
0.73547
0.083672
0.35979
1.3133
0.41394
0.1403
0.46396
0.31193
0.89268
0.32051
0.65
0.34194
0.17345
0.38877
0.32645
1.0108
0.33896
0.26419
0.17512
0.48769
0.1383
0.36945
0.16632
0.26443
0.26302
0.41568
0.36618
0.15869
0.20843
1.1222
0.11001
0.2743
0.40451
0.37439
0.11601
0.18642
1.5046
0.85971
0.10683
0.73429
0.082478
0.10414
0.24936
0.09364
1.1954
0.78542
0.14734
0.84782
0.075786
0.18273
0.19057
0.64445
0.16832
0.85323
0.70088
1.0953
1.2563
1.1588
0.15821
0.26235
0.24508
0.088636
0.084286
1.003
0.1199
0.19802
0.12035
0.2672
0.35148
0.19468
0.54189
0.18114
0.51576
1.1067
0.11796
0.10671
0.4712
0.6736
0.08828
0.37577
0.96005
0.58167
0.35968
0.3776
0.096302
0.14679
1.1132
0.5036
0.80103
0.63016
0.18201
0.11344
1.3365
0.18877
0.22712
0.12263
1.2667
0.30378
0.21478
1.1761
0.28831
0.93074
0.093833
0.51067
0.1543
0.60426
1.0244
0.17903
0.090587
1.239
0.16802
0.26436
0.20364
0.21784
0.47142
0.34621
0.096098
0.72416
0.76775
0.62795
0.067824
0.20753
0.87451
0.2525
0.064861
0.16257
0.22897
0.18589
0.50092
0.097064
0.081278
0.1173
0.14066
0.21241
0.074222
0.49396
0.35969
0.16706
1.0424
0.14638
0.048885
0.21832
0.50948
0.56859
0.28718
0.15416
0.85771
0.19822
0.3195
0.11464
0.26048
0.55171
0.23804
0.12323
0.37019
0.1077
0.072709
1.2746
0.074937
0.11623
0.2436
0.60789
0.13495
0.35044
0.54344
1.182
0.26906
0.11176
0.087803
0.36252
0.25997
0.14379
0.079384
0.13863
1.0989
0.92718
0.1532
0.10075
0.36008
0.12226
0.47528
0.58222
0.55812
1.1992
0.15224
0.075987
0.12964
0.19661
0.28391
0.26368
0.58122
0.31655
0.57288
0.3474
0.26436
0.097825
0.64699
0.14857
0.071091
0.13115
0.67909
0.95315
0.29735
0.32329
0.077899
0.22533
0.13477
0.13318
0.28389
0.48419
0.2667
0.24083
1.0963
1.3573
1.1962
0.32662
0.35424
0.46786
0.17316
0.31178
0.21432
0.50386
0.18976
0.54747
0.081431
1.1039
0.076199
0.63298
0.1393
0.13628
0.59214
0.11689
0.10424
0.71788
0.56188
0.15581
0.098548
0.16572
0.44777
0.10073
0.81373
0.96576
0.2588
1.1307
0.3067
0.36246
0.4072
0.51208
0.089485
0.37839
0.80204
0.59448
0.98498
0.20336
0.15191
0.14872
0.21493
0.73896
0.20699
0.22509
0.13769
0.14908
0.5755
0.33559
0.077413
0.13378
0.23624
0.2322
0.30977
0.19942
0.93532
0.33735
0.62296
0.73151
0.26085
1.0633
0.93738
0.83519
0.57504
0.16151
0.88146
0.14671
0.21649
0.31844
0.48208
0.13373
0.073557
0.90498
1.5273
0.12216
0.31275
0.29966
0.29815
0.16459
0.911
0.089563
0.27761
0.48669
0.57934
1.042
0.12791
0.63731
0.27195
0.88252
0.70188
0.070116
0.43052
0.27404
0.095898
0.069894
0.55699
0.10003
0.50706
0.22108
0.41452
1.1909
0.12746
0.20502
0.16788
0.46225
0.089692
0.65293
0.40075
0.75158
0.10344
0.18985
0.38821
0.113
0.37299
0.18239
0.97805
0.39213
0.13094
0.96728
0.078571
0.67867
0.23389
0.084784
0.15649
0.28982
0.68214
0.85503
0.42752
0.6178
0.089038
0.20695
0.15779
0.074715
0.091401
1.0442
0.45655
0.66666
0.54162
0.40262
0.092393
0.61413
0.39387
0.64971
0.19401
0.62752
0.48206
0.11454
0.37205
0.23344
0.20893
0.38002
0.80595
0.42506
0.43147
0.093328
0.083365
0.20318
0.33922
0.10186
0.28164
0.56932
1.2334
0.29866
0.40178
0.50056
1.2763
0.17071
0.20815
0.10364
0.45819
0.10888
0.14152
0.13902
1.0444
0.41338
0.19424
0.27521
0.28364
0.20029
0.10522
0.9573
0.3973
0.091875
0.30698
0.55623
1.2406
0.53994
0.22206
0.15438
0.08695
1.4509
0.46815
1.5857
0.2051
0.10269
0.14106
0.33291
0.35981
0.59624
0.1314
0.27181
1.2245
0.10415
0.08915
0.11215
0.094919
1.1878
0.34844
0.12981
0.60924
0.9441
0.28241
0.10142
0.33259
0.10404
0.28378
0.40574
0.64035
1.1199
1.1571
0.11719
0.54202
1.0192
0.090324
0.31243
0.2061
0.89576
0.19915
0.93863
1.1417
1.1816
0.65664
1.2133
0.069532
0.6006
0.65661
0.25342
0.57294
0.44105
1.1351
0.10217
0.78587
0.10882
1.2148
0.056432
0.08876
0.73188
0.14147
0.089362
0.28913
1.0119
0.49007
0.31854
0.082878
0.083837
0.23441
0.1509
0.26698
0.20783
0.17981
0.69841
0.2285
0.15674
0.32576
0.26008
1.4103
0.10164
0.98855
0.38159
1.6744
0.20777
0.21824
0.32382
0.2024
0.3832
0.16968
0.18785
0.090506
0.8803
1.1269
0.6882
0.71873
0.28698
0.168
0.074148
0.72913
0.68349
0.25081
0.34898
0.21834
1.1464
0.18131
0.095095
0.20766
0.27931
0.54181
0.21273
0.10666
0.23237
0.59584
0.58248
0.098046
0.16362
0.9697
0.84641
0.13918
0.6763
0.40729
0.30485
0.19522
0.12212
0.086068
0.1844
1.1141
0.17919
0.22877
0.31149
0.13971
0.9385
0.95002
0.31763
0.12213
0.089421
0.077791
0.12548
1.0727
0.12643
0.97849
0.09731
0.57412
0.10481
0.22076
0.11366
0.58954
0.093936
1.2446
0.26923
0.14898
0.096704
0.23813
0.86074
0.11046
1.0436
0.63916
0.1487
0.31045
0.37178
1.2909
0.14968
0.61086
0.10562
0.37138
0.080909
1.1172
1.0824
0.654
0.098675
1.2275
0.93104
0.35548
0.46041
0.88684
0.11011
0.7417
1.0245
0.12961
0.41018
0.08294
0.24188
0.15058
0.097279
0.22888
0.16796
0.59322
1.2279
0.13481
0.24661
0.83867
0.35648
0.164
0.3527
0.36582
0.35797
0.53632
0.8909
0.29006
0.21783
0.15329
0.8471
0.43904
0.15078
0.27538
0.32073
0.06027
0.095147
0.37309
0.13765
1.3076
0.15438
0.077296
0.3193
0.15427
0.35499
1.1845
0.75269
0.92433
0.80971
0.37246
0.10883
0.65837
0.074937
0.52088
0.92384
0.79447
0.18597
0.1659
0.30117
0.48422
0.68449
0.67269
0.11876
0.59767
0.2605
0.45909
0.39276
0.12273
0.42927
0.77305
0.15539
0.094357
0.15198
0.14572
1.0426
0.095964
0.10085
0.37062
0.2111
0.10551
0.066677
0.45321
1.0559
1.4108
0.7462
0.21508
0.19553
0.11962
0.6137
0.097663
0.77931
0.15826
0.56894
0.72411
0.28481
0.18096
1.0794
0.93985
1.5269
1.7071
0.35174
0.07787
0.92257
0.090189
0.17641
0.24269
0.70487
0.32309
0.18506
0.53677
1.3329
0.43592
0.26643
0.34693
0.74137
0.14916
0.12564
0.2514
0.08518
0.10716
0.71047
0.14254
0.54662
0.27681
0.66497
0.52651
0.097679
0.4255
0.083841
0.25847
1.3224
0.401
0.1697
0.075162
0.18234
0.081137
0.10789
0.2144
0.10909
1.3946
0.40861
0.12459
0.81854
0.084293
0.98998
0.49796
0.21063
0.16321
0.45579
0.15693
0.36667
0.10762
0.10874
0.28211
0.070802
1.1403
0.30389
0.071811
0.23821
0.28733
0.39076
0.96503
0.096396
0.59217
1.1075
0.39186
0.2098
0.084416
0.15571
0.07667
1.0011
0.30489
0.28941
0.16371
0.14201
0.84658
0.34447
0.74545
0.67198
0.21863
0.11081
0.88277
0.097477
0.094824
0.69931
0.31247
0.99287
0.17254
0.12435
0.19419
0.24457
0.068943
0.097345
0.347
0.54649
0.14965
0.25903
0.79055
0.5677
0.103
0.28796
0.37459
1.1662
1.2116
0.20148
1.0764
0.13846
0.10612
1.16
0.87293
0.19276
0.11364
0.88766
0.16303
1.0492
0.22343
0.10864
0.31031
0.10908
0.76318
0.40542
0.12823
0.17761
1.0769
0.16887
0.14418
0.094007
0.53314
0.10729
0.37319
0.7753
0.1331
0.52608
0.66734
0.34714
0.58763
0.90954
0.83542
0.69959
0.26072
0.077388
0.16963
0.13101
1.6316
0.72434
0.29679
1.3321
0.35453
0.13318
0.11897
0.13089
0.31074
1.2154
0.16486
0.30312
0.12421
1.0111
0.15467
0.27314
0.27785
0.083534
0.76343
0.11305
0.1703
0.15004
0.23083
0.63282
0.065357
0.80671
0.10054
0.22564
1.246
0.21924
0.074822
0.47913
0.24511
0.16803
0.54097
0.33238
0.92761
0.86568
0.21822
0.47545
1.6794
0.18134
0.65522
0.1696
0.2134
0.77678
0.11406
0.71667
0.28625
0.43757
0.11597
0.17842
1.1729
1.0392
1.1984
0.092819
1.0407
0.88908
0.91649
0.36043
0.65054
0.12142
0.48077
0.10148
0.24296
0.62532
0.35419
0.50861
0.22712
0.27636
0.68925
0.26929
0.65181
1.1746
0.78946
1.1997
0.30873
0.14113
0.13704
1.1704
1.2065
1.1662
0.61246
0.38266
0.40886
0.1444
0.64259
0.36512
0.86463
0.20656
0.40391
0.19567
0.077367
1.4887
0.077194
0.92159
0.095935
0.89671
0.22847
0.18442
0.60007
0.14325
0.62149
0.21342
0.084904
0.17173
0.69125
0.082056
0.10248
0.1547
0.23793
0.13232
0.95908
0.072741
0.40714
1.2431
0.22334
0.41352
1.115
0.82304
1.2588
0.34795
0.35463
0.682
0.32632
0.7733
0.16008
0.63338
0.097619
0.31138
0.1445
0.12899
0.24343
0.81826
1.1807
0.28486
0.98857
0.67571
0.96177
0.34614
0.090909
0.24557
0.27383
0.36202
0.31414
0.095317
0.75211
1.1812
1.2311
0.5707
0.076653
0.21438
1.0294
0.20981
0.38414
0.068663
0.8414
0.084952
1.3626
0.33055
0.17285
1.213
0.15862
0.50628
0.11298
1.1157
0.13802
0.19267
0.41888
0.079189
0.1296
0.071723
0.08164
0.43072
0.49359
0.083484
0.46547
0.22288
0.20826
1.4221
1.0412
0.18591
0.087432
0.28459
1.0788
0.20764
0.47524
0.10063
0.083891
0.26894
1.0688
0.11253
0.12695
0.83357
0.21886
0.54338
0.74432
0.11923
0.092713
0.063889
0.20087
0.24167
0.094188
0.22727
0.16719
0.092992
1.0531
0.50933
0.14239
0.13608
0.43631
1.3223
0.5389
0.14577
0.20315
0.72121
0.083701
0.22299
0.23034
0.42373
0.46483
0.084785
0.36055
0.67611
0.089142
0.27754
0.11133
0.14872
0.51686
0.2912
0.23554
0.6503
0.11984
0.8343
0.24572
0.961
0.34814
0.13793
0.25986
0.67288
0.85553
0.099674
0.26607
0.72249
0.50791
1.2833
0.7665
0.13915
0.75451
0.51923
0.34844
0.27414
0.36548
0.40749
0.075616
0.51681
0.50483
0.23801
0.14169
0.29623
0.50869
0.75621
0.16723
0.095861
0.2843
0.49203
0.30149
0.33087
0.96246
0.48056
0.1606
0.18706
0.36724
0.65709
0.10244
0.077793
0.14514
0.39105
0.17287
0.17515
0.18867
0.1001
0.17182
0.13432
0.62639
0.37066
0.12828
0.45879
1.0938
0.15046
1.2575
0.11152
0.58753
0.12447
0.10676
0.10507
0.96076
0.44775
0.90098
0.3706
0.15489
0.16871
0.10916
1.2651
0.18346
0.13143
0.77265
0.095252
0.15713
0.18347
0.086602
0.29475
0.12443
0.090436
0.44426
0.38572
0.39934
0.16389
1.3053
0.65948
1.156
0.36062
0.074421
0.62331
0.2105
0.15003
0.21855
0.09493
0.34157
0.35589
0.14666
0.54264
0.094936
0.11269
0.2737
1.2039
0.08797
0.42595
0.23582
0.18376
0.70331
0.36756
0.10057
0.23788
0.10549
0.32062
0.071856
0.55619
0.17796
0.67591
0.35564
0.079482
0.20516
0.60956
0.34086
0.10142
0.14522
0.1503
0.099403
0.52721
0.84047
0.1039
0.58703
0.23927
1.0716
0.96354
0.56733
0.68959
0.72616
0.63046
0.23638
1.2122
1.2421
0.15089
0.71972
0.23953
0.69624
0.15141
0.78026
0.37603
1.0382
0.64719
0.29845
0.22903
0.4007
0.66624
0.14826
0.93086
0.2469
0.27267
0.21665
0.62974
0.8087
0.90486
0.18823
0.27023
0.94271
0.47896
1.1188
0.11609
0.27417
0.29562
0.76618
0.12677
0.36726
0.1185
1.1451
0.1791
0.085379
0.67489
0.26628
0.080975
0.30808
0.25157
0.92925
0.39794
0.67156
0.16926
0.10164
0.10763
0.30652
0.34138
0.29668
0.10355
0.26433
0.30468
0.11055
0.27819
0.19531
0.27781
0.26988
1.6857
0.46124
0.098059
1.149
0.33279
0.20671
0.68299
0.59819
0.52218
0.086759
0.15166
0.91981
0.068613
0.1668
0.089348
0.91179
1.3003
0.59426
1.2053
0.15861
0.30449
0.24578
0.087832
0.12356
0.26142
0.87658
0.84142
0.26534
0.15498
1.2497
0.70941
0.18823
0.22522
0.10497
0.23844
0.81588
0.42581
0.20137
0.41532
1.1264
0.13769
1.063
1.0275
0.91204
0.79037
0.32941
0.20315
1.0035
0.77678
0.85304
0.24513
0.26856
0.35935
0.12285
0.66404
0.43711
0.15048
0.25939
1.1292
0.23761
0.50965
0.42003
0.15341
0.31057
0.11356
0.13786
0.73998
0.081369
0.11829
0.51288
0.13819
0.12778
0.26011
0.23137
0.56927
0.13063
1.0479
0.31285
0.36519
0.27892
0.22334
0.098672
1.0259
0.26504
0.623
0.11167
0.351
0.46384
1.576
0.39127
0.16653
0.6093
0.23814
0.78196
0.11628
0.89981
0.24226
0.15468
0.71794
0.12334
0.17313
1.1142
0.21637
1.0531
0.1749
0.26112
0.13698
0.0873
0.80988
0.12566
0.34412
0.17151
0.81845
1.2313
0.24373
1.1864
0.90716
0.11425
0.94969
0.3657
0.32937
0.14854
0.13182
0.33689
0.34792
0.092617
0.41689
0.71836
0.76207
0.21559
0.13885
0.62145
1.0497
0.42839
0.80841
0.49047
0.78743
0.64217
1.1024
0.081939
0.6703
0.97492
0.91767
1.0264
0.53514
1.0719
0.090619
0.1091
0.079954
0.14177
0.17961
0.86734
0.16973
0.67594
1.2241
1.3498
0.91724
0.10981
0.92311
0.24325
1.1945
0.5605
0.32844
0.099865
0.35726
0.19423
0.078087
0.15465
0.10873
0.074682
0.073588
0.26973
0.35687
0.12082
0.37379
0.1585
0.32932
1.0983
0.22267
0.47652
0.20356
0.17247
0.15064
0.2452
0.18218
0.98369
0.070833
0.11231
0.73728
0.45554
0.39599
0.10779
0.23344
0.4124
0.37638
0.40694
0.12725
0.99222
0.4159
0.31877
0.48376
0.59438
0.26879
0.3748
0.10683
0.1699
0.56787
0.20966
0.53573
0.85171
0.21534
0.64499
0.063832
0.38842
0.47817
0.31894
0.35058
0.11983
0.11361
0.098945
0.31921
0.084485
0.089483
0.44677
0.51368
0.22332
0.96131
0.40141
0.15154
0.89894
0.077386
0.1183
0.20411
0.12683
0.18429
1.088
0.091905
0.13367
0.1602
0.070777
0.47554
1.6557
0.18872
0.38204
0.11601
0.093932
0.27825
0.10268
0.41308
0.69586
0.56632
0.80559
1.1296
0.061191
0.24914
0.18452
0.81304
0.19637
0.69761
0.13658
0.61825
0.2215
0.70145
0.28701
0.635
0.16452
0.34526
0.14483
0.20498
1.2232
0.10476
0.18347
0.52118
0.754
0.09047
0.17282
0.3589
0.10909
0.086195
0.88183
0.14766
0.29332
0.57373
0.081197
0.97034
0.54548
0.54152
0.14386
0.4605
0.7671
0.42424
0.12861
0.07264
0.097301
0.19244
0.25814
0.20912
0.089667
1.0527
0.50064
1.1778
0.052956
0.31511
0.18724
0.13981
0.16437
1.2388
0.21206
0.1449
0.40006
0.24169
0.10109
0.20341
0.074524
0.58949
0.9479
0.12503
0.11461
0.53463
0.29605
0.075773
0.32452
0.18152
0.092738
0.40114
0.92534
0.33326
0.086815
1.1084
0.16777
0.17341
0.11101
0.13744
0.1544
0.18769
0.085632
0.12334
0.1747
0.52175
0.11385
0.54428
0.068785
0.17033
0.083295
0.88388
0.56269
1.1013
0.79065
1.0174
0.50878
0.95737
0.17337
0.1071
0.11839
0.40857
0.15514
1.1745
0.094309
0.091792
1.1783
0.083341
0.46854
0.14571
0.095708
1.0184
0.16346
0.53388
0.44014
0.91429
0.11902
1.009
1.2907
1.1806
0.12928
0.26682
0.12317
0.096999
0.23476
0.11101
0.17127
0.082494
0.49485
0.093478
0.4782
0.31448
0.14422
0.62938
1.45
1.2018
0.12825
0.22014
0.12927
0.32009
0.078364
1.137
0.35114
0.33712
0.18325
0.18508
0.077149
0.74692
1.4256
0.57834
0.25929
0.90274
0.12884
0.72242
0.16959
0.20927
0.54837
0.66596
1.0655
0.72214
0.19603
0.14604
0.50067
0.12386
0.11308
0.17372
0.37933
0.89336
0.48923
0.77606
0.22075
0.32911
0.52813
0.19063
0.13683
1.0207
0.81759
0.37482
0.48318
0.41119
0.09246
1.0565
0.15802
0.33052
0.1583
0.12607
0.47265
0.41626
0.92936
0.19333
0.13496
0.98685
0.20741
0.067988
0.1131
0.64745
0.13061
0.86804
0.53583
1.0996
0.71242
0.98848
0.2867
0.53577
0.56732
0.14927
0.047866
0.082701
0.27058
0.89671
0.34719
0.29082
1.4772
0.079165
0.12217
0.17522
0.12327
0.34375
0.13751
0.28959
0.1739
0.46233
1.1794
0.12358
0.072758
0.44961
0.7041
0.106
1.0055
0.39548
0.10778
0.337
0.40203
0.15398
0.84306
0.09727
0.13926
0.33988
0.099486
0.16467
0.25276
0.075696
1.278
0.24512
0.13778
0.14048
1.1293
0.20833
0.1294
1.0018
0.71263
0.1393
0.11577
0.21263
0.35021
0.81566
1.109
0.80504
0.58557
0.2554
0.27548
0.13226
0.077048
0.39022
0.42567
0.40564
0.96163
0.58975
1.061
1.1882
0.45318
0.09648
0.1835
0.99464
1.1763
0.14783
0.097799
0.69886
0.20905
0.061755
0.79292
0.1209
1.5432
0.73061
1.0892
0.55349
1.0853
0.080358
0.38377
0.084793
0.35375
0.080733
0.9974
0.68915
1.2346
0.22352
0.23564
0.20435
0.40605
1.0246
0.2415
1.1714
0.60468
0.10321
1.3637
0.557
0.45502
0.57851
1.1343
0.17901
0.12146
0.34434
0.76694
0.3247
0.10919
0.17367
0.092472
0.1366
0.093952
0.088829
0.28621
0.22597
0.57255
0.072174
0.56133
0.55136
0.70737
0.20662
0.93879
0.19893
0.16419
0.92736
1.3176
0.085712
0.24824
0.45445
0.67452
0.16031
0.10676
0.65151
0.16386
0.32646
0.19968
0.074542
0.35979
0.079701
0.53385
0.15308
0.12389
0.45565
0.50807
0.74975
0.34054
0.15103
0.25109
0.3116
0.39391
0.12909
0.64792
0.37695
0.13188
1.2347
0.98999
0.12171
0.53921
0.46198
0.4589
0.13414
0.25353
1.0352
0.22019
0.58416
1.4354
0.23612
0.065125
0.29143
0.47999
0.15937
1.1624
0.28699
0.52656
0.096611
0.21087
0.29211
0.11489
0.48386
0.19197
0.085665
0.46753
0.20213
0.12393
1.025
0.069282
0.14283
0.23802
0.093428
1.0285
0.17837
1.1261
0.4158
0.20358
0.24379
0.10913
0.10197
0.1027
0.12566
1.2792
1.2486
0.23148
0.10498
0.81124
0.062715
0.62497
0.16751
0.43216
0.19809
0.9114
0.10323
0.23955
0.65485
0.26367
0.11349
0.086614
0.96345
0.17671
0.99964
0.25238
0.15874
0.084311
0.086001
0.59772
0.21591
0.32421
0.29712
0.14066
0.15334
0.29571
0.17531
1.218
0.90797
0.68243
0.26933
0.49329
0.28638
0.15127
0.35326
1.1019
0.87405
1.0871
0.069207
0.1978
0.31811
0.095223
1.0678
0.7398
0.24708
0.08933
0.33605
0.15859
0.54819
0.1899
0.24945
0.51729
0.13174
0.24452
0.15906
0.29489
0.86768
0.10474
0.085978
0.26632
1.2103
0.2541
0.22679
0.12523
0.12613
0.19672
0.1187
0.13684
1.1271
0.081454
0.24006
0.093477
0.19739
0.48506
0.1888
0.21323
0.23624
0.54872
0.29025
0.93522
0.60494
0.084787
0.073001
0.84362
1.2338
0.19966
0.17723
0.78686
0.20419
0.17274
0.089245
0.79138
0.29878
0.84242
1.3684
0.56989
0.13163
1.3729
0.14063
0.28689
0.51155
0.79013
0.8256
1.3795
0.24837
0.97206
0.16084
0.31878
0.76662
0.21649
0.18549
0.13511
0.17792
0.12075
0.29817
0.12573
0.29901
0.11118
0.36251
0.25231
0.76604
0.10501
0.65231
0.2089
0.43994
0.15696
0.07345
0.15748
0.11816
0.44019
0.32808
0.49754
0.25588
0.077362
0.68901
0.21217
0.22781
0.4694
1.1253
0.12685
1.1987
0.91402
0.1626
0.33046
0.3749
0.077624
0.40602
0.094575
0.12001
0.13044
0.27553
0.94326
0.095939
1.1529
0.36796
0.23033
0.11546
0.77844
0.75263
0.68059
1.0648
0.51399
0.32506
0.42535
0.53831
0.077379
0.19849
0.29536
0.45328
0.1145
0.095372
0.30441
0.096057
0.15773
0.63841
0.075518
0.78644
0.33349
0.69387
0.21319
0.17372
0.31517
0.57135
0.20152
0.19218
0.1649
0.098837
0.49305
0.18232
1.7464
0.44694
0.081677
0.32518
0.45857
0.95771
0.20819
1.1611
0.50996
0.21667
0.27251
0.96905
0.29918
0.74509
0.1073
0.78177
0.16108
0.1294
0.21247
0.18105
0.96313
0.11807
0.33826
0.34382
0.28367
0.1666
0.16443
1.6557
0.41451
0.063967
0.095026
0.28874
0.15985
0.75931
1.4514
0.28368
0.45207
0.10409
0.32518
0.58325
0.47502
0.10546
0.068385
0.25658
0.64348
0.072154
0.15279
0.25341
0.085406
0.29254
0.064178
0.076936
0.30636
0.069451
0.10198
0.071111
0.088478
0.29331
0.21905
0.26611
0.88715
1.2169
0.18592
0.09348
0.21843
0.1283
0.72777
0.45802
0.18613
0.37454
0.58777
0.22811
0.3012
0.35816
0.64883
0.59381
0.48996
1.2619
0.077302
0.1683
1.1021
0.98477
0.33906
0.61039
0.19744
0.54319
0.12881
0.076473
0.6246
1.0995
0.13352
0.35998
1.3615
0.67948
1.7851
0.5942
0.76482
0.39082
0.17917
0.306
0.97963
0.097052
0.17202
0.27547
0.34651
0.22763
0.14242
1.426
0.33538
0.068148
0.92752
0.57445
0.09871
0.061893
1.0264
1.0977
0.22964
0.4703
0.76572
0.16134
1.0485
1.4232
1.0199
0.14106
0.2115
0.090604
0.18981
0.087398
0.22953
0.37605
0.44384
0.15171
1.0491
0.143
0.40256
0.35347
0.27397
0.12013
0.55811
0.68904
0.56102
0.17594
0.71997
0.082747
0.12956
0.089528
0.10637
0.7756
0.11629
0.14457
0.51371
0.79345
0.34155
0.49249
0.14572
0.07141
0.10739
0.78882
0.12157
0.45314
0.1427
1.0418
0.22157
0.16884
0.10688
0.40466
0.11892
0.39032
0.12027
0.7014
0.11985
0.69493
0.75138
0.18347
0.13864
0.98899
0.13848
0.094065
0.21831
1.0085
0.80724
0.68602
0.20505
0.26815
0.22443
0.32813
0.28355
0.32302
0.15684
1.0536
0.18393
0.91771
0.29817
0.28947
1.1294
0.2877
0.6779
0.34124
0.33198
0.15993
0.46922
0.38617
0.090332
0.37027
0.38534
0.24382
0.10704
1.0707
0.45114
0.20581
1.1209
0.093091
0.60153
0.07207
0.1164
1.2285
0.3987
0.15091
0.48177
1.4818
1.1501
0.66061
0.34335
0.11688
0.10049
0.74241
0.33656
1.3144
0.17833
1.0446
1.0416
0.16002
0.45086
0.14849
1.1297
0.38378
0.07043
0.88372
0.082062
0.62187
0.80423
0.25001
0.11786
1.1717
0.22763
0.15821
0.43131
1.0897
1.1267
0.2693
0.090437
0.13948
0.28624
0.75033
0.9545
0.32663
0.35346
0.087831
0.69891
0.22201
0.07505
0.17716
0.44662
0.99431
0.40027
0.30043
1.2501
1.5394
1.2394
0.92832
0.21398
0.2255
0.21642
0.44441
1.0918
1.1021
0.24015
0.30364
0.078649
0.2511
0.089022
0.20725
0.092807
0.097787
0.67859
0.14233
0.3981
0.16394
0.085343
0.11756
0.56032
0.081757
0.47021
0.7039
0.57195
0.1193
0.080342
0.11008
0.27301
0.073448
0.07539
1.4311
0.99267
0.23273
0.50686
1.0635
0.18591
0.097532
0.096726
0.60847
1.0223
0.23799
0.20949
0.98724
0.17347
0.50097
1.2091
0.17403
0.54136
0.06864
0.13282
0.65127
0.07618
0.42568
0.17804
0.11227
0.077858
1.5308
1.3974
0.090972
0.31224
0.37975
0.32297
0.86832
0.14845
0.13931
0.71854
1.4201
0.60139
0.44067
0.20205
0.2192
0.12934
0.13042
0.46297
0.19162
0.24507
0.096126
0.09073
0.16199
0.088963
0.14892
0.12696
0.94046
0.16847
1.0876
0.17588
0.14916
0.42655
0.21717
0.27989
0.24683
0.69941
0.11165
0.38192
0.31398
0.25402
0.11071
0.35963
1.0842
0.14877
0.8416
0.52915
0.072978
0.31474
0.79001
0.91048
0.77534
0.52388
0.27683
0.98516
0.13856
0.15775
0.13556
1.2098
0.25658
0.27493
0.12857
1.0741
1.5941
0.10237
0.6234
0.13577
0.11799
0.39555
0.7333
0.24651
0.14338
1.0312
0.14796
0.073506
1.1125
0.45296
0.4477
0.12179
0.061487
0.17587
0.2506
0.1264
0.28032
0.58767
0.2366
0.076797
0.45406
0.064772
0.063691
0.70467
1.2225
0.76229
0.47097
0.75702
0.25957
0.55231
0.96778
0.23568
0.81832
0.31681
0.31222
0.68554
0.085204
0.042743
1.1468
0.063232
0.42114
0.11978
0.13135
0.27113
0.68491
0.093324
0.85698
0.29117
0.31402
0.094887
0.41535
0.25449
0.30251
0.074089
1.6259
0.19478
0.53084
0.08893
0.51754
1.172
0.53053
0.42545
0.10649
0.97758
0.24419
0.29649
0.45298
0.17675
0.30698
0.097442
0.44867
0.51744
0.11657
0.19493
0.73221
1.0152
0.15381
0.5755
0.15095
0.08325
1.15
0.11042
0.1845
0.68528
0.1256
1.1912
0.44733
0.2713
0.31923
0.1657
0.55033
0.32515
0.068171
0.7606
0.1281
0.1045
0.19187
0.10227
0.1461
0.35364
0.49404
0.49863
0.26436
1.1844
0.10301
0.13957
1.0533
0.318
0.16808
0.12528
0.097765
0.71909
0.43852
0.86998
0.15709
0.098923
1.1327
0.35531
0.15802
1.5434
0.098434
0.46289
0.046978
0.35173
0.24071
0.074868
1.1557
0.4512
0.52565
0.93377
0.46653
0.61442
0.4338
0.20802
0.43849
1.1111
0.10871
0.14269
0.1392
1.0139
1.0385
0.60421
0.10973
0.15442
0.040787
0.3464
0.41926
0.84486
0.11223
1.222
0.48814
0.41722
0.45696
0.066176
0.12123
0.19309
0.29074
0.31586
0.26189
0.9582
0.37981
0.98901
0.28252
0.54905
0.13454
0.093289
0.95483
0.16756
1.3898
0.53277
1.1261
0.62885
0.077865
0.1784
0.10726
0.093924
0.090742
0.2568
0.46688
0.16892
0.69278
0.37164
0.22627
0.152
0.11044
0.1098
0.06349
0.06133
0.70125
0.89892
0.21393
0.23949
0.089768
1.1519
0.52613
1.072
0.21588
0.21014
0.095624
0.61766
0.49414
0.089214
0.79393
0.58665
0.22433
0.141
0.11176
0.22447
0.15652
0.23237
0.3582
1.0189
0.9352
1.1123
1.1939
0.62534
1.1857
0.19367
0.35979
1.0054
0.38431
0.59619
1.1342
0.72896
0.07778
0.32191
0.14703
0.34194
0.84558
0.19947
0.1405
0.28219
0.25915
0.3074
0.16312
0.48769
0.25198
0.081623
0.16632
0.17633
0.37996
0.27292
0.35426
0.4584
0.26055
0.2914
1.1228
1.2447
0.41941
0.19265
0.20337
1.3973
0.54934
0.10952
0.075875
0.16232
0.74328
0.1552
0.32427
0.12507
0.46063
0.18196
0.1025
0.53551
0.10848
0.093127
0.23447
0.53092
0.49684
0.079959
0.72837
0.076934
0.17499
0.066826
0.21019
0.25348
0.18913
0.13469
0.088643
0.09242
0.1199
0.11463
0.11306
0.39346
0.14661
0.19468
0.82054
0.18114
0.37547
0.55733
0.2377
0.16481
0.14639
0.26605
0.30627
1.2695
0.30577
0.31318
0.098028
0.3151
1.1348
0.093457
1.1132
0.5036
1.0282
0.10412
0.071248
0.097131
0.89208
0.34598
0.75872
0.70545
1.2667
0.079474
1.1767
0.6612
1.1503
0.24648
0.13436
0.60045
0.11493
0.085728
0.23818
0.86873
0.077617
1.007
1.0026
0.26436
0.085498
0.27828
0.12856
0.35373
0.38952
0.11113
0.26826
1.3308
0.27549
0.17304
0.87451
0.2525
0.89223
1.0774
0.10057
0.61039
0.2166
0.67334
0.41801
0.1173
0.38526
0.32501
0.10871
0.92419
0.22918
0.23125
0.12153
0.14598
0.048885
0.092996
0.2855
0.65661
0.49191
0.14683
0.3125
0.73248
0.19963
0.44287
0.26048
0.11541
0.34399
1.0984
1.1882
0.16524
0.1123
0.069352
0.074937
0.12569
0.070509
0.60789
0.52726
0.53696
0.22487
0.53762
0.79065
0.36089
0.087803
0.11566
0.26825
0.11896
0.22192
0.15559
0.11171
0.14581
0.76613
0.11839
0.96979
0.12226
0.27258
0.74959
0.23314
0.12102
0.62467
1.1539
0.2596
0.10101
0.28391
0.26368
0.15813
1.0851
0.097711
0.17101
0.078852
0.34606
0.56979
0.22273
0.51458
0.65161
0.67909
0.34336
0.73418
0.74766
0.077899
0.079165
0.19866
0.12542
0.12917
0.48289
0.068908
0.24083
0.24121
1.3573
1.1962
1.2777
0.39613
0.57198
0.76533
0.20174
0.21432
0.74273
0.18976
0.42322
0.30888
0.35316
0.10523
0.16032
0.26774
0.79331
0.88682
0.1201
0.62417
0.12504
0.1881
0.20822
0.60054
0.072301
0.086138
0.20418
0.071711
0.25233
0.083819
0.26246
0.10085
0.097206
1.6538
0.51208
0.089485
0.12088
0.29796
0.51258
0.41591
0.22444
0.091986
0.24429
0.70948
0.27485
0.24092
1.1445
0.13769
1.0302
0.5755
0.80804
0.20199
0.21384
0.55847
0.10093
0.30977
0.19942
0.45212
1.1962
0.92177
1.1258
0.42544
0.153
0.20792
0.22182
0.57504
0.36325
0.6562
0.14671
0.52561
0.31844
0.63535
0.43163
0.42221
0.20961
0.12806
0.1632
0.69814
0.1817
0.25539
0.093337
0.41268
1.0955
0.29949
0.060198
0.11193
0.9442
1.134
0.22894
0.7046
0.71745
0.70188
0.08618
0.31289
0.38589
0.37031
0.23978
0.46505
1.1423
0.20717
0.17342
1.2623
0.68136
0.21263
0.94557
0.33606
1.2378
0.22919
0.11013
0.40075
0.57605
0.92035
0.11266
0.57097
0.91866
0.42072
0.146
1.3207
0.57258
0.13094
0.36892
0.76681
0.086165
0.6762
0.10328
1.1406
0.14198
0.26834
0.20814
0.10923
0.4071
0.63579
0.20695
0.097838
0.18658
0.089007
0.084509
1.121
1.2106
0.069039
0.50747
0.11148
0.13449
0.10518
0.20454
0.16311
0.38001
1.1451
1.1809
0.18061
1.0271
1.1617
0.34759
0.60105
0.72845
0.10676
1.1425
0.33019
1.29
0.11758
0.38795
0.1401
0.096685
1.2334
0.30378
0.11857
0.28985
0.64877
0.23452
0.23759
0.93377
0.1081
0.090037
0.11816
0.19815
1.0444
1.2069
0.20778
0.13957
0.14118
0.32454
0.2976
0.9573
1.2106
1.1641
0.15601
0.35244
0.097982
1.1717
0.19693
0.26295
1.111
0.067328
1.2725
0.15469
0.25286
0.40138
0.323
0.77405
0.115
0.59624
1.4129
0.24361
1.2245
0.25359
0.25579
1.2718
0.093133
0.27593
0.21686
1.3863
1.0833
0.72513
0.84447
0.8272
0.47851
0.10404
0.17834
0.13141
0.85562
0.097362
1.1571
1.0366
0.74239
0.75196
0.12994
0.11405
0.1306
0.61615
0.78591
0.14277
0.13409
0.1108
0.28334
0.61826
0.13027
0.095865
0.15453
0.73901
0.57294
0.13419
0.089232
0.25516
0.10663
0.99133
0.39931
0.2265
0.7002
0.09245
1.0012
0.19593
1.2233
0.35445
1.108
0.31367
0.082878
0.083837
0.27393
0.5919
0.41278
0.27195
0.17981
0.11393
0.50187
0.15674
0.32576
0.27254
0.22254
0.10894
0.18282
1.7178
1.1014
0.45975
0.18472
0.35151
0.2024
0.21443
0.14701
0.18785
0.19107
0.94995
1.1269
0.41018
1.2033
0.11966
0.12359
1.2531
0.66649
0.29039
0.9542
0.14514
0.30765
1.2177
0.93845
0.20544
0.11725
1.1138
0.08711
0.10903
0.13704
0.44755
0.47364
0.58248
0.090577
0.14355
0.63007
0.21528
0.13918
0.11054
0.05583
0.48038
0.19198
0.09464
0.21505
0.25569
0.17859
0.089218
0.58
0.64211
0.33794
0.37999
0.3911
0.55098
0.17628
0.13508
0.077791
0.91174
0.59763
0.11755
0.18916
1.6208
0.83387
0.36477
0.81637
0.11366
0.42845
0.9637
0.073734
1.1548
0.15662
0.18986
0.29007
0.20673
1.2516
0.29409
0.14695
0.18787
0.11802
0.87213
1.2909
0.18025
0.29548
0.37603
0.37138
0.13523
0.084133
0.28474
0.17566
0.098675
1.2275
0.95284
0.85221
0.13485
0.088757
0.36326
0.088089
0.13894
0.79775
0.20943
0.0825
0.18962
0.085967
1.1133
0.90025
0.11681
1.273
0.24712
1.1324
0.078866
0.83867
0.18661
0.11935
0.3527
1.1538
0.33043
0.76271
0.07032
0.48829
0.78293
1.1663
0.8471
0.43978
1.0537
0.10228
0.88344
0.30459
0.19203
0.12158
0.086689
0.52859
0.8563
0.45236
0.3193
0.34722
0.075208
0.13322
0.081846
0.16783
1.0189
0.37246
0.10883
0.23601
0.1165
0.25952
0.67739
0.65659
0.18597
0.1659
0.085884
0.078102
0.52752
0.11693
0.45797
1.1568
0.30796
0.11835
0.39276
0.098368
0.20407
0.14527
0.73235
0.17338
0.14368
0.14572
0.20953
0.20127
0.10085
0.37062
1.1981
0.23255
0.37915
0.32908
0.15488
0.32945
0.40152
0.21508
0.19553
0.078365
0.29642
0.097663
0.089414
0.13118
0.56894
0.57413
0.28481
0.50467
0.23137
0.93985
0.83348
0.65208
0.10003
0.056608
0.070374
0.11439
0.44675
0.40724
0.14718
0.3012
0.98491
0.53677
0.27725
0.67708
0.10256
0.92614
0.74137
0.17406
0.64338
0.35187
0.46174
0.10716
0.88907
1.1126
0.54662
0.87391
0.074653
0.52408
0.097679
0.76664
0.39803
0.26925
0.13435
0.13727
0.11755
0.42183
0.76408
0.5413
0.29607
0.2144
0.33451
0.90452
1.0209
0.34866
0.76012
0.17188
1.0359
1.3302
0.32599
0.44035
1.1514
0.26722
0.10555
0.32467
0.4981
1.1566
0.098762
0.23365
1.0023
0.12959
0.46092
0.079481
0.095177
1.1304
0.096438
0.59217
0.37626
1.2899
0.2098
0.13948
0.15934
1.0629
0.99788
0.15885
1.2246
0.19002
0.43241
0.19565
0.14016
0.32321
0.1792
1.071
0.16633
0.88277
0.83452
0.20644
0.49797
0.32801
0.24803
0.96764
0.38925
0.10071
0.13518
1.0495
1.0642
0.085519
0.71597
0.093957
1.0852
1.258
0.089668
0.97571
0.33599
0.29579
0.16988
1.0281
0.77323
1.0764
0.13846
0.13209
1.0311
0.12596
0.19276
0.54334
0.1306
0.31595
0.43386
0.22343
1.0749
0.31031
0.15606
1.0103
0.40542
0.35513
0.068705
0.31466
0.19561
0.14418
0.10648
0.90643
0.096179
0.37319
0.47425
0.87207
0.14634
0.13009
0.17683
0.24033
1.0583
1.0311
0.13895
0.63365
0.072819
0.10091
0.27134
0.94231
0.25753
0.33419
0.31359
0.099368
0.65976
0.13137
0.15879
0.31074
0.14616
0.24784
0.63596
0.16557
1.1671
0.072868
0.079287
0.13405
0.09476
0.77829
0.93068
0.17281
0.18285
0.18734
0.14079
0.11116
0.21527
0.22895
0.22564
0.15091
0.097081
0.32059
0.16563
0.48575
0.16803
0.1996
0.19083
0.12454
0.23527
0.0735
0.47545
0.24627
0.19638
0.60296
0.19903
0.15882
0.77678
0.41924
0.71667
0.46695
0.77758
0.11348
0.2206
0.38294
0.20831
0.40856
1.2409
0.93732
0.40757
1.3105
0.89678
0.08084
0.14653
0.078385
0.13355
1.2447
0.10749
1.1142
0.96297
0.072688
0.50519
0.68925
0.17688
1.0823
0.26125
0.78946
1.1997
0.30873
0.14113
0.13704
1.1704
1.2065
1.1662
0.61246
0.38266
0.40886
0.1444
0.64259
0.36512
0.86463
0.20656
0.40391
0.19567
0.077367
1.4887
0.077194
0.92159
0.095935
0.89671
0.22847
0.18442
0.60007
0.14325
0.62149
0.21342
0.084904
0.17173
0.69125
0.082056
0.10248
0.1547
0.23793
0.13232
0.95908
0.072741
0.40714
1.2431
0.22334
0.41352
1.115
0.82304
1.2588
0.34795
0.35463
0.682
0.32632
0.7733
0.16008
0.63338
0.097619
0.31138
0.1445
0.12899
0.24343
0.81826
1.1807
0.28486
0.98857
0.67571
0.96177
0.34614
0.090909
0.24557
0.27383
0.36202
0.31414
0.095317
0.75211
1.1812
1.2311
0.5707
0.076653
0.21438
1.0294
0.20981
0.38414
0.068663
0.8414
0.084952
1.3626
0.33055
0.17285
1.213
0.15862
0.50628
0.11298
1.1157
0.13802
0.19267
0.41888
0.079189
0.1296
0.071723
0.08164
0.43072
0.49359
0.083484
0.46547
0.22288
0.20826
1.4221
1.0412
0.18591
0.087432
0.28459
1.0788
0.20764
0.47524
0.10063
0.083891
0.26894
1.0688
0.11253
0.12695
0.83357
0.21886
0.54338
0.74432
0.11923
0.092713
0.063889
0.20087
0.24167
0.094188
0.22727
0.16719
0.092992
1.0531
0.50933
0.14239
0.13608
0.43631
1.3223
0.5389
0.14577
0.20315
0.72121
0.083701
0.22299
0.23034
0.42373
0.46483
0.084785
0.36055
0.67611
0.089142
0.27754
0.11133
0.14872
0.51686
0.2912
0.23554
0.6503
0.11984
0.8343
0.24572
0.961
0.34814
0.13793
0.25986
0.67288
0.85553
0.099674
0.26607
0.72249
0.50791
1.2833
0.7665
0.13915
0.75451
0.51923
0.34844
0.27414
0.36548
0.40749
0.075616
0.51681
0.50483
0.23801
0.14169
0.29623
0.50869
0.75621
0.16723
0.095861
0.2843
0.49203
0.30149
0.33087
0.96246
0.48056
0.1606
0.18706
0.36724
0.65709
0.10244
0.077793
0.14514
0.39105
0.17287
0.17515
0.18867
0.1001
0.17182
0.13432
0.62639
0.37066
0.12828
0.45879
1.0938
0.15046
1.2575
0.11152
0.58753
0.12447
0.10676
0.10507
0.96076
0.44775
0.90098
0.3706
0.15489
0.16871
0.10916
1.2651
0.18346
0.13143
0.77265
0.095252
0.15713
0.18347
0.086602
0.29475
0.12443
0.090436
0.44426
0.38572
0.39934
0.16389
1.3053
0.65948
1.156
0.36062
0.074421
0.62331
0.2105
0.15003
0.21855
0.09493
0.34157
0.35589
0.14666
0.54264
0.094936
0.11269
0.2737
1.2039
0.08797
0.42595
0.23582
0.18376
0.70331
0.36756
0.10057
0.23788
0.10549
0.32062
0.071856
0.55619
0.17796
0.67591
0.35564
0.079482
0.20516
0.60956
0.34086
0.10142
0.14522
0.1503
0.099403
0.52721
0.84047
0.1039
0.58703
0.23927
1.0716
0.96354
0.56733
0.68959
0.72616
0.63046
0.23638
1.2122
1.2421
0.15089
0.71972
0.23953
0.69624
0.15141
0.78026
0.37603
1.0382
0.64719
0.29845
0.22903
0.4007
0.66624
0.14826
0.93086
0.2469
0.27267
0.21665
0.62974
0.8087
0.90486
0.18823
0.27023
0.94271
0.47896
1.1188
0.11609
0.27417
0.29562
0.76618
0.12677
0.36726
0.1185
1.1451
0.1791
0.085379
0.67489
0.26628
0.080975
0.30808
0.25157
0.92925
0.39794
0.67156
0.16926
0.10164
0.10763
0.30652
0.34138
0.29668
0.10355
0.26433
0.30468
0.11055
0.27819
0.19531
0.27781
0.26988
1.6857
0.46124
0.098059
1.149
0.33279
0.20671
0.68299
0.59819
0.52218
0.086759
0.15166
0.91981
0.068613
0.1668
0.089348
0.91179
1.3003
0.59426
1.2053
0.15861
0.30449
0.24578
0.087832
0.12356
0.26142
0.87658
0.84142
0.26534
0.15498
1.2497
0.70941
0.18823
0.22522
0.10497
0.23844
0.81588
0.42581
0.20137
0.41532
1.1264
0.13769
1.063
1.0275
0.91204
0.79037
0.32941
0.20315
1.0035
0.77678
0.85304
0.24513
0.26856
0.35935
0.12285
0.66404
0.43711
0.15048
0.25939
1.1292
0.23761
0.50965
0.42003
0.15341
0.31057
0.11356
0.13786
0.73998
0.081369
0.11829
0.51288
0.13819
0.12778
0.26011
0.23137
0.56927
0.13063
1.0479
0.31285
0.36519
0.27892
0.22334
0.098672
1.0259
0.26504
0.623
0.11167
0.351
0.46384
1.576
0.39127
0.16653
0.6093
0.23814
0.78196
0.11628
0.89981
0.24226
0.15468
0.71794
0.12334
0.17313
1.1142
0.21637
1.0531
0.1749
0.26112
0.13698
0.0873
0.80988
0.12566
0.34412
0.17151
0.81845
1.2313
0.24373
1.1864
0.90716
0.11425
0.94969
0.3657
0.32937
0.14854
0.13182
0.33689
0.34792
0.092617
0.41689
0.71836
0.76207
0.21559
0.13885
0.62145
1.0497
0.42839
0.80841
0.49047
0.78743
0.64217
1.1024
0.081939
0.6703
0.97492
0.91767
1.0264
0.53514
1.0719
0.090619
0.1091
0.079954
0.14177
0.17961
0.86734
0.16973
0.67594
1.2241
1.3498
0.91724
0.10981
0.92311
0.24325
1.1945
0.5605
0.32844
0.099865
0.35726
0.19423
0.078087
0.15465
0.10873
0.074682
0.073588
0.26973
0.35687
0.12082
0.37379
0.1585
0.32932
1.0983
0.22267
0.47652
0.20356
0.17247
0.15064
0.2452
0.18218
0.98369
0.070833
0.11231
0.73728
0.45554
0.39599
0.10779
0.23344
0.4124
0.37638
0.40694
0.12725
0.99222
0.4159
0.31877
0.48376
0.59438
0.26879
0.3748
0.10683
0.1699
0.56787
0.20966
0.53573
0.85171
0.21534
0.64499
0.063832
0.38842
0.47817
0.31894
0.35058
0.11983
0.11361
0.098945
0.31921
0.084485
0.089483
0.44677
0.51368
0.22332
0.96131
0.40141
0.15154
0.89894
0.077386
0.1183
0.20411
0.12683
0.18429
1.088
0.091905
0.13367
0.1602
0.070777
0.47554
1.6557
0.18872
0.38204
0.11601
0.093932
0.27825
0.10268
0.41308
0.69586
0.56632
0.80559
1.1296
0.061191
0.24914
0.18452
0.81304
0.19637
0.69761
0.13658
0.61825
0.2215
0.70145
0.28701
0.635
0.16452
0.34526
0.14483
0.20498
1.2232
0.10476
0.18347
0.52118
0.754
0.09047
0.17282
0.3589
0.10909
0.086195
0.88183
0.14766
0.29332
0.57373
0.081197
0.97034
0.54548
0.54152
0.14386
0.4605
0.7671
0.42424
0.12861
0.07264
0.097301
0.19244
0.25814
0.20912
0.089667
1.0527
0.50064
1.1778
0.052956
0.31511
0.18724
0.13981
0.16437
1.2388
0.21206
0.1449
0.40006
0.24169
0.10109
0.20341
0.074524
0.58949
0.9479
0.12503
0.11461
0.53463
0.29605
0.075773
0.32452
0.18152
0.092738
0.40114
0.92534
0.33326
0.086815
1.1084
0.16777
0.17341
0.11101
0.13744
0.1544
0.18769
0.085632
0.12334
0.1747
0.52175
0.11385
0.54428
0.068785
0.17033
0.083295
0.88388
0.56269
1.1013
0.79065
1.0174
0.50878
0.95737
0.17337
0.1071
0.11839
0.40857
0.15514
1.1745
0.094309
0.091792
1.1783
0.083341
0.46854
0.14571
0.095708
1.0184
0.16346
0.53388
0.44014
0.91429
0.11902
1.009
1.2907
1.1806
0.12928
0.26682
0.12317
0.096999
0.23476
0.11101
0.17127
0.082494
0.49485
0.093478
0.4782
0.31448
0.14422
0.62938
1.45
1.2018
0.12825
0.22014
0.12927
0.32009
0.078364
1.137
0.35114
0.33712
0.18325
0.18508
0.077149
0.74692
1.4256
0.57834
0.25929
0.90274
0.12884
0.72242
0.16959
0.20927
0.54837
0.66596
1.0655
0.72214
0.19603
0.14604
0.50067
0.12386
0.11308
0.17372
0.37933
0.89336
0.48923
0.77606
0.22075
0.32911
0.52813
0.19063
0.13683
1.0207
0.81759
0.37482
0.48318
0.41119
0.09246
1.0565
0.15802
0.33052
0.1583
0.12607
0.47265
0.41626
0.92936
0.19333
0.13496
0.98685
0.20741
0.067988
0.1131
0.64745
0.13061
0.86804
0.53583
1.0996
0.71242
0.98848
0.14622
0.4496
0.27965
0.14927
1.002
0.10772
0.14811
0.08372
0.34719
1.1225
0.072863
0.084474
0.79933
0.13557
0.098525
0.29829
0.13751
0.48777
0.33343
0.49107
0.44264
0.081686
0.072758
0.40046
0.59663
0.106
1.0055
0.24331
0.81786
0.337
1.0299
0.15398
0.070848
0.094238
0.088142
0.105
1.2906
0.11288
0.5137
0.73275
0.89247
0.24512
0.092689
1.191
0.078443
0.27758
0.7684
0.14678
0.31713
0.19514
0.094029
1.1334
0.12562
0.30205
0.1517
0.98806
1.0936
0.12703
0.27548
0.072748
0.16188
0.36607
0.077368
0.21944
0.96163
0.25925
0.37001
0.31764
1.4119
0.09648
0.21724
0.28117
0.066279
0.14783
0.47005
0.33948
0.17976
0.3704
0.35624
0.593
1.1429
0.61492
0.2648
0.55349
0.61303
0.71023
1.1358
0.22248
0.37397
0.20052
0.17681
0.2001
0.1717
0.22352
1.2448
0.20435
0.28069
0.47212
0.12961
0.15138
0.60468
0.0709
1.3637
0.557
0.18257
1.1288
1.2442
0.28656
0.34265
1.1969
0.76694
0.49602
0.30269
0.087717
0.14607
0.49224
0.093771
0.076929
0.096448
0.11574
0.95272
0.54951
0.11173
0.10996
0.22284
0.77425
0.26192
1.1978
0.58793
0.30796
0.10791
0.091158
0.12172
0.12739
0.35975
0.16031
0.086315
0.22396
0.34995
1.2385
0.66476
0.84856
0.94212
1.1466
0.13218
0.15308
0.18829
0.4968
0.20231
1.4615
1.0949
0.083995
0.13932
0.26093
0.52028
0.40452
0.25906
0.10032
0.40959
0.086847
0.13028
0.65336
0.6293
0.39559
0.55596
0.48358
0.14487
0.31857
0.22019
0.58416
0.13788
0.28489
0.56513
0.29143
0.71903
0.092383
0.45307
0.12611
0.075941
0.080658
0.29619
0.57925
0.79283
0.11209
0.091262
0.56504
1.6894
0.99026
0.29262
0.46351
0.43473
0.47441
0.83335
0.093428
1.0285
0.12425
0.57529
1.0736
0.20358
0.1193
0.36692
0.10197
0.23262
0.51778
1.2792
0.077973
0.18676
0.48742
0.10002
0.35912
0.091668
0.25929
0.16966
0.66796
1.2249
0.19796
1.2334
0.16097
0.22741
0.13166
0.21828
0.52577
0.15997
0.31187
0.27012
0.1495
0.42599
1.3279
0.076515
0.47213
0.70732
0.66273
0.33755
0.064122
0.38957
0.55558
0.37012
0.88586
0.39536
0.08474
0.5625
0.076319
0.60405
0.12145
0.088257
0.10133
0.6341
0.069207
0.21915
0.077346
0.13021
1.0925
0.79
1.0161
0.12055
1.0735
0.15859
0.38558
0.16639
0.66779
0.2706
0.094955
0.10399
0.082792
0.47292
0.18686
0.092937
0.49163
0.096877
0.24391
0.48231
0.72805
0.13547
0.24199
0.19672
0.36723
0.11555
0.40738
0.68552
0.24964
0.14619
0.099761
0.10661
0.1888
0.12237
0.44105
0.54872
0.3921
1.109
0.78654
0.13109
0.26324
0.26539
0.19328
0.089508
0.64198
0.78686
0.10926
0.18968
0.089245
0.19116
1.2212
0.84242
0.095524
0.10473
0.5181
1.3729
0.34902
0.15968
0.82119
0.79764
0.095112
0.094369
0.2524
0.14139
0.075854
0.24282
0.22843
0.21649
0.27308
0.13511
0.11592
0.32021
0.08282
0.12573
0.33058
0.1328
0.20471
0.20215
1.1935
0.29936
0.08046
1.0494
0.18744
0.32822
0.086672
1.6352
0.11816
0.4089
0.10528
0.197
0.52393
0.077362
0.092659
0.15474
0.30366
0.26478
0.43442
0.41172
0.39579
0.084326
0.79614
1.2818
0.081469
1.1888
0.39809
0.1361
0.12001
0.94184
1.0809
0.12299
0.98615
0.14295
0.16051
0.25231
1.2351
0.27737
0.30432
0.1207
0.14903
0.21686
0.1224
0.08522
0.73057
0.079735
0.07113
0.085328
1.1196
0.1671
0.41437
0.40458
0.10699
0.30862
0.15066
0.23109
0.64218
0.12707
0.69387
0.073265
0.52037
0.4609
0.06279
1.0102
0.5418
0.27648
1.0658
0.069819
0.40921
0.1594
0.31779
0.26432
0.72407
1.0028
0.13167
0.20819
1.1611
0.47043
0.15445
0.27251
1.0345
0.29918
0.074084
1.2597
0.53792
0.60547
0.22897
0.21206
0.10757
0.19287
1.1551
0.4824
0.34382
0.90019
0.34486
0.33985
0.33879
0.23135
0.088128
0.077905
0.30299
1.1319
0.75931
0.21761
0.18012
0.20424
0.13879
0.9278
0.32135
0.47502
0.37946
0.65872
0.10494
0.85553
0.13356
0.10637
0.16765
0.2009
0.24679
0.75528
1.2888
0.39889
0.76575
1.1422
1.1873
0.2504
0.20772
0.91492
1.0956
0.35264
0.30823
0.32215
0.84884
0.21773
0.28776
0.29818
0.14335
1.1226
0.61159
1.2157
0.37352
0.296
0.2194
1.2956
0.73056
0.81511
0.24346
0.077302
0.26653
0.57475
0.55401
0.074979
0.17705
0.38972
0.17118
0.59995
0.10023
0.45327
0.11415
0.13352
0.80546
0.93171
1.1074
0.8402
0.23829
0.56876
0.66236
0.45485
0.2421
0.27441
0.52842
0.082784
0.20756
0.33747
0.073697
0.14242
0.27452
0.54445
0.089811
0.51419
0.082093
0.09871
0.10485
0.28973
0.12519
0.10062
0.25576
0.76572
0.30602
0.11459
1.4232
0.6872
1.1113
0.2115
0.73803
0.087814
0.11382
0.45377
0.37605
0.21364
0.48319
0.085306
0.4549
0.088746
0.18108
0.20756
0.081274
0.13814
1.1672
0.90037
1.0466
0.1865
0.14014
0.072761
0.11494
0.50495
0.12669
0.1593
0.14457
0.47889
0.087018
0.34155
0.74253
0.61872
0.37917
1.1415
0.13067
1.0121
0.12008
0.1427
1.0418
0.22157
0.29775
0.2142
1.0333
0.11892
0.7365
0.12027
0.12209
0.37173
0.10001
1.148
0.11927
0.37793
0.60584
0.13848
0.21184
0.097918
0.10284
0.15792
0.12582
0.54226
1.0546
0.11996
0.76139
0.3045
1.2093
0.15684
0.18298
0.084809
0.8818
0.29817
0.41901
0.29351
0.10394
0.093546
0.83937
0.12186
0.33346
0.087471
0.68256
0.17256
1.2209
0.10541
0.57172
0.53755
0.13585
0.45114
0.16813
1.052
1.7238
0.14486
0.39416
0.23602
0.55103
0.26875
1.1708
0.2697
0.79453
1.1501
0.3789
0.92173
0.13745
0.10939
1.0631
0.33656
0.17943
0.57578
1.0446
0.13799
0.25885
0.093447
0.15523
0.81457
1.2425
0.13256
0.19124
0.072254
0.18191
0.087492
0.17959
0.4936
0.52236
0.7951
0.37541
0.39179
0.2042
0.09905
0.13224
0.17839
0.18141
0.063696
0.29925
0.76722
0.72574
0.27487
0.70687
0.69891
0.87345
0.97711
0.51305
0.15111
0.10337
0.10214
0.40227
0.48954
0.11505
0.38898
0.10634
0.092616
0.085233
0.17293
0.48525
0.15929
0.055842
0.478
0.77895
0.14306
0.2511
0.31632
0.20725
0.24566
0.097787
0.32751
0.11909
0.17269
0.11382
0.47902
1.5598
0.16808
0.4903
0.1954
0.091313
0.30344
0.61157
0.46622
0.95339
0.25943
1.0871
0.17093
0.17158
0.38881
0.12691
0.53859
0.11045
0.19154
0.85798
0.16279
0.37496
0.42566
1.2219
0.27673
0.46418
0.87834
0.50097
1.2091
0.17403
0.88312
0.10417
0.13282
0.65127
0.14967
0.59713
0.17278
0.19955
0.24373
1.5308
0.2431
0.13793
1.5775
1.1243
0.42822
0.083635
1.2446
0.13931
0.51404
1.1214
0.11226
0.16636
0.14697
0.2192
0.50015
0.13042
0.0875
0.091266
0.48058
0.50324
0.09073
0.13184
0.20341
0.088612
0.30688
0.21659
0.10548
0.2927
0.15659
0.099953
0.49151
0.72889
0.27989
1.02
1.2522
0.25806
0.18051
0.091092
0.25402
0.072079
0.35963
0.66588
0.14877
0.072511
0.12847
0.27876
0.31474
0.26842
0.42041
0.71013
0.46331
0.38872
0.25693
0.38314
0.12874
0.59918
0.10824
0.89016
0.26542
0.17706
0.47537
1.5941
0.21476
0.6234
0.8377
0.37193
0.26745
0.7333
0.10043
0.81819
0.42855
0.32703
0.9409
0.098298
0.22804
0.10763
0.23081
1.2131
0.088321
0.16686
1.0006
0.26771
0.16455
0.8117
0.20782
0.12595
0.36249
0.10785
0.70467
0.27808
0.27461
0.427
0.75702
0.35887
0.20402
1.0029
1.0402
0.54352
0.89513
0.61038
0.59487
0.4627
0.18884
0.094754
0.14841
0.34488
0.68325
0.28081
0.32987
0.68491
1.2601
0.081603
1.6122
0.12204
0.5748
1.1381
0.25449
0.4552
0.32817
0.8897
1.0598
0.15337
0.76616
0.58331
0.30007
0.30076
0.32863
0.1263
0.16902
0.4356
1.2262
0.45298
0.11289
0.99151
0.097442
0.14339
0.19104
0.13563
0.11301
0.33258
1.1714
0.23327
0.22279
0.40801
0.092495
0.50181
0.20131
0.35652
0.12413
0.32163
0.10688
0.12869
0.2713
0.18374
0.7918
0.25823
0.36258
0.63211
0.39446
1.0182
1.5371
0.075519
0.3657
0.12526
0.1129
0.1436
0.53536
0.20459
1.1844
0.62089
0.18135
0.70347
0.318
1.1621
0.39622
0.081027
0.71909
0.19603
0.12394
0.15709
0.38913
0.99102
0.11812
0.30366
0.065497
0.34725
0.13301
0.096311
1.0473
0.49266
0.2341
0.51863
0.10243
0.11888
1.0838
0.369
0.21762
0.43826
0.64017
0.25405
0.60656
0.16916
0.17527
0.12284
0.65172
0.92789
0.28088
0.29518
0.30935
0.040787
0.15813
0.15413
0.26412
0.12768
0.17262
0.098733
0.24895
0.33903
0.12087
0.43297
0.094911
0.18827
0.1639
0.44033
0.9582
0.16393
0.69934
0.28252
0.35865
0.13454
0.093289
0.40754
0.10996
0.601
0.40699
1.1261
0.13211
1.0774
0.1599
0.17679
0.10726
0.19794
0.2568
0.12237
0.12024
0.28766
0.37164
0.22627
0.51548
0.96238
0.17084
0.88737
0.17743
0.42839
0.27634
0.56395
0.083857
0.43117
0.3038
0.10737
1.072
0.26523
0.21014
0.42613
0.85104
0.1767
0.097859
0.79393
0.58665
0.37299
0.39783
0.42449
0.15471
0.098346
0.69045
0.10177
0.11663
0.17092
0.18904
0.17042
0.32087
0.14882
0.19367
0.43719
0.15672
0.38431
0.074143
1.2574
0.25725
1.3677
0.25106
0.56387
0.61981
0.094927
0.25434
1.2217
0.24278
0.09583
0.19082
0.16312
0.20078
0.73842
0.10848
0.12624
0.80778
0.37996
0.65189
0.11147
0.4098
1.1622
0.2914
1.0727
0.60536
0.15111
0.74842
0.36543
0.96571
1.1435
0.68714
1.1275
0.2529
0.27059
1.4996
0.20324
0.69931
0.26375
0.12843
0.73001
0.3597
0.50274
0.28391
1.2355
0.27592
0.56237
0.085791
0.72837
0.98787
1.1822
1.3632
0.81675
0.24583
1.1019
0.50369
0.17061
0.1876
1.1222
0.14569
0.11306
0.28252
1.4312
0.23184
0.67476
0.090548
0.26353
0.9537
0.07065
0.082929
0.18219
0.4119
0.67067
0.97732
0.30577
0.33395
0.57945
0.49343
0.34947
0.31134
0.16345
0.26942
0.302
0.33984
0.081016
0.097131
0.15792
0.34598
0.067533
0.82116
1.2477
0.079474
0.54734
1.2403
0.57243
0.19887
0.41408
0.25137
0.085988
0.3645
0.9631
0.86873
0.16426
0.33163
1.0026
0.28354
0.24252
0.11776
0.15323
0.15955
0.38952
0.45403
0.22911
0.13347
0.27549
0.17304
0.75049
0.30601
0.49815
0.23014
0.91948
0.70299
0.2166
0.62014
0.27985
0.1297
0.38526
0.32501
0.64676
0.92419
0.85481
0.44815
0.10055
0.79186
0.21004
0.25296
0.21487
1.0885
1.2493
0.98849
0.3125
0.10077
0.14364
0.23448
0.10482
0.1882
0.75348
0.89583
0.11287
0.16524
0.45386
0.24282
0.33374
0.76203
0.13183
0.2487
0.55097
0.53696
0.44603
0.1609
0.31975
0.65665
0.6249
0.42635
0.074815
0.18684
0.46814
1.2471
0.35738
0.39613
0.11477
1.1615
0.32061
1.1059
1.3697
1.0388
1.0836
0.054606
0.34344
0.1225
0.064038
0.48701
0.43198
0.67663
0.12362
1.0738
0.83932
1.0709
0.10115
0.18296
0.16745
0.42767
1.1732
0.32699
0.39197
0.64497
0.84643
0.31417
0.077899
0.079165
0.19866
0.13128
1.101
0.082227
0.17804
0.64737
0.084285
0.10137
1.252
0.33077
0.20447
0.096208
0.53007
0.37874
0.76866
0.08197
0.19009
1.1118
0.30888
0.77716
0.10188
0.25816
0.32447
0.10506
1.7241
0.11454
0.076306
0.64145
0.1295
0.14525
0.2106
0.19507
0.086138
0.16483
0.13576
0.085631
1.1297
0.20231
0.4512
0.87806
1.6538
0.80274
0.09778
1.171
0.73884
0.10736
0.10628
0.55662
0.67642
0.24429
0.47829
0.83421
0.16155
0.10062
0.8641
1.0302
0.062789
0.30387
0.55508
1.3919
0.62865
0.15921
0.10535
0.19942
0.15438
0.11972
0.092859
0.096766
0.11281
0.54008
0.61846
0.071087
0.57504
0.2197
0.076993
0.87226
1.0972
0.5952
1.2689
0.27867
0.073856
0.22588
0.68397
0.1632
0.39863
0.29751
0.56442
0.093337
0.41268
0.84176
0.24344
0.086648
1.5816
0.48768
0.88997
0.71959
0.34849
0.95268
0.12312
0.99484
0.066154
0.14181
0.35872
0.32355
0.073486
0.13569
0.20717
0.12249
0.96533
1.0665
0.147
0.94557
0.57149
0.69789
0.082127
0.19526
0.30905
0.72493
0.35363
0.42707
0.14309
0.91866
0.06289
0.098117
0.56391
0.12203
0.38317
1.5038
1.175
0.23781
0.098366
0.93299
0.10513
0.13642
0.076049
0.64227
0.66307
0.13015
0.098257
0.20172
0.55651
0.86071
0.75052
0.11415
0.11627
0.097551
0.28307
0.50747
0.47354
0.1853
0.10518
0.16102
0.084642
0.28631
0.21627
0.12264
0.58287
0.158
1.0582
0.10947
0.087603
0.7262
0.18124
0.11147
0.5386
0.087749
0.1782
0.26126
0.356
0.39426
0.28266
0.17888
0.14822
0.22406
1.1249
0.23452
0.18452
0.63034
0.67085
0.21745
0.43005
0.98654
1.0444
0.25058
0.16874
0.12463
0.62023
1.1319
0.2976
0.62968
1.2106
1.1962
0.092026
0.33284
0.12423
0.63305
0.19198
1.1442
1.111
0.11789
0.51678
0.77826
0.90455
0.61542
0.12018
0.77405
0.48845
0.1431
0.14494
1.534
0.24097
0.073123
0.25579
1.2718
1.0551
0.12515
0.20123
0.096342
0.12646
0.065591
0.25189
0.8272
0.16886
0.09767
0.19279
0.30926
0.31494
0.1859
1.1571
0.18629
1.0433
0.17828
1.22
1.3861
1.0009
0.14472
0.099523
0.10495
0.11205
0.13927
1.423
0.18411
1.1673
0.17803
0.32543
0.411
0.27582
0.13419
0.13926
0.16379
0.10848
0.11141
0.39931
0.92161
0.52886
0.10204
0.083608
0.13021
0.24815
1.1197
1.0095
0.74439
0.082878
0.37746
0.13454
0.1167
0.41278
0.32009
1.5172
0.27645
0.50187
0.11286
0.15824
0.27254
0.17225
0.35704
0.33107
0.10879
0.18228
0.54511
0.18014
0.72283
0.1058
0.55137
1.5814
0.17357
0.42212
0.31664
0.094251
0.55382
0.33529
0.1683
1.4651
0.67681
0.57064
0.29039
0.86238
0.14514
0.36233
1.2177
0.19041
0.20544
0.11725
0.07755
0.18237
0.17197
0.089785
0.44755
0.28017
0.45999
0.37866
1.0293
0.66467
0.14349
0.13433
0.28168
0.16899
0.09071
0.88709
0.11256
0.2586
0.25569
0.23256
0.092316
0.77083
0.14511
0.379
0.37999
0.1458
0.3717
1.1961
0.13508
0.27824
0.17697
0.59763
0.56872
0.28187
1.2971
0.12802
0.13696
0.1311
0.74102
0.1807
0.16383
0.24305
0.77891
0.10612
0.1146
0.075062
0.20673
0.41457
0.14857
0.3264
0.49044
0.094194
0.118
0.21333
1.0562
0.29548
0.37603
0.37138
0.36998
0.67452
0.18453
0.089973
0.60967
0.19986
0.38461
0.85221
0.263
0.69744
0.32805
0.1204
1.0057
0.11396
0.11428
0.72502
0.10869
0.91464
0.7847
0.070176
0.11681
0.096344
1.1693
1.1627
0.13178
0.23123
0.18661
0.34438
0.062953
0.1498
1.5539
0.65469
0.31107
0.48829
0.19073
0.43819
0.16666
0.13282
1.0977
0.10228
0.22003
0.40462
1.0957
0.094833
0.47008
0.11785
0.24217
0.25444
0.68887
0.17659
0.43747
0.2751
0.13819
0.33642
1.0042
0.34276
0.10883
1.113
0.50541
1.2794
0.67739
0.26742
0.18597
0.55604
0.11097
0.1299
0.30173
0.50404
0.22885
0.21723
0.90476
0.1915
0.066698
0.088073
0.20407
0.14527
0.071851
0.17338
0.081373
0.26581
0.15549
0.20127
0.10085
0.70181
0.75729
0.23255
0.30859
0.32908
0.087048
0.88888
0.82857
0.20733
0.061035
0.69618
0.29642
1.2195
0.39495
0.11137
0.56894
1.2146
0.11846
0.15082
0.34675
0.090591
0.34825
0.14652
0.11956
0.20071
0.31702
0.58164
0.44675
0.56007
0.2843
0.35513
0.75307
0.71448
0.27725
0.67708
1.285
0.16897
0.085201
0.57358
0.093956
0.53403
0.34724
1.1898
0.5516
1.1126
1.4423
0.3336
0.77888
0.10356
0.45168
0.76664
0.079096
0.26925
0.52601
0.13727
0.098816
0.97646
0.068331
0.5413
0.40851
0.13017
0.45666
0.10808
0.43668
0.33797
0.65179
0.88405
0.91396
0.54245
0.15123
0.78599
1.1514
0.1804
0.13876
0.084211
0.10328
0.48242
0.42857
0.24532
0.29553
0.089082
0.14171
1.3117
0.13734
0.40015
0.13172
0.15812
0.13011
0.36726
0.32867
0.19837
0.24154
0.22915
0.25485
0.15542
0.71977
1.4942
1.3099
0.20789
0.14016
0.16299
0.53002
0.31052
0.1172
0.69508
0.36399
0.099552
0.49797
0.58149
0.98409
0.54475
0.43102
0.45917
0.13518
1.0348
0.51629
0.089933
1.4468
0.14353
0.096777
0.79336
0.32594
0.97571
0.61245
0.10965
0.82648
0.1917
0.74625
1.0764
0.13868
0.16854
0.33995
0.12596
0.59118
0.32917
0.10006
0.24439
0.075176
0.086059
1.0749
0.31031
1.0117
1.0103
0.20948
0.35513
0.39771
0.45732
0.53932
0.11752
0.86322
0.38851
0.13565
0.26632
0.18984
0.13952
0.20874
0.1347
0.76842
0.21305
0.25897
0.10739
0.12402
0.1706
0.14012
0.24913
0.36253
0.38952
0.44721
0.20493
0.29707
0.16599
1.0173
0.079314
0.092213
0.079104
0.14616
0.24784
0.40025
0.087439
0.099348
0.063542
0.18156
1.2273
0.15892
0.27904
0.93068
0.090267
0.18185
0.06452
0.095801
0.1261
0.21527
0.082399
1.2461
1.0594
0.89327
0.3248
0.15907
0.13355
0.88167
0.15804
0.10212
0.19394
0.17002
0.0735
1.346
0.18725
0.58715
0.46748
0.19903
0.074567
0.57379
0.24929
0.29894
0.46695
0.18824
0.44108
1.1598
0.20675
0.12273
0.090526
1.0704
0.68211
0.15539
0.14096
0.15696
0.08084
0.3512
0.25164
0.13967
0.26107
0.21217
1.0239
0.24751
1.2229
1.0984
0.68925
1.45
0.70058
0.16289
0.78946
0.13816
0.30873
1.1107
1.0072
0.17039
1.2065
0.19672
0.085924
0.093129
0.40886
0.11934
0.31079
0.56535
0.81752
0.67725
0.40391
0.22311
0.95747
1.4887
0.26601
0.076448
0.29732
0.09152
0.54972
0.49107
0.1485
0.23909
0.19579
0.09942
0.10811
0.58645
0.11983
0.099541
0.43748
0.1547
0.59023
0.13232
0.12501
0.95531
0.15283
1.1437
0.35009
0.15748
0.099974
0.21589
0.50523
0.87938
0.13346
0.60988
1.0611
0.27141
0.13253
0.12873
0.29755
0.088741
0.056164
0.5196
1.6575
0.23842
0.10493
0.10459
0.16803
0.32353
0.1348
0.34614
0.090909
0.24557
0.27383
0.36202
0.31414
0.095317
0.75211
1.1812
1.2311
0.5707
0.076653
0.21438
1.0294
0.20981
0.38414
0.068663
0.8414
0.084952
1.3626
0.33055
0.17285
1.213
0.15862
0.50628
0.11298
1.1157
0.13802
0.19267
0.41888
0.079189
0.1296
0.071723
0.08164
0.43072
0.49359
0.083484
0.46547
0.22288
0.20826
1.4221
1.0412
0.18591
0.087432
0.28459
1.0788
0.20764
0.47524
0.10063
0.083891
0.26894
1.0688
0.11253
0.12695
0.83357
0.21886
0.54338
0.74432
0.11923
0.092713
0.063889
0.20087
0.24167
0.094188
0.22727
0.16719
0.092992
1.0531
0.50933
0.14239
0.13608
0.43631
1.3223
0.5389
0.14577
0.20315
0.72121
0.083701
0.22299
0.23034
0.42373
0.46483
0.084785
0.36055
0.67611
0.089142
0.27754
0.11133
0.14872
0.51686
0.2912
0.23554
0.6503
0.11984
0.8343
0.24572
0.961
0.34814
0.13793
0.25986
0.67288
0.85553
0.099674
0.26607
0.72249
0.50791
1.2833
0.7665
0.13915
0.75451
0.51923
0.34844
0.27414
0.36548
0.40749
0.075616
0.51681
0.50483
0.23801
0.14169
0.29623
0.50869
0.75621
0.16723
0.095861
0.2843
0.49203
0.30149
0.33087
0.96246
0.48056
0.1606
0.18706
0.36724
0.65709
0.10244
0.077793
0.14514
0.39105
0.17287
0.17515
0.18867
0.1001
0.17182
0.13432
0.62639
0.37066
0.12828
0.45879
1.0938
0.15046
1.2575
0.11152
0.58753
0.12447
0.10676
0.10507
0.96076
0.44775
0.90098
0.3706
0.15489
0.16871
0.10916
1.2651
0.18346
0.13143
0.77265
0.095252
0.15713
0.18347
0.086602
0.29475
0.12443
0.090436
0.44426
0.38572
0.39934
0.16389
1.3053
0.65948
1.156
0.36062
0.074421
0.62331
0.2105
0.15003
0.21855
0.09493
0.34157
0.35589
0.14666
0.54264
0.094936
0.11269
0.2737
1.2039
0.08797
0.42595
0.23582
0.18376
0.70331
0.36756
0.10057
0.23788
0.10549
0.32062
0.071856
0.55619
0.17796
0.67591
0.35564
0.079482
0.20516
0.60956
0.34086
0.10142
0.14522
0.1503
0.099403
0.52721
0.84047
0.1039
0.58703
0.23927
1.0716
0.96354
0.56733
0.68959
0.72616
0.63046
0.23638
1.2122
1.2421
0.15089
0.71972
0.23953
0.69624
0.15141
0.78026
0.37603
1.0382
0.64719
0.29845
0.22903
0.4007
0.66624
0.14826
0.93086
0.2469
0.27267
0.21665
0.62974
0.8087
0.90486
0.18823
0.27023
0.94271
0.47896
1.1188
0.11609
0.27417
0.29562
0.76618
0.12677
0.36726
0.1185
1.1451
0.1791
0.085379
0.67489
0.26628
0.080975
0.30808
0.25157
0.92925
0.39794
0.67156
0.16926
0.10164
0.10763
0.30652
0.34138
0.29668
0.10355
0.26433
0.30468
0.11055
0.27819
0.19531
0.27781
0.26988
1.6857
0.46124
0.098059
1.149
0.33279
0.20671
0.68299
0.59819
0.52218
0.086759
0.15166
0.91981
0.068613
0.1668
0.089348
0.91179
1.3003
0.59426
1.2053
0.15861
0.30449
0.24578
0.087832
0.12356
0.26142
0.87658
0.84142
0.26534
0.15498
1.2497
0.70941
0.18823
0.22522
0.10497
0.23844
0.81588
0.42581
0.20137
0.41532
1.1264
0.13769
1.063
1.0275
0.91204
0.79037
0.32941
0.20315
1.0035
0.77678
0.85304
0.24513
0.26856
0.35935
0.12285
0.66404
0.43711
0.15048
0.25939
1.1292
0.23761
0.50965
0.42003
0.15341
0.31057
0.11356
0.13786
0.73998
0.081369
0.11829
0.51288
0.13819
0.12778
0.26011
0.23137
0.56927
0.13063
1.0479
0.31285
0.36519
0.27892
0.22334
0.098672
1.0259
0.26504
0.623
0.11167
0.351
0.46384
1.576
0.39127
0.16653
0.6093
0.23814
0.78196
0.11628
0.89981
0.24226
0.15468
0.71794
0.12334
0.17313
1.1142
0.21637
1.0531
0.1749
0.26112
0.13698
0.0873
0.80988
0.12566
0.34412
0.17151
0.81845
1.2313
0.24373
1.1864
0.90716
0.11425
0.94969
0.3657
0.32937
0.14854
0.13182
0.33689
0.34792
0.092617
0.41689
0.71836
0.76207
0.21559
0.13885
0.62145
1.0497
0.42839
0.80841
0.49047
0.78743
0.64217
1.1024
0.081939
0.6703
0.97492
0.91767
1.0264
0.53514
1.0719
0.090619
0.1091
0.079954
0.14177
0.17961
0.86734
0.16973
0.67594
1.2241
1.3498
0.91724
0.10981
0.92311
0.24325
1.1945
0.5605
0.32844
0.099865
0.35726
0.19423
0.078087
0.15465
0.10873
0.074682
0.073588
0.26973
0.35687
0.12082
0.37379
0.1585
0.32932
1.0983
0.22267
0.47652
0.20356
0.17247
0.15064
0.2452
0.18218
0.98369
0.070833
0.11231
0.73728
0.45554
0.39599
0.10779
0.23344
0.4124
0.37638
0.40694
0.12725
0.99222
0.4159
0.31877
0.48376
0.59438
0.26879
0.3748
0.10683
0.1699
0.56787
0.20966
0.53573
0.85171
0.21534
0.64499
0.063832
0.38842
0.47817
0.31894
0.35058
0.11983
0.11361
0.098945
0.31921
0.084485
0.089483
0.44677
0.51368
0.22332
0.96131
0.40141
0.15154
0.89894
0.077386
0.1183
0.20411
0.12683
0.18429
1.088
0.091905
0.13367
0.1602
0.070777
0.47554
1.6557
0.18872
0.38204
0.11601
0.093932
0.27825
0.10268
0.41308
0.69586
0.56632
0.80559
1.1296
0.061191
0.24914
0.18452
0.81304
0.19637
0.69761
0.13658
0.61825
0.2215
0.70145
0.28701
0.635
0.16452
0.34526
0.14483
0.20498
1.2232
0.10476
0.18347
0.52118
0.754
0.09047
0.17282
0.3589
0.10909
0.086195
0.88183
0.14766
0.29332
0.57373
0.081197
0.97034
0.54548
0.54152
0.14386
0.4605
0.7671
0.42424
0.12861
0.07264
0.097301
0.19244
0.25814
0.20912
0.089667
1.0527
0.50064
1.1778
0.052956
0.31511
0.18724
0.13981
0.16437
1.2388
0.21206
0.1449
0.40006
0.24169
0.10109
0.20341
0.074524
0.58949
0.9479
0.12503
0.11461
0.53463
0.29605
0.075773
0.32452
0.18152
0.092738
0.40114
0.92534
0.33326
0.086815
1.1084
0.16777
0.17341
0.11101
0.13744
0.1544
0.18769
0.085632
0.12334
0.1747
0.52175
0.11385
0.54428
0.068785
0.17033
0.083295
0.88388
0.56269
1.1013
0.79065
1.0174
0.50878
0.95737
0.17337
0.1071
0.11839
0.40857
0.15514
1.1745
0.094309
0.091792
1.1783
0.083341
0.46854
0.14571
0.095708
1.0184
0.16346
0.53388
0.44014
0.91429
0.11902
1.009
1.2907
1.1806
0.12928
0.26682
0.12317
0.096999
0.23476
0.11101
0.17127
0.082494
0.49485
0.093478
0.4782
0.31448
0.14422
0.62938
1.45
1.2018
0.12825
0.22014
0.12927
0.32009
0.078364
1.137
0.35114
0.33712
0.18325
0.18508
0.077149
0.74692
1.4256
0.57834
0.25929
0.90274
0.12884
0.72242
0.16959
0.20927
0.54837
0.66596
1.0655
0.72214
0.19603
0.14604
0.50067
0.12386
0.11308
0.17372
0.37933
0.89336
0.48923
0.77606
0.22075
0.32911
0.52813
0.19063
0.13683
1.0207
0.81759
0.37482
0.48318
0.41119
0.09246
1.0565
0.15802
0.33052
0.1583
0.12607
0.47265
0.41626
0.92936
0.19333
0.13496
0.98685
0.20741
0.067988
0.1131
0.64745
0.13061
0.86804
0.53583
1.0996
0.71242
0.98848
0.080964
0.61425
0.086182
0.31847
0.25025
0.064738
0.11024
1.3617
0.12131
0.19246
0.53073
0.2849
0.79933
0.065925
1.2369
0.54299
0.12425
0.94748
0.25173
0.10536
0.21191
0.48411
1.027
1.0869
0.81709
0.10639
0.15527
0.26452
0.089519
0.24801
0.10372
0.12496
0.1434
0.099114
0.088142
0.26878
1.5838
0.11288
0.44155
0.13673
0.50982
0.79467
0.81454
1.191
0.078443
0.25528
0.93982
0.2632
0.14047
0.19514
0.096863
0.077694
0.12562
0.48613
0.1517
0.98806
0.36107
0.12703
0.189
0.89529
0.62586
1.2426
0.63781
1.0635
0.96163
0.25925
0.21193
0.10865
1.621
0.09648
0.6228
0.16644
0.54597
0.086104
0.17949
0.869
1.0094
0.4025
0.8957
0.3643
0.12614
0.25793
0.81704
0.55349
0.37036
0.23885
0.27706
0.22815
0.22627
0.15907
0.17681
0.2001
1.1379
0.15613
0.22978
0.67937
0.26841
0.10758
0.12961
0.74995
0.24742
0.15409
1.1895
0.11345
0.33344
0.62588
0.92708
0.91609
0.34195
0.33254
0.987
0.10594
0.17384
0.5005
0.11018
0.44955
0.093771
0.7929
0.31028
0.11574
0.95272
0.42201
0.12509
0.73297
0.22284
0.1027
0.12113
0.26177
0.092799
0.39382
0.44043
0.18851
0.12172
0.12598
0.35975
0.08374
0.1531
1.818
0.09204
0.097841
0.20543
0.098145
0.29891
0.30208
0.20247
0.19784
0.1987
1.117
0.7342
0.67309
0.51183
0.3172
0.13932
0.39803
0.097652
0.33126
0.76552
0.55982
0.25469
1.0164
0.111
0.18607
0.096878
0.34827
0.19632
0.096982
0.99881
0.13051
0.084148
0.30463
0.20369
0.725
0.56513
0.29143
0.10495
0.092383
0.45307
0.22859
0.32595
0.10953
1.027
0.24658
0.20252
0.11209
0.099854
0.17125
0.40132
0.45071
0.11083
0.52236
0.4069
0.31029
0.93385
0.17141
0.15401
0.2113
0.57529
0.17382
0.15043
0.1193
0.12183
0.71528
0.96508
1.3023
1.5063
0.14516
0.30663
0.38871
0.88958
1.1206
0.12716
0.81345
0.12724
0.884
0.5539
0.19796
1.2334
0.10874
0.21475
0.51683
0.1743
0.14119
0.070574
1.0409
0.16928
0.1495
0.68767
0.98449
0.13836
0.23035
0.16603
0.28488
0.21321
0.26717
0.22031
0.18666
0.13811
0.095919
0.072308
0.691
1.1016
0.41452
0.062958
0.071162
0.32746
0.45485
0.34654
0.22699
0.099951
1.2333
0.50269
0.22228
0.19657
1.1387
0.13446
1.0735
1.0532
1.3207
0.16639
0.16526
1.2117
1.0027
0.29101
0.96635
0.88411
1.5627
1.248
0.10757
0.16477
1.1631
0.48231
1.0676
0.33245
0.10248
0.76713
0.14054
0.8352
0.059132
0.22363
0.19103
0.99875
0.24518
0.18048
0.1888
0.12325
0.59194
0.14965
1.0394
1.1793
0.13586
0.19879
0.26324
1.1756
0.25525
0.18315
0.55791
0.26772
0.30448
0.20566
1.1879
0.19116
0.36835
1.3066
0.2937
1.181
0.13792
1.3729
0.97452
1.0683
0.14276
0.26277
0.086815
0.97705
0.2524
0.9231
0.20411
0.25071
0.09782
0.26431
0.7424
0.25126
0.11592
0.18245
0.15875
1.0795
1.0342
0.1328
0.17819
0.063782
1.0738
0.16483
0.1902
0.064654
0.28408
0.51385
0.95337
0.10396
0.9409
0.16325
0.1211
0.27103
0.11382
0.13663
0.082134
0.089486
0.46284
0.16248
0.29995
0.41172
0.39579
0.2407
0.29807
0.1487
0.77133
0.16355
0.15861
0.1361
0.12417
0.94184
1.155
0.15309
0.27508
0.086399
0.83451
0.20077
0.12242
0.26463
0.70067
0.17774
0.55277
0.082687
0.1224
0.39219
0.73057
0.079735
0.091071
0.55821
0.61675
0.1671
0.11148
0.40458
0.31408
0.96082
1.182
0.62797
0.35654
0.10078
0.26755
0.33705
1.3097
0.4609
0.06279
0.10055
0.15832
0.39126
1.0658
1.0713
0.074059
0.15014
0.10596
0.22414
0.11281
0.096447
0.22013
0.12793
0.33129
0.10123
0.18006
1.1091
0.47695
0.14638
0.21
0.74108
0.11013
0.324
0.094482
0.17121
1.0546
0.17569
0.7965
0.8126
0.22281
0.077169
0.25109
0.33985
1.0107
0.23135
0.93424
0.10509
0.12023
0.11531
0.14653
0.65115
0.16437
1.02
0.097919
1.2095
0.07164
0.42388
0.18293
0.65872
0.11438
1.2382
0.85398
0.79284
0.16765
0.19544
0.082366
0.36939
0.91597
0.39889
0.12496
0.11241
0.21228
0.2504
0.33076
0.099844
0.67701
0.29248
0.66023
0.26781
0.60852
0.21773
0.087012
0.13742
0.19713
0.46982
0.12369
0.20945
0.65835
0.086849
0.28085
1.2956
0.076389
0.098627
0.24346
1.1565
1.1942
0.13597
0.26825
0.6186
0.12453
0.32379
0.75037
0.63456
0.27437
0.10184
1.2859
0.79955
0.075401
0.83793
0.59359
0.27882
0.079084
0.56876
0.15885
0.36677
0.094603
0.090701
0.48012
0.092036
0.17184
0.33747
0.073697
0.11364
0.082545
0.087273
0.10509
1.0611
0.095499
0.14418
0.31009
0.28973
0.30079
0.23945
0.2645
1.4915
0.44936
0.92693
0.095451
0.34072
0.076329
0.71372
0.10959
0.036081
0.18603
0.58085
0.35671
0.18943
0.11208
0.64916
0.13831
0.75023
0.18108
0.33801
0.73883
0.25425
0.69041
0.096123
1.0466
0.1865
1.1373
0.55424
1.0106
0.50495
0.23252
0.11703
0.1877
0.28242
0.58182
0.67873
0.36489
0.18901
0.18766
0.11796
0.10998
0.099712
0.39147
0.099548
0.063912
0.97749
0.51383
0.78284
1.0911
0.10364
0.076136
0.15081
0.43885
0.27226
0.85289
1.148
0.13992
0.3274
0.63999
0.18094
0.07498
0.083206
0.35954
0.073765
1.1087
0.34778
0.4904
0.093273
0.76139
0.09545
0.54865
0.50253
0.32462
0.1018
0.23995
0.20277
0.96423
0.51094
0.79001
0.093546
0.52808
0.10768
0.3431
0.27629
0.3233
0.25614
0.60058
0.61536
0.13529
0.93841
0.44616
0.12912
0.12087
1.052
0.1372
0.13536
0.39416
0.41743
0.15293
0.64064
0.15382
0.21117
0.79453
1.1501
0.12255
0.16697
0.63245
0.10939
0.15839
0.97004
0.37169
0.30331
0.20176
0.16631
0.64546
0.77549
0.23866
1.0954
1.2425
1.065
1.2872
0.53249
1.1969
0.21085
0.10082
0.4936
1.1502
0.7951
0.099845
0.16776
0.26056
0.12722
0.40709
0.12916
0.73151
0.063696
0.1057
0.76722
0.23904
0.069199
0.76194
0.22642
0.87345
0.58551
0.5673
0.11824
0.23726
0.1411
0.14246
0.099825
0.11505
0.23374
0.47136
0.23826
0.14385
0.61746
0.068945
0.32174
0.09252
1.1255
1.2812
0.53997
0.20018
0.9234
0.068917
0.42979
0.13146
0.066165
1.0219
0.091869
0.097541
0.927
1.5598
1.0951
0.39274
0.1954
0.79631
0.25418
0.35668
0.64904
0.95339
0.23346
0.68077
1.2094
0.29706
0.27614
0.12691
1.0811
0.15232
0.44387
0.12982
0.83534
0.93781
0.20235
0.12577
0.27673
0.46418
0.084932
0.25116
1.2091
0.39062
0.88312
0.13686
0.13263
0.71999
0.15642
0.63636
0.14815
0.69318
1.1963
0.40449
0.44542
0.48955
1.0683
0.36235
1.3256
0.083635
0.38561
0.33853
0.51404
1.1214
0.32199
0.16636
0.82659
0.11982
0.19796
0.13042
0.079424
1.1293
0.26023
0.22217
0.1643
0.13446
0.08924
0.64541
0.40124
0.81417
0.16816
0.2864
0.5212
0.64918
0.79056
0.22691
1.0076
0.54815
1.2522
0.29746
0.14861
0.36871
1.0736
0.72319
0.5319
0.30906
1.0139
0.16705
1.0658
0.88708
0.87298
0.12808
0.10548
0.71013
0.097717
0.29162
0.20962
0.2342
0.63061
1.0369
0.21134
0.19119
0.55591
1.1497
0.19993
0.22807
0.21476
0.34689
0.75888
0.10256
0.88979
0.096959
0.31233
0.81819
0.82468
0.32703
0.2969
1.2966
1.0426
0.621
0.23081
0.20349
0.088321
1.0238
0.079393
0.31985
0.88937
1.1586
1.1586
0.12486
0.13609
0.21427
0.75017
0.35389
0.64236
1.0089
0.22845
0.12866
0.45608
0.12017
0.88164
0.25521
0.89513
0.13598
0.10751
0.53934
0.18884
0.3343
0.14661
1.258
0.048975
0.75319
0.32987
0.23404
0.14248
0.36468
0.50564
0.26037
0.60775
0.11274
1.163
0.4552
0.32817
0.1063
0.089047
0.33364
0.21082
0.19085
0.31955
0.91789
0.79973
1.326
0.25936
0.29574
0.94401
0.70944
0.27791
0.99151
0.2054
0.33152
0.25416
0.11382
0.43943
1.1546
1.1714
0.67712
0.16508
0.3848
0.41855
0.13448
0.20131
0.63054
0.14652
0.28224
0.19948
0.094013
0.2204
0.18374
0.11291
0.37988
0.47371
0.083798
0.27971
1.0182
0.093447
0.067397
0.37678
0.17842
0.79755
0.1436
0.41577
0.20459
0.11463
0.076199
0.26461
0.55946
0.18347
0.59636
0.39622
0.19464
0.45605
0.29959
0.10074
0.081907
0.093297
0.16823
0.11812
0.52191
0.065497
0.34725
0.78108
0.11896
0.1195
0.45061
0.78095
0.53312
0.3554
0.12349
0.24139
0.14518
0.44628
0.56051
0.084066
0.09847
0.10076
0.2571
0.17527
0.60019
0.21537
0.09943
0.10505
0.22705
0.07365
0.16433
0.69929
0.39623
0.57632
0.097034
0.10698
0.64847
0.76831
0.33903
1.2245
1.0571
0.97587
0.80158
0.087233
0.30712
0.17325
0.3336
0.69934
0.13539
0.094139
0.10111
0.1266
0.26219
0.22924
0.17515
1.0027
0.42198
0.13211
0.19828
0.78859
0.17679
0.16033
0.95567
0.2568
0.21435
1.1154
0.12799
0.090841
0.12965
0.51548
0.96238
0.10927
0.79054
0.29373
0.41968
0.18563
0.19882
0.10914
0.20584
0.3635
0.10045
0.19834
0.085654
0.21014
0.25811
0.11547
0.1033
0.090791
0.71538
0.44652
0.12877
1.0061
0.35397
1.0309
0.10941
1.3302
0.13523
0.11663
0.17092
0.27464
0.16857
1.2833
0.14882
0.89051
0.20378
0.13951
0.11352
1.0231
0.17606
0.15128
0.19321
0.1928
0.31092
0.16415
0.47762
0.2712
0.27632
0.74633
0.53477
0.50268
0.43444
0.13038
0.1688
1.05
0.12633
0.33849
0.85555
0.13671
0.15289
0.27968
0.16883
0.2914
1.0846
0.60536
0.27562
0.74842
0.21002
0.20893
0.18587
0.68714
0.13033
0.14925
0.12013
0.26456
0.20324
0.10034
0.16058
0.12843
0.33431
0.2139
0.16118
0.49614
0.90139
0.195
1.1087
0.4143
0.45075
0.16021
0.29315
0.61738
0.077315
0.19171
1.1019
0.19498
0.24876
0.42556
1.1258
0.072704
0.17025
0.085297
0.15855
0.41506
0.67476
0.13052
0.199
1.1162
0.3403
1.0141
0.11358
0.62086
0.092629
0.11167
0.20242
0.068089
0.10862
0.087282
0.9661
0.19069
0.15398
0.26942
0.30297
0.32134
1.1664
0.4666
0.67518
0.34598
0.25155
0.071416
0.080976
0.46247
0.54734
0.70273
0.20117
0.91511
0.27787
0.099775
0.71019
0.49955
0.11261
0.098357
1.1052
0.33163
1.4081
0.13248
1.1288
0.099505
0.41747
0.09289
0.12279
0.21673
0.11829
1.0261
0.27549
0.090328
1.4897
0.39916
0.65428
0.76371
0.17522
0.12158
0.23758
0.33297
0.6276
0.08806
0.7386
0.32501
0.10561
0.15742
0.85481
1.191
0.13209
0.18611
0.17392
0.25296
0.95016
0.19713
0.52212
0.69682
1.0295
0.10077
0.86916
1.2868
0.37519
0.17813
0.75348
0.89583
0.78328
1.2284
0.42709
0.58645
0.16643
0.26662
1.2451
1.0658
0.67976
0.15012
0.8028
0.98646
0.91958
0.65665
0.15719
0.70656
0.17013
0.092635
0.46814
1.2471
1.0008
0.21914
0.99518
1.1615
0.087106
1.0782
1.0961
1.0388
0.16287
0.19505
0.22144
0.59033
0.064038
0.07731
0.77065
0.066963
0.067408
0.52399
0.31052
0.17
0.14271
0.073197
0.60642
0.82885
0.56175
0.073326
0.78983
0.13394
0.73091
0.31417
0.2014
0.89237
0.35488
0.78755
0.29208
0.082227
0.18585
0.50036
0.32498
0.12728
0.75321
0.31456
0.38571
0.096208
0.090726
0.23725
0.13524
0.57894
0.36191
0.23895
1.2384
1.2166
0.19469
0.75749
0.32447
0.38415
0.2705
0.11807
0.87738
1.5393
0.1609
0.13553
0.62458
1.0301
0.30036
0.18211
0.51047
0.13344
1.1297
0.21799
0.15245
1.2068
1.6538
0.33848
0.55583
1.171
0.075284
0.266
0.099615
0.55662
0.79722
0.44558
0.47829
0.83421
0.10491
0.44696
0.10098
0.095534
0.062789
0.30387
0.55508
0.82969
0.62865
0.15921
0.074843
0.29105
1.0804
0.094397
0.092859
0.85262
0.083497
0.53295
0.36823
0.22493
0.11836
0.21259
0.25418
0.13176
0.092476
0.16203
0.62021
0.14826
0.099445
0.22588
1.1658
1.0775
0.30508
0.29751
0.42857
0.066659
1.0505
0.09517
0.28684
0.19014
0.24294
0.91296
0.48628
0.16847
0.11259
0.26576
0.10293
0.27498
0.13094
1.0601
0.35872
0.18919
0.56516
0.13569
0.086982
0.095164
0.74232
1.0665
0.47554
0.16407
0.65229
0.95504
0.47319
0.19526
0.30905
0.63364
0.58411
0.2719
0.9757
0.12581
0.63873
0.19605
0.40621
1.0408
0.13088
0.47841
0.19998
0.2528
0.52695
0.17268
0.21131
1.2256
0.24029
1.1247
0.10421
0.80573
0.14543
0.24066
1.0168
0.18572
0.076566
0.81668
1.3337
0.21913
0.51501
0.45013
0.12833
1.1024
0.099143
0.16102
1.1063
0.28631
0.102
0.35753
0.12243
1.1023
1.2327
0.069817
0.38712
0.96826
0.81887
0.95769
0.58312
0.12582
0.27897
0.16522
1.1727
0.15865
0.28266
0.17899
0.19704
0.14707
0.96804
0.14483
1.4233
0.15327
0.081163
0.11325
0.094439
0.29996
0.13692
1.0578
0.19996
0.87798
0.90163
1.1319
0.24398
0.11843
0.16149
1.1843
0.46934
0.058923
0.35252
0.63305
0.63071
0.16832
0.078386
0.16641
0.35934
0.11883
0.90455
0.090525
0.74271
0.79548
0.19456
0.088975
0.35213
0.16087
0.24097
0.10939
0.15232
1.2718
0.25313
0.14145
0.082295
0.096342
0.1472
1.396
0.083042
1.0968
1.0354
0.22723
0.13181
0.42176
0.44745
0.31231
0.61319
1.0322
0.28347
0.093621
0.10168
0.12636
0.30976
0.091182
0.09628
0.18019
0.10892
1.0511
0.07847
0.18411
0.3376
0.17803
0.10972
0.411
0.32991
1.2773
0.25197
0.79481
0.10848
0.1292
0.73526
0.92161
0.34504
0.14986
0.38153
0.34333
0.079674
0.30157
1.1444
0.36947
0.082878
0.9152
0.13454
0.15778
0.41278
0.32009
1.5172
0.10194
0.36614
1.0858
1.1214
0.16844
0.17225
0.11043
0.27481
0.11225
0.16628
0.11523
0.10537
0.14056
0.48055
0.55137
0.64862
0.14243
0.31342
0.14034
0.30691
0.55382
0.66881
0.085108
0.094363
1.109
1.2391
1.2045
0.22344
0.14514
0.42805
0.64481
0.13278
0.13633
0.43162
0.9743
0.88303
1.3337
0.20861
0.1095
0.74193
0.45999
0.75566
0.38341
1.0209
1.0184
0.39152
0.9783
0.93266
0.18085
0.088321
0.11256
0.3667
0.1454
0.23256
0.092316
0.69745
0.071007
1.0487
0.76291
0.12044
0.14668
0.10539
0.25401
0.17814
0.50821
0.61394
0.16204
0.087255
0.39235
0.70753
0.99973
0.22922
0.83979
0.80373
1.0323
0.129
0.12866
0.33314
0.59257
0.11032
0.0904
1.1583
0.069851
0.11718
0.49044
1.3618
0.21572
0.18565
0.1113
0.21473
0.29656
0.51389
0.82545
0.67452
0.33103
0.32587
1.3906
0.15834
0.38461
0.52511
0.56896
0.69744
0.069025
0.13286
0.22249
0.13127
0.10569
0.26048
0.11651
0.79313
0.36223
0.070176
0.34149
0.50205
1.1441
0.50538
0.59073
0.40153
0.34789
0.86169
0.1652
0.37431
1.5539
0.76541
0.071605
0.079061
0.75127
0.085486
0.26001
1.4941
1.4171
0.21728
0.29129
0.98493
0.23692
0.07819
0.13825
0.3804
0.33442
0.1328
0.34622
0.18453
0.59458
0.10774
0.22176
0.087428
0.31028
0.60745
0.14438
0.37236
1.0187
0.10404
0.85195
0.4911
0.44337
0.90762
0.40718
0.27858
0.4783
0.60489
0.16935
1.0492
0.36981
0.096607
0.52816
0.12421
0.087116
0.70036
0.52
0.91716
0.10341
0.26581
0.11378
0.15604
0.51285
0.98573
0.085636
0.3362
0.73865
0.32908
0.33816
0.24689
0.82857
0.13819
0.19009
0.068341
0.265
0.25593
0.20754
1.143
0.14955
0.35729
0.73975
0.15082
0.34675
0.49479
0.20008
0.14652
1.1341
0.87988
1.2203
1.1039
0.77982
0.13701
0.44653
0.16036
0.95832
1.0452
0.12203
0.41105
0.12913
0.32597
1.0346
0.35209
0.19923
0.10993
0.085147
0.22487
0.9252
1.1126
0.13039
0.50901
1.0168
0.24418
0.23656
0.10973
0.19896
1.4837
0.14011
0.42336
0.1263
1.0958
0.88596
0.45115
0.13615
0.15064
0.085471
1.4501
0.29025
0.34409
0.3562
0.4932
1.3966
0.19082
0.15123
0.97388
0.91655
0.26046
0.13135
0.34584
0.29207
0.53931
0.20284
0.28886
0.14141
0.23852
0.14171
0.70177
0.47401
0.080646
1.3756
0.43803
1.19
1.2021
0.3757
0.36238
0.24154
0.99164
0.94933
0.11408
0.38128
0.080669
0.52455
1.0283
0.48434
0.16299
0.53002
0.2744
0.67074
0.07774
0.098418
0.27829
0.93871
0.69512
0.67208
0.3942
0.68126
0.092479
0.14232
1.0348
0.33855
0.089933
0.90192
0.13255
0.096777
0.79336
0.69126
1.6381
0.77684
0.2587
0.12546
0.11412
0.39427
1.1206
0.80933
0.2032
0.52083
0.11232
0.80516
0.59788
0.172
0.21021
0.10198
0.086059
0.082209
0.26769
0.13691
0.23464
0.071338
0.40803
0.39771
1.1218
0.53932
0.11365
0.25872
0.086162
0.92147
0.19346
0.76057
0.11905
0.20874
0.68951
0.76842
1.0135
0.084445
0.10739
0.30389
0.65353
0.14012
0.18832
0.19292
0.84978
0.20607
0.11111
0.29266
0.17062
0.23487
0.079314
1.0671
1.323
0.52205
0.27308
0.60137
0.1335
0.19032
0.11005
0.55165
0.29005
0.30577
0.27904
0.2739
0.3255
0.094344
0.45698
0.26301
0.35371
0.21527
0.44507
0.19372
1.0594
0.15095
0.14888
0.15978
1.091
0.18201
0.1469
0.10687
0.58246
0.26335
0.0735
0.31797
0.14466
0.16896
1.2293
0.16758
0.12956
0.48337
1.2526
0.96057
0.068072
0.18824
0.44108
1.1598
1.4647
0.12851
0.43844
0.28087
0.1753
1.1375
1.1076
0.16331
1.131
0.51191
0.25164
1.4423
0.13304
1.59
0.49506
0.084684
0.35653
0.6209
0.2577
1.45
0.62234
1.0121
0.72461
0.30357
0.30873
0.12752
0.21993
0.35476
0.18747
1.6477
0.28889
0.10907
0.14864
0.3266
0.76419
0.57163
0.81752
0.076935
0.11744
0.66077
0.95747
1.4887
0.58067
0.076448
1.1209
0.13343
0.25687
0.55052
0.18977
0.13253
0.19579
0.076254
0.92049
0.17537
0.11983
0.21038
1.1846
0.26405
0.59023
0.33533
0.128
0.51318
0.19872
1.3877
0.08959
0.19907
0.34575
1.1193
0.2059
0.34082
1.2339
0.37322
0.20698
0.92973
0.21745
0.8995
0.29755
0.1616
0.19407
0.68605
0.09025
0.36711
1.2449
0.22435
0.35212
1.1935
0.33027
0.87902
0.23883
0.12027
0.27383
0.13818
0.31414
0.095317
0.75211
1.1812
1.2311
0.5707
0.076653
0.21438
1.0294
0.20981
0.38414
0.068663
0.8414
0.084952
1.3626
0.33055
0.17285
1.213
0.15862
0.50628
0.11298
1.1157
0.13802
0.19267
0.41888
0.079189
0.1296
0.071723
0.08164
0.43072
0.49359
0.083484
0.46547
0.22288
0.20826
1.4221
1.0412
0.18591
0.087432
0.28459
1.0788
0.20764
0.47524
0.10063
0.083891
0.26894
1.0688
0.11253
0.12695
0.83357
0.21886
0.54338
0.74432
0.11923
0.092713
0.063889
0.20087
0.24167
0.094188
0.22727
0.16719
0.092992
1.0531
0.50933
0.14239
0.13608
0.43631
1.3223
0.5389
0.14577
0.20315
0.72121
0.083701
0.22299
0.23034
0.42373
0.46483
0.084785
0.36055
0.67611
0.089142
0.27754
0.11133
0.14872
0.51686
0.2912
0.23554
0.6503
0.11984
0.8343
0.24572
0.961
0.34814
0.13793
0.25986
0.67288
0.85553
0.099674
0.26607
0.72249
0.50791
1.2833
0.7665
0.13915
0.75451
0.51923
0.34844
0.27414
0.36548
0.40749
0.075616
0.51681
0.50483
0.23801
0.14169
0.29623
0.50869
0.75621
0.16723
0.095861
0.2843
0.49203
0.30149
0.33087
0.96246
0.48056
0.1606
0.18706
0.36724
0.65709
0.10244
0.077793
0.14514
0.39105
0.17287
0.17515
0.18867
0.1001
0.17182
0.13432
0.62639
0.37066
0.12828
0.45879
1.0938
0.15046
1.2575
0.11152
0.58753
0.12447
0.10676
0.10507
0.96076
0.44775
0.90098
0.3706
0.15489
0.16871
0.10916
1.2651
0.18346
0.13143
0.77265
0.095252
0.15713
0.18347
0.086602
0.29475
0.12443
0.090436
0.44426
0.38572
0.39934
0.16389
1.3053
0.65948
1.156
0.36062
0.074421
0.62331
0.2105
0.15003
0.21855
0.09493
0.34157
0.35589
0.14666
0.54264
0.094936
0.11269
0.2737
1.2039
0.08797
0.42595
0.23582
0.18376
0.70331
0.36756
0.10057
0.23788
0.10549
0.32062
0.071856
0.55619
0.17796
0.67591
0.35564
0.079482
0.20516
0.60956
0.34086
0.10142
0.14522
0.1503
0.099403
0.52721
0.84047
0.1039
0.58703
0.23927
1.0716
0.96354
0.56733
0.68959
0.72616
0.63046
0.23638
1.2122
1.2421
0.15089
0.71972
0.23953
0.69624
0.15141
0.78026
0.37603
1.0382
0.64719
0.29845
0.22903
0.4007
0.66624
0.14826
0.93086
0.2469
0.27267
0.21665
0.62974
0.8087
0.90486
0.18823
0.27023
0.94271
0.47896
1.1188
0.11609
0.27417
0.29562
0.76618
0.12677
0.36726
0.1185
1.1451
0.1791
0.085379
0.67489
0.26628
0.080975
0.30808
0.25157
0.92925
0.39794
0.67156
0.16926
0.10164
0.10763
0.30652
0.34138
0.29668
0.10355
0.26433
0.30468
0.11055
0.27819
0.19531
0.27781
0.26988
1.6857
0.46124
0.098059
1.149
0.33279
0.20671
0.68299
0.59819
0.52218
0.086759
0.15166
0.91981
0.068613
0.1668
0.089348
0.91179
1.3003
0.59426
1.2053
0.15861
0.30449
0.24578
0.087832
0.12356
0.26142
0.87658
0.84142
0.26534
0.15498
1.2497
0.70941
0.18823
0.22522
0.10497
0.23844
0.81588
0.42581
0.20137
0.41532
1.1264
0.13769
1.063
1.0275
0.91204
0.79037
0.32941
0.20315
1.0035
0.77678
0.85304
0.24513
0.26856
0.35935
0.12285
0.66404
0.43711
0.15048
0.25939
1.1292
0.23761
0.50965
0.42003
0.15341
0.31057
0.11356
0.13786
0.73998
0.081369
0.11829
0.51288
0.13819
0.12778
0.26011
0.23137
0.56927
0.13063
1.0479
0.31285
0.36519
0.27892
0.22334
0.098672
1.0259
0.26504
0.623
0.11167
0.351
0.46384
1.576
0.39127
0.16653
0.6093
0.23814
0.78196
0.11628
0.89981
0.24226
0.15468
0.71794
0.12334
0.17313
1.1142
0.21637
1.0531
0.1749
0.26112
0.13698
0.0873
0.80988
0.12566
0.34412
0.17151
0.81845
1.2313
0.24373
1.1864
0.90716
0.11425
0.94969
0.3657
0.32937
0.14854
0.13182
0.33689
0.34792
0.092617
0.41689
0.71836
0.76207
0.21559
0.13885
0.62145
1.0497
0.42839
0.80841
0.49047
0.78743
0.64217
1.1024
0.081939
0.6703
0.97492
0.91767
1.0264
0.53514
1.0719
0.090619
0.1091
0.079954
0.14177
0.17961
0.86734
0.16973
0.67594
1.2241
1.3498
0.91724
0.10981
0.92311
0.24325
1.1945
0.5605
0.32844
0.099865
0.35726
0.19423
0.078087
0.15465
0.10873
0.074682
0.073588
0.26973
0.35687
0.12082
0.37379
0.1585
0.32932
1.0983
0.22267
0.47652
0.20356
0.17247
0.15064
0.2452
0.18218
0.98369
0.070833
0.11231
0.73728
0.45554
0.39599
0.10779
0.23344
0.4124
0.37638
0.40694
0.12725
0.99222
0.4159
0.31877
0.48376
0.59438
0.26879
0.3748
0.10683
0.1699
0.56787
0.20966
0.53573
0.85171
0.21534
0.64499
0.063832
0.38842
0.47817
0.31894
0.35058
0.11983
0.11361
0.098945
0.31921
0.084485
0.089483
0.44677
0.51368
0.22332
0.96131
0.40141
0.15154
0.89894
0.077386
0.1183
0.20411
0.12683
0.18429
1.088
0.091905
0.13367
0.1602
0.070777
0.47554
1.6557
0.18872
0.38204
0.11601
0.093932
0.27825
0.10268
0.41308
0.69586
0.56632
0.80559
1.1296
0.061191
0.24914
0.18452
0.81304
0.19637
0.69761
0.13658
0.61825
0.2215
0.70145
0.28701
0.635
0.16452
0.34526
0.14483
0.20498
1.2232
0.10476
0.18347
0.52118
0.754
0.09047
0.17282
0.3589
0.10909
0.086195
0.88183
0.14766
0.29332
0.57373
0.081197
0.97034
0.54548
0.54152
0.14386
0.4605
0.7671
0.42424
0.12861
0.07264
0.097301
0.19244
0.25814
0.20912
0.089667
1.0527
0.50064
1.1778
0.052956
0.31511
0.18724
0.13981
0.16437
1.2388
0.21206
0.1449
0.40006
0.24169
0.10109
0.20341
0.074524
0.58949
0.9479
0.12503
0.11461
0.53463
0.29605
0.075773
0.32452
0.18152
0.092738
0.40114
0.92534
0.33326
0.086815
1.1084
0.16777
0.17341
0.11101
0.13744
0.1544
0.18769
0.085632
0.12334
0.1747
0.52175
0.11385
0.54428
0.068785
0.17033
0.083295
0.88388
0.56269
1.1013
0.79065
1.0174
0.50878
0.95737
0.17337
0.1071
0.11839
0.40857
0.15514
1.1745
0.094309
0.091792
1.1783
0.083341
0.46854
0.14571
0.095708
1.0184
0.16346
0.53388
0.44014
0.91429
0.11902
1.009
1.2907
1.1806
0.12928
0.26682
0.12317
0.096999
0.23476
0.11101
0.17127
0.082494
0.49485
0.093478
0.4782
0.31448
0.14422
0.62938
1.45
1.2018
0.12825
0.22014
0.12927
0.32009
0.078364
1.137
0.35114
0.33712
0.18325
0.18508
0.077149
0.74692
1.4256
0.57834
0.25929
0.90274
0.12884
0.72242
0.16959
0.20927
0.54837
0.66596
1.0655
0.72214
0.19603
0.14604
0.50067
0.12386
0.11308
0.17372
0.37933
0.89336
0.48923
0.77606
0.22075
0.32911
0.52813
0.19063
0.13683
1.0207
0.81759
0.37482
0.48318
0.41119
0.09246
1.0565
0.15802
0.33052
0.1583
0.12607
0.47265
0.41626
0.92936
0.19333
0.13496
0.98685
0.20741
0.067988
0.1131
0.64745
0.13061
0.86804
0.53583
1.0996
0.71242
0.98848
0.12156
1.2127
0.72729
0.09694
0.87652
0.12502
0.16752
1.1724
0.85629
0.18758
0.18285
0.91883
0.078355
0.067751
1.3955
0.54299
0.45064
0.81388
1.0326
0.12503
0.12744
0.7628
0.47368
0.4756
0.088073
0.75312
0.058635
0.2773
0.089519
1.1205
0.1196
0.29751
0.17602
0.075694
0.30485
0.10943
0.10186
0.11288
0.19705
0.38268
1.085
0.79467
0.28433
0.94051
0.25504
0.14614
0.82617
0.058523
1.1599
0.58255
0.27501
0.077694
0.08305
0.19086
1.0595
0.18953
0.12438
1.1722
0.189
0.89529
0.28213
0.32103
0.13809
0.78525
0.195
0.25925
1.0802
0.45658
0.17443
0.16329
0.08893
0.21978
0.54597
0.25386
0.039407
0.71138
1.0206
0.11985
0.42794
0.13918
0.66728
0.25793
0.23092
0.33138
0.068383
0.83521
0.10722
0.36869
0.22627
1.6802
0.10378
0.089204
0.29357
0.26168
0.20396
0.65026
0.087261
0.34338
0.15263
0.21478
0.077231
0.19171
0.32282
1.4644
0.36273
0.62588
0.50339
0.079624
0.67981
0.20611
0.1842
0.36841
0.27596
0.2333
1.0613
0.17417
1.2709
0.10684
0.31028
0.31661
0.10639
0.42547
0.12509
0.28629
0.72154
0.10891
0.13857
0.26177
0.15537
0.18524
0.78743
0.11241
0.41893
0.05751
0.36733
0.13905
0.12142
1.818
0.50495
0.13198
0.21023
0.094807
0.56167
0.30208
0.15745
0.17252
0.19131
0.17104
0.15214
0.26653
1.015
0.89237
0.5395
0.73154
0.15654
0.33126
0.37231
0.56045
0.25469
0.20834
0.111
0.62722
0.94006
0.34827
0.15313
0.17341
1.0861
0.10151
0.10234
0.26797
0.20369
1.008
0.1719
0.45763
0.64745
0.066177
1.3299
0.26376
0.69072
0.16354
0.23443
0.21991
0.38586
0.11209
0.20206
0.14752
0.10994
1.0653
1.1655
1.0977
0.13933
0.19468
0.11107
0.092669
0.36042
0.73254
0.33528
0.87249
0.30389
0.22899
1.1858
0.29927
0.17694
0.25754
1.2361
0.14516
0.21347
0.085236
0.17035
0.45421
0.068571
0.40739
0.92189
0.884
0.42389
0.56609
0.84035
0.4892
0.15697
0.17422
0.079243
0.16057
0.56515
0.10398
0.53063
0.18058
0.28218
0.56908
0.94782
0.20058
0.57549
0.95057
0.11668
0.20591
0.20342
0.41085
0.42192
0.080071
0.30544
0.48664
0.88944
0.16563
0.40337
0.60752
0.083886
0.84147
0.40834
0.22699
0.71795
1.2333
0.090573
1.0499
0.35533
0.31728
0.50465
0.22912
0.11639
0.39087
0.16639
0.53165
0.6535
0.2003
0.93206
1.5304
0.88411
0.16836
1.2122
0.10757
0.3244
0.13672
0.10749
0.12621
0.10663
0.14351
0.76713
0.14054
0.16128
1.0783
0.10949
0.16058
0.10541
0.14869
0.37683
0.86433
0.072012
0.59194
0.14361
0.93225
0.88379
0.27396
0.12996
0.31322
0.25127
0.29542
0.096313
0.09245
0.29023
0.39305
0.2569
0.24825
0.44905
1.4331
0.097344
0.088124
0.070189
0.95807
0.38778
0.14365
0.14526
0.14724
0.41156
0.61402
0.84898
1.1553
0.81099
0.07611
0.99066
0.09782
0.075783
1.1783
0.16347
0.25695
0.18245
0.84004
0.52933
0.39743
0.37732
0.1217
0.28755
1.0476
0.20072
0.081097
0.16183
0.28664
0.094752
0.5091
0.52766
0.15269
0.15828
0.57571
0.1004
0.35389
0.37481
1.3539
0.089486
0.3633
0.98331
0.51624
0.18309
0.079809
1.0478
0.93627
0.6092
0.77133
0.15866
0.16789
0.36032
0.37894
0.074661
0.12845
0.10524
1.0011
0.095036
0.88197
0.15182
0.1378
0.44047
0.34973
0.27727
0.089017
0.13864
0.1224
0.62005
0.56569
0.42472
0.14533
1.6676
0.2441
0.54754
0.40053
0.092395
0.11256
0.96484
0.15483
1.052
1.5831
0.30534
0.88048
0.41093
0.48471
1.2526
0.06279
0.24717
0.72938
0.39126
0.84712
0.33291
0.47637
0.20089
0.07515
0.22414
0.072184
0.11615
0.18143
0.33576
0.095812
1.0052
0.758
0.42583
0.17002
0.35968
0.17468
0.14451
0.67998
0.98595
0.094482
0.077469
0.058027
1.1801
0.47805
0.28063
0.075323
0.67933
1.0746
0.56377
0.64103
0.48301
1.0882
0.98187
0.25885
0.29331
0.1691
1.0166
0.078504
0.37528
0.076199
0.12076
0.42414
0.85356
0.51917
0.46366
0.25886
0.47406
0.079347
0.12169
0.57178
0.07907
0.47013
0.13645
0.91597
0.60621
0.11906
0.23891
0.35291
0.091142
0.49132
0.099844
0.13615
0.71722
0.22054
0.26781
1.1672
0.10587
0.18611
0.85898
0.11914
0.16634
0.093404
0.15991
0.4985
0.5483
0.57278
0.12811
0.40375
0.75652
0.068834
0.15275
0.49401
0.1126
0.16767
0.29679
0.063653
0.12421
0.29616
0.79468
0.41429
0.10184
0.21977
0.26012
0.4092
0.20378
0.96142
1.1888
0.64954
0.29546
0.51012
0.12683
0.12726
1.1539
0.083615
0.55932
0.30391
0.090115
0.32155
0.11364
1.0712
0.16532
0.10509
0.13296
1.3782
0.38546
0.14663
0.59932
0.8142
0.12221
0.18875
0.43527
1.1584
0.85721
0.13712
0.080495
1.0293
0.71372
0.13767
0.083942
0.55255
0.1098
0.51486
1.01
0.39069
0.55067
0.27385
0.33903
0.119
0.31413
0.60026
0.10524
1.1484
0.2023
0.094058
0.13926
0.21732
0.55424
0.5644
0.12328
0.089996
0.092011
0.84068
0.73071
0.099529
0.094599
0.19484
0.23186
0.24226
0.083012
0.44481
0.62823
0.18185
0.099548
0.11368
0.080021
0.136
0.78284
0.16359
0.091698
0.13769
0.57085
0.16614
0.96779
0.85289
1.537
0.44322
0.3274
0.86499
0.41295
0.23515
0.083206
0.41585
1.5849
1.1087
0.088659
0.4904
0.1574
0.18394
0.98624
0.54865
1.1182
0.2511
1.3625
0.20961
1.0684
0.3443
0.13357
0.35317
0.16735
0.52808
0.46987
0.1023
0.14274
0.20951
0.10361
1.0235
0.50156
0.84354
0.29663
0.11636
0.17117
1.0476
0.38668
0.29758
0.11679
0.14641
0.15421
1.0798
0.074511
0.38186
0.36231
1.2089
0.065541
0.12255
0.9885
0.27002
0.25551
0.15839
0.11801
1.2477
0.38783
0.10292
0.82098
0.60846
1.0867
0.1697
0.16269
0.16298
0.24428
1.1456
0.53249
1.1694
0.28105
0.15205
0.22797
0.54873
0.094278
0.083888
0.146
0.62791
0.94492
0.80067
0.12888
0.31735
0.44694
0.46736
0.56903
0.35567
0.069199
0.76194
0.41893
0.43749
0.076499
0.72777
1.0889
0.092718
1.6481
0.19406
0.39253
1.2223
0.12241
0.47136
0.15495
0.57284
0.61746
0.10947
0.88583
0.20248
0.26758
0.30335
0.10042
0.20496
0.74454
0.3509
0.29838
0.18117
0.086202
0.096342
0.091153
0.79335
0.927
0.32931
1.0951
0.33435
0.11092
0.79631
0.37207
0.20896
0.3158
0.095037
0.9188
0.080122
0.085868
1.2035
0.17658
0.32944
1.206
0.57066
0.39307
1.088
0.076846
0.079082
0.19689
0.29861
0.25041
0.23901
0.46977
0.074671
0.098213
1.1751
0.37198
0.17849
0.19835
0.11933
0.70028
0.31399
0.14972
0.10328
1.1963
0.40449
0.1855
0.55955
1.0683
0.12538
0.36938
0.55866
0.37589
0.33853
0.24475
0.097702
1.4154
0.16636
0.85463
0.29976
0.50536
0.088159
0.30493
1.1293
0.26023
0.20466
0.10721
0.13446
0.1085
0.64541
0.54798
0.30122
0.497
0.29133
0.1131
0.63953
0.88276
0.22691
0.14958
0.13208
0.21347
0.14718
0.17582
0.36871
0.7199
0.18705
0.71318
0.099231
0.49486
0.21192
0.76911
0.88708
0.14891
0.41698
0.67189
0.2415
0.11606
0.288
0.20962
0.2342
0.86421
1.0369
0.70439
0.083188
0.54988
0.1382
0.48931
0.14161
0.56415
1.1574
0.4007
1.0987
0.10418
0.15186
1.2137
0.094123
0.82468
1.0828
0.11907
0.42585
1.0426
0.24105
0.5442
0.19098
0.24611
0.11947
0.20109
0.74508
0.8687
0.16668
0.31503
0.23028
0.12612
0.21149
0.087454
0.12156
0.35694
0.27946
0.0748
0.50183
0.11401
0.29037
0.10307
0.25521
1.1977
0.77555
0.12179
0.23813
0.18884
0.59313
0.076278
0.25919
0.22596
0.34821
0.32987
0.21375
0.22886
0.36468
0.50564
0.14028
0.1238
0.63754
0.17179
0.14783
0.91229
0.083421
0.26524
0.97961
0.096026
0.27978
0.59189
0.12415
0.24975
0.18115
0.42225
0.30162
0.75969
0.10742
0.15038
0.10024
0.2054
0.13064
0.092365
0.13011
1.2222
0.36262
0.8465
0.22331
0.12669
0.12171
0.1011
0.13448
0.67055
0.22232
0.25656
0.076023
0.062743
0.26091
0.07525
0.34031
0.97942
0.37988
1.5497
0.34346
0.56533
1.0182
0.15643
0.091424
0.37678
0.82199
0.53259
0.12624
1.1334
0.16793
0.31218
0.096555
0.26349
0.55946
0.72364
1.2102
0.18833
0.30003
0.603
0.99688
0.35753
1.1032
0.093297
0.17039
0.11812
0.14455
0.15343
1.4703
0.26209
0.43851
0.18577
0.48289
0.3124
0.13896
0.61514
0.79818
0.45195
0.12298
0.085676
0.12048
0.26897
0.13888
0.9812
0.094489
0.17527
0.60019
0.10652
0.75028
0.51735
0.10197
0.67575
0.63279
0.15325
0.11251
0.6346
0.27889
0.26465
0.12166
0.075038
1.0922
1.2245
0.14262
0.94861
0.76989
0.47588
0.3122
0.4116
0.18384
0.86391
0.72081
0.23882
0.13474
0.076848
0.26219
0.091109
0.39125
0.35521
0.23771
0.13211
0.32766
0.27042
0.091071
1.0348
1.0757
0.12265
0.084203
0.94652
0.074029
1.0074
1.283
0.10949
0.18671
0.15248
0.207
0.32791
0.41968
0.6163
1.0196
0.67411
0.36004
0.082527
0.13918
0.2404
0.19617
1.0849
0.40874
0.16798
0.28313
0.1168
0.6753
0.44652
0.12504
0.11153
1.3121
0.14943
0.51471
0.59691
0.2161
0.11635
0.17092
0.92357
0.73451
0.43989
0.74213
0.33458
0.72057
0.12117
0.10045
0.2248
0.97153
0.25514
0.2017
0.21153
1.1625
0.15409
1.0288
0.2712
0.28997
1.1256
0.94527
0.50268
0.43444
0.077039
0.19544
1.0291
0.091545
0.43203
0.16681
0.12247
0.22219
0.98961
0.23237
1.1416
1.0846
0.17561
0.070803
0.099653
1.1681
0.14101
0.22275
0.098095
0.12461
0.14925
0.26752
0.33019
0.25917
0.10034
1.1066
0.12843
0.16402
0.095922
0.12145
0.49614
0.67222
0.83369
0.34573
0.66563
0.33697
1.0594
1.0553
0.46701
1.1209
0.14724
0.17342
0.99951
0.23418
1.3445
1.1258
0.84671
0.50118
0.30312
1.0977
0.3634
0.67983
0.13052
1.054
0.30478
0.53525
0.25406
0.26812
0.63118
0.27247
1.187
0.11806
0.25774
0.30666
0.076883
0.45326
0.89428
0.094232
0.086731
0.38048
0.5856
1.1664
1.1482
0.11713
0.39646
0.15388
1.0201
0.72825
0.23983
1.4856
0.854
0.33488
0.71039
0.10218
0.40186
1.2847
0.15448
0.70361
0.55644
0.49609
0.72172
0.75914
0.081271
0.19862
0.10785
0.15999
0.22517
0.29616
0.36486
0.78988
0.52981
1.0529
0.48784
0.95644
0.73494
0.6893
0.15877
0.17522
0.12158
0.4223
0.56085
1.1377
0.25886
0.099393
0.20419
0.27582
0.21821
0.10828
0.27908
0.17337
0.30673
1.1971
0.15923
0.22149
0.75887
0.098292
0.091322
0.25324
0.29619
0.60577
0.50005
1.0895
0.56855
1.1718
0.28797
0.50548
0.35935
0.42536
0.15941
0.16503
0.10136
0.29045
1.1947
0.35297
0.4165
1.0848
0.2811
0.5714
0.235
0.15719
0.70656
0.090237
1.0803
0.46814
0.87254
0.30276
0.45651
1.1395
0.55025
0.23524
0.6982
0.89737
0.089764
0.57716
0.50928
0.29406
1.2412
0.45398
0.5088
0.089976
0.72147
1.0438
0.14966
0.32073
0.11312
0.52561
0.67767
1.1801
0.82885
0.077532
0.71051
0.61282
0.29622
0.13537
0.2345
0.59945
0.26697
0.35488
0.32279
0.19624
0.17513
1.2311
0.50036
0.12597
0.32162
0.75321
0.094892
0.074932
0.95074
0.2297
0.42811
0.69626
0.1971
0.096382
0.094264
0.45439
0.097721
0.19469
0.089877
0.36029
0.094003
1.1186
0.35933
0.78161
0.81113
1.0356
0.13553
0.53049
0.17626
0.10435
0.18211
0.19459
0.15776
0.11656
0.54486
1.1615
0.9559
0.27268
0.3098
0.088203
0.35092
0.39368
0.27038
0.5258
0.55662
0.79722
0.67067
0.29149
0.32852
0.982
0.44696
0.10098
0.22652
0.28324
0.31755
0.39478
0.78882
0.38523
0.10882
0.086732
1.1964
0.69115
0.18374
0.98206
0.073132
0.15263
0.69975
0.75812
0.22449
0.45961
0.083973
0.22962
0.23622
0.513
0.10098
0.35396
1.2828
1.036
0.12066
1.2286
0.28273
0.070495
0.15842
0.42857
1.6169
1.1319
0.19019
0.28684
0.39975
0.27187
0.2054
0.10562
0.47455
0.66042
0.083723
1.2137
0.09369
0.49551
1.0601
0.23166
0.2189
0.34048
0.10587
0.25644
0.21664
0.13957
0.49256
0.12265
0.14925
0.65229
0.40414
0.6804
1.1479
0.52971
0.52465
0.11173
0.13704
0.30371
0.40586
0.95624
0.60646
0.82202
0.51607
0.66745
0.10942
0.48662
0.12858
0.20634
1.3221
0.09165
0.7919
0.12474
0.077162
0.25094
0.18316
0.26989
0.060534
0.37465
0.18572
0.11233
0.16878
0.26719
0.21913
0.80633
0.13113
0.11713
1.1024
0.61635
0.28412
0.16517
0.076703
0.102
0.15176
0.085133
1.1023
0.20404
0.66027
0.20334
0.072941
0.89528
0.10256
0.60262
0.12582
0.087362
1.606
0.85157
0.13802
1.1398
0.29465
0.18607
0.56815
0.23648
0.89925
0.059116
0.24413
0.13307
0.21325
1.0206
1.2041
0.33829
0.1231
1.0778
0.13032
0.17118
0.98769
0.30478
0.30716
0.42622
0.47034
0.46934
0.80777
0.18057
0.19097
1.2111
0.35034
0.33634
0.083474
0.20327
0.083687
0.092416
0.93575
0.6979
0.79548
0.14502
0.084432
0.49191
0.27308
0.18637
0.30815
0.13483
0.23664
0.25313
0.21817
0.082295
0.096342
0.91392
1.396
0.083042
0.17371
0.19628
0.34642
0.18431
0.090967
0.43565
0.4441
0.13038
1.2883
1.135
0.48589
0.089308
0.12636
0.24899
0.58208
1.426
0.18019
0.49787
1.0511
0.30885
0.21916
0.10101
0.070389
0.6323
0.18436
0.32991
0.85911
0.3687
0.2264
0.078657
0.56307
0.10109
0.13935
1.1771
0.16447
0.10094
0.38967
0.079674
0.13053
0.13133
0.2697
0.12019
0.095698
0.21217
0.15778
1.1299
0.94783
0.6685
0.1607
0.24086
0.11662
0.20683
0.061949
0.96429
1.2682
0.56013
0.22396
0.26917
0.2066
0.19355
0.13588
0.81514
0.55137
0.10039
0.68753
1.1852
0.26273
0.092042
0.47022
0.47634
0.20306
0.069889
0.18224
0.15971
0.27374
0.22344
1.0325
0.21623
0.36802
1.3223
0.25535
0.43162
1.0939
0.090358
1.3337
0.061744
0.40575
0.19174
0.57824
0.81563
0.11023
0.089555
0.073624
0.4233
0.9783
0.20985
0.23775
0.38433
0.11256
0.13381
0.38855
0.3738
0.11142
0.69745
0.25663
0.62587
0.25095
0.12893
0.087734
0.20754
0.32574
0.17814
0.13868
0.76296
0.13884
0.087255
0.50198
0.31928
0.86645
0.6179
0.2159
0.81159
1.136
0.11742
0.85625
0.50647
0.35637
1.0677
0.09717
1.0635
0.069851
0.14778
0.12902
0.083916
0.19042
0.73727
0.1113
0.77586
0.22201
0.12753
1.121
0.38593
0.26189
0.090714
0.57754
0.11108
0.38461
0.52511
0.24885
0.69976
0.16581
0.31813
0.24546
0.55142
0.078889
0.18379
0.17964
0.61505
0.30575
0.76168
0.34149
0.36148
0.6337
1.0516
0.14745
0.39
0.24904
0.86169
0.5643
0.28523
0.37213
0.12653
0.081877
0.1212
0.12251
0.39723
0.16374
1.4941
0.14204
0.092983
0.21823
0.4059
0.70808
0.48817
0.16247
0.063154
0.2739
0.091163
0.10852
0.097977
1.2729
0.11661
0.29407
0.17038
0.1563
0.63641
0.14438
0.17634
0.64248
0.11647
0.66416
0.66174
0.44337
0.56382
0.16144
0.30711
0.46946
0.1413
0.10339
0.17906
0.31995
0.97455
0.27459
0.43215
0.095083
1.0738
0.19854
0.91716
0.61804
0.26581
0.093861
0.15604
1.1267
0.66495
0.1148
0.14049
0.56006
0.34454
0.1363
0.095998
1.1202
0.1821
0.21504
0.97779
0.076492
0.6379
0.20754
0.069864
0.26243
0.97567
0.91982
0.22309
0.22868
0.49479
0.14439
0.14652
0.18613
0.61597
0.98464
0.087159
0.6411
0.13701
0.18881
0.069799
0.98594
0.41691
0.82796
0.69921
0.44448
0.13599
0.18242
0.15956
0.19923
0.11806
1.0698
0.34454
0.12406
0.506
0.13039
0.63787
1.0168
0.20634
0.62718
1.0529
0.18873
0.097191
0.5962
0.17432
0.14349
0.28287
0.14475
0.16435
0.18227
0.53975
0.24298
0.2062
0.58007
0.088822
1.1196
0.11322
0.95884
0.20364
0.13678
0.17935
0.12779
1.0595
0.34506
0.21881
1.0856
0.10742
0.27155
0.58535
0.068471
0.89504
0.74795
0.70177
0.16412
0.096132
0.084875
0.16501
0.080979
0.31812
0.3757
0.14394
0.33435
0.12694
0.072304
0.27044
0.38128
1.0296
0.61384
1.0283
1.2168
0.0712
0.10638
0.2744
0.1586
0.06677
0.79541
0.91135
0.17114
0.10547
0.21864
0.11694
0.49645
0.7145
0.14232
0.49277
0.33855
0.24448
0.75559
0.65949
0.90049
0.081116
0.30094
1.2172
0.77684
0.63581
0.11286
0.12881
0.30692
0.39235
0.22168
0.082751
0.1416
0.48429
1.5352
0.98265
0.47332
0.56381
0.95573
0.26425
0.082209
1.1027
0.13691
1.1603
0.58549
0.40803
0.50774
1.1218
0.34812
0.076932
0.31004
0.12844
0.86391
0.088303
0.20103
0.071729
0.18711
0.46494
0.12119
1.0045
0.17669
0.083399
0.23637
0.0831
0.23731
0.18655
0.12661
0.83262
0.44083
0.21893
0.49474
0.13948
1.6693
0.72262
0.45823
0.31583
0.25005
0.53722
0.1028
0.43973
1.1742
0.29634
0.55165
0.18834
0.4563
1.1805
0.69297
0.42119
0.084916
0.075854
0.17423
0.72829
0.56504
0.082347
0.19238
0.16681
0.15095
0.15459
0.13598
0.082401
0.22899
0.094778
0.53993
0.20361
0.74807
0.10194
0.19636
0.14466
0.13244
0.41383
0.22562
1.1712
0.48337
0.11059
0.17704
0.068072
0.48844
0.1415
0.38157
0.95283
0.21623
0.080189
0.28087
1.3299
0.18305
0.094331
0.56014
1.1593
0.66333
1.1932
0.28745
1.2745
0.15563
0.40531
0.34038
0.29328
0.10821
0.2577
0.87599
0.37301
0.093353
0.56392
0.27046
0.30873
0.40268
0.47266
0.35476
0.15291
0.84036
0.23198
0.068144
0.17161
0.68839
0.76419
0.50943
0.19474
0.10347
0.81355
0.66077
0.16536
1.0158
0.33516
0.29689
0.17372
0.13343
0.59957
1.1496
0.073856
0.21184
0.19579
0.076254
0.41987
1.1553
0.49715
0.21038
0.63255
0.10143
1.6619
0.14338
0.27744
0.51016
0.10041
0.71458
0.47345
1.3523
1.0835
0.2831
0.2059
0.11323
0.38023
0.2381
0.088645
0.92973
0.21745
0.8995
0.29755
0.1616
0.19407
0.68605
0.09025
0.36711
1.2449
0.22435
0.35212
1.1935
0.33027
0.87902
0.23883
0.12027
0.27383
0.13818
0.31414
0.095317
0.75211
1.1812
1.2311
0.5707
0.076653
0.21438
1.0294
0.20981
0.38414
0.068663
0.8414
0.084952
1.3626
0.33055
0.17285
1.213
0.15862
0.50628
0.11298
1.1157
0.13802
0.19267
0.41888
0.079189
0.1296
0.071723
0.08164
0.43072
0.49359
0.083484
0.46547
0.22288
0.20826
1.4221
1.0412
0.18591
0.087432
0.28459
1.0788
0.20764
0.47524
0.10063
0.083891
0.26894
1.0688
0.11253
0.12695
0.83357
0.21886
0.54338
0.74432
0.11923
0.092713
0.063889
0.20087
0.24167
0.094188
0.22727
0.16719
0.092992
1.0531
0.50933
0.14239
0.13608
0.43631
1.3223
0.5389
0.14577
0.20315
0.72121
0.083701
0.22299
0.23034
0.42373
0.46483
0.084785
0.36055
0.67611
0.089142
0.27754
0.11133
0.14872
0.51686
0.2912
0.23554
0.6503
0.11984
0.8343
0.24572
0.961
0.34814
0.13793
0.25986
0.67288
0.85553
0.099674
0.26607
0.72249
0.50791
1.2833
0.7665
0.13915
0.75451
0.51923
0.34844
0.27414
0.36548
0.40749
0.075616
0.51681
0.50483
0.23801
0.14169
0.29623
0.50869
0.75621
0.16723
0.095861
0.2843
0.49203
0.30149
0.33087
0.96246
0.48056
0.1606
0.18706
0.36724
0.65709
0.10244
0.077793
0.14514
0.39105
0.17287
0.17515
0.18867
0.1001
0.17182
0.13432
0.62639
0.37066
0.12828
0.45879
1.0938
0.15046
1.2575
0.11152
0.58753
0.12447
0.10676
0.10507
0.96076
0.44775
0.90098
0.3706
0.15489
0.16871
0.10916
1.2651
0.18346
0.13143
0.77265
0.095252
0.15713
0.18347
0.086602
0.29475
0.12443
0.090436
0.44426
0.38572
0.39934
0.16389
1.3053
0.65948
1.156
0.36062
0.074421
0.62331
0.2105
0.15003
0.21855
0.09493
0.34157
0.35589
0.14666
0.54264
0.094936
0.11269
0.2737
1.2039
0.08797
0.42595
0.23582
0.18376
0.70331
0.36756
0.10057
0.23788
0.10549
0.32062
0.071856
0.55619
0.17796
0.67591
0.35564
0.079482
0.20516
0.60956
0.34086
0.10142
0.14522
0.1503
0.099403
0.52721
0.84047
0.1039
0.58703
0.23927
1.0716
0.96354
0.56733
0.68959
0.72616
0.63046
0.23638
1.2122
1.2421
0.15089
0.71972
0.23953
0.69624
0.15141
0.78026
0.37603
1.0382
0.64719
0.29845
0.22903
0.4007
0.66624
0.14826
0.93086
0.2469
0.27267
0.21665
0.62974
0.8087
0.90486
0.18823
0.27023
0.94271
0.47896
1.1188
0.11609
0.27417
0.29562
0.76618
0.12677
0.36726
0.1185
1.1451
0.1791
0.085379
0.67489
0.26628
0.080975
0.30808
0.25157
0.92925
0.39794
0.67156
0.16926
0.10164
0.10763
0.30652
0.34138
0.29668
0.10355
0.26433
0.30468
0.11055
0.27819
0.19531
0.27781
0.26988
1.6857
0.46124
0.098059
1.149
0.33279
0.20671
0.68299
0.59819
0.52218
0.086759
0.15166
0.91981
0.068613
0.1668
0.089348
0.91179
1.3003
0.59426
1.2053
0.15861
0.30449
0.24578
0.087832
0.12356
0.26142
0.87658
0.84142
0.26534
0.15498
1.2497
0.70941
0.18823
0.22522
0.10497
0.23844
0.81588
0.42581
0.20137
0.41532
1.1264
0.13769
1.063
1.0275
0.91204
0.79037
0.32941
0.20315
1.0035
0.77678
0.85304
0.24513
0.26856
0.35935
0.12285
0.66404
0.43711
0.15048
0.25939
1.1292
0.23761
0.50965
0.42003
0.15341
0.31057
0.11356
0.13786
0.73998
0.081369
0.11829
0.51288
0.13819
0.12778
0.26011
0.23137
0.56927
0.13063
1.0479
0.31285
0.36519
0.27892
0.22334
0.098672
1.0259
0.26504
0.623
0.11167
0.351
0.46384
1.576
0.39127
0.16653
0.6093
0.23814
0.78196
0.11628
0.89981
0.24226
0.15468
0.71794
0.12334
0.17313
1.1142
0.21637
1.0531
0.1749
0.26112
0.13698
0.0873
0.80988
0.12566
0.34412
0.17151
0.81845
1.2313
0.24373
1.1864
0.90716
0.11425
0.94969
0.3657
0.32937
0.14854
0.13182
0.33689
0.34792
0.092617
0.41689
0.71836
0.76207
0.21559
0.13885
0.62145
1.0497
0.42839
0.80841
0.49047
0.78743
0.64217
1.1024
0.081939
0.6703
0.97492
0.91767
1.0264
0.53514
1.0719
0.090619
0.1091
0.079954
0.14177
0.17961
0.86734
0.16973
0.67594
1.2241
1.3498
0.91724
0.10981
0.92311
0.24325
1.1945
0.5605
0.32844
0.099865
0.35726
0.19423
0.078087
0.15465
0.10873
0.074682
0.073588
0.26973
0.35687
0.12082
0.37379
0.1585
0.32932
1.0983
0.22267
0.47652
0.20356
0.17247
0.15064
0.2452
0.18218
0.98369
0.070833
0.11231
0.73728
0.45554
0.39599
0.10779
0.23344
0.4124
0.37638
0.40694
0.12725
0.99222
0.4159
0.31877
0.48376
0.59438
0.26879
0.3748
0.10683
0.1699
0.56787
0.20966
0.53573
0.85171
0.21534
0.64499
0.063832
0.38842
0.47817
0.31894
0.35058
0.11983
0.11361
0.098945
0.31921
0.084485
0.089483
0.44677
0.51368
0.22332
0.96131
0.40141
0.15154
0.89894
0.077386
0.1183
0.20411
0.12683
0.18429
1.088
0.091905
0.13367
0.1602
0.070777
0.47554
1.6557
0.18872
0.38204
0.11601
0.093932
0.27825
0.10268
0.41308
0.69586
0.56632
0.80559
1.1296
0.061191
0.24914
0.18452
0.81304
0.19637
0.69761
0.13658
0.61825
0.2215
0.70145
0.28701
0.635
0.16452
0.34526
0.14483
0.20498
1.2232
0.10476
0.18347
0.52118
0.754
0.09047
0.17282
0.3589
0.10909
0.086195
0.88183
0.14766
0.29332
0.57373
0.081197
0.97034
0.54548
0.54152
0.14386
0.4605
0.7671
0.42424
0.12861
0.07264
0.097301
0.19244
0.25814
0.20912
0.089667
1.0527
0.50064
1.1778
0.052956
0.31511
0.18724
0.13981
0.16437
1.2388
0.21206
0.1449
0.40006
0.24169
0.10109
0.20341
0.074524
0.58949
0.9479
0.12503
0.11461
0.53463
0.29605
0.075773
0.32452
0.18152
0.092738
0.40114
0.92534
0.33326
0.086815
1.1084
0.16777
0.17341
0.11101
0.13744
0.1544
0.18769
0.085632
0.12334
0.1747
0.52175
0.11385
0.54428
0.068785
0.17033
0.083295
0.88388
0.56269
1.1013
0.79065
1.0174
0.50878
0.95737
0.17337
0.1071
0.11839
0.40857
0.15514
1.1745
0.094309
0.091792
1.1783
0.083341
0.46854
0.14571
0.095708
1.0184
0.16346
0.53388
0.44014
0.91429
0.11902
1.009
1.2907
1.1806
0.12928
0.26682
0.12317
0.096999
0.23476
0.11101
0.17127
0.082494
0.49485
0.093478
0.4782
0.31448
0.14422
0.62938
1.45
1.2018
0.12825
0.22014
0.12927
0.32009
0.078364
1.137
0.35114
0.33712
0.18325
0.18508
0.077149
0.74692
1.4256
0.57834
0.25929
0.90274
0.12884
0.72242
0.16959
0.20927
0.54837
0.66596
1.0655
0.72214
0.19603
0.14604
0.50067
0.12386
0.11308
0.17372
0.37933
0.89336
0.48923
0.77606
0.22075
0.32911
0.52813
0.19063
0.13683
1.0207
0.81759
0.37482
0.48318
0.41119
0.09246
1.0565
0.15802
0.33052
0.1583
0.12607
0.47265
0.41626
0.92936
0.19333
0.13496
0.98685
0.20741
0.067988
0.1131
0.64745
0.13061
0.86804
0.53583
1.0996
0.71242
0.98848
0.24824
1.1085
0.72729
0.54517
0.33912
0.12463
0.079929
0.48763
0.85629
0.4135
0.18285
1.047
0.81538
0.12976
0.086209
0.73563
0.070528
0.068897
1.2008
0.23562
0.70762
0.21616
0.17094
1.1841
0.89745
0.21417
0.27879
0.2773
0.63945
1.1205
0.18464
0.59492
0.34233
0.1312
0.34512
0.15525
0.55599
1.1371
0.54226
0.62736
0.1885
0.27182
0.70246
0.94051
0.10939
0.097607
0.12441
0.10624
0.17874
0.58255
0.08831
1.1878
0.35511
0.47794
0.11917
0.47014
1.096
1.1662
0.19035
0.081578
1.1311
1.047
1.0979
0.1861
0.09487
0.25925
0.47415
0.15096
0.14505
0.17625
0.75568
0.10684
0.13895
0.15406
0.81034
0.71138
1.1641
0.11985
0.93556
0.13918
1.2382
0.25793
0.31877
0.1329
0.29597
1.0219
0.42943
0.36869
0.4247
1.0592
0.68884
0.21503
0.24428
1.0505
1.1439
0.095924
1.0087
1.2676
0.22537
0.22578
0.4027
0.42088
0.32282
1.4193
0.11088
0.14381
0.54412
0.2661
1.1206
0.089525
1.0245
0.32857
0.27596
0.099969
0.30808
0.13298
0.1277
0.17115
0.26141
0.3228
0.24364
0.30834
0.65345
0.62328
0.11445
0.49884
0.19932
1.1728
0.42593
0.089905
0.20594
0.079413
0.28526
0.3469
0.11298
0.8403
0.15704
0.27733
0.19093
0.090033
0.7951
0.36767
0.073093
0.28196
0.714
0.26495
0.24903
0.10916
0.072462
0.082257
0.4223
0.89237
0.5395
0.087601
0.46664
0.58894
0.65336
0.19492
0.33692
0.20834
1.1898
0.28535
0.94006
0.41263
0.18177
0.3671
0.11238
0.084866
0.14434
1.1673
0.32919
0.13851
0.3415
1.1004
0.16786
0.24144
1.2129
0.084079
0.69072
0.07012
0.11898
0.12567
0.92949
0.11516
0.20026
0.36659
0.072828
1.0749
1.2019
0.086606
0.096545
0.4642
0.1027
0.10266
0.1026
0.23339
0.36451
0.46997
0.65889
0.13632
0.42959
0.32704
0.60674
0.26996
0.12138
0.22947
0.21347
0.46024
0.17867
0.76329
0.35928
0.11025
1.0766
0.34749
0.088132
0.56609
0.38479
0.090808
0.1903
0.14015
0.079243
0.74574
0.35308
0.90045
0.5227
0.98616
1.0449
0.084611
0.14884
0.054589
1.1221
0.091672
0.49895
0.20591
0.23419
0.90265
0.10852
0.062193
0.12039
0.14782
0.58836
0.23101
0.25344
1.2252
0.21229
0.85205
0.61334
0.31869
1.0798
1.2555
0.24407
0.41562
0.14263
0.76142
0.56964
0.23444
0.11429
0.39087
0.25954
0.15145
0.65348
0.12279
0.93206
0.8747
0.88411
0.074598
0.10764
0.32129
0.15012
0.67381
0.10749
0.31035
0.29174
0.23213
0.081713
0.14054
0.16769
0.12159
0.90818
0.092336
0.24201
0.14869
0.1036
0.098119
0.83286
0.59347
0.20154
0.18375
0.88379
0.17861
0.14095
1.1599
0.23604
0.13979
0.096313
0.12097
0.85123
0.39305
0.2569
0.24825
0.29664
1.0778
0.11643
0.33883
0.08489
0.13763
0.38118
0.25078
0.142
0.54703
0.068811
0.95396
0.29806
0.11158
0.81099
0.61991
0.17264
0.11218
0.64816
0.11121
1.1008
0.72147
0.59928
0.082766
0.52933
0.24485
0.21502
0.15928
0.21175
1.0517
0.20072
0.081097
0.10472
0.28664
0.24068
0.46619
0.13367
0.2053
0.58215
0.23913
0.55906
0.19267
0.22709
0.16418
0.089486
0.115
0.081755
0.42271
0.10857
1.078
1.4024
0.72277
0.28414
0.77173
0.58441
0.16789
0.43239
0.43246
1.1952
0.070363
0.20401
0.12635
0.21138
0.21167
1.0227
0.48606
0.18702
0.68418
0.24328
1.2723
0.32715
0.081861
1.3857
0.56569
0.9775
0.10127
0.70719
0.287
0.31034
0.62737
0.12414
0.13947
0.96484
0.11787
1.0658
0.28589
0.28294
0.96178
0.14296
0.12715
0.079264
0.24909
0.63875
0.12569
0.092888
0.83575
0.33291
0.81963
0.1951
0.088828
0.38801
0.072184
0.18721
0.090405
0.32676
0.76903
0.90033
0.091858
0.3925
0.81752
0.44052
0.15368
0.84866
0.89363
0.36998
0.53207
0.21077
0.38254
0.099387
0.072656
1.1345
0.16985
0.67933
0.29978
0.56377
0.13279
0.39959
0.99699
0.76486
0.19084
0.27674
0.086241
0.20798
0.078504
0.098569
0.10879
1.6091
0.37557
0.10613
0.51917
1.2601
0.42395
0.081084
0.10929
0.76998
0.14914
0.67416
0.72947
0.40581
0.095051
0.093467
0.38585
0.16569
0.22987
1.1621
0.16893
0.62024
0.93601
0.19961
0.072607
0.64874
0.17281
0.30587
0.2207
0.15169
0.11914
0.88579
0.15919
0.094619
0.21033
0.30103
0.16023
0.17651
0.17547
0.71714
0.28828
1.1259
0.73751
0.10641
0.13759
0.61884
1.0561
0.27944
0.1486
0.79468
0.37061
0.10184
0.095278
0.21298
0.17918
0.28355
1.3229
0.1895
0.81518
0.085813
0.26305
0.13907
0.089075
0.059871
1.1429
0.099302
0.48365
0.33181
0.33755
0.89281
0.67557
0.17927
0.35277
0.13296
0.09383
0.30506
0.11986
0.12919
0.1718
0.12221
0.16853
0.12204
0.46401
0.85721
0.13423
0.061544
0.2597
0.41261
1.1569
0.31472
0.14529
0.57873
0.21746
0.24184
0.39069
1.1191
0.25482
0.33903
0.34657
0.31413
0.19791
0.10551
1.0851
0.095402
0.094058
0.1114
0.084088
1.0475
0.081132
0.1507
0.29898
0.58046
0.26421
0.25812
0.16739
0.56542
0.20173
0.30894
0.22879
0.083084
0.52336
0.62823
0.11734
0.79559
0.99336
0.60536
1.2206
0.10067
0.37815
0.091698
0.12324
0.14001
0.82382
0.98505
0.17446
0.076591
0.98283
0.07075
0.46402
0.41295
0.13524
0.29539
1.1251
0.30995
0.22993
1.2741
0.10942
0.59614
0.18394
0.076616
1.1976
1.2444
1.1032
1.0036
0.59571
1.1143
1.2969
0.12899
0.17833
0.11016
0.52808
0.25541
1.268
0.10045
1.0405
0.093882
0.31913
0.53078
0.98529
0.60847
0.36911
0.37576
0.29247
1.1681
0.5374
0.13961
0.53427
0.11541
0.13327
0.95962
0.096994
0.33725
0.65479
0.097719
0.14645
0.52473
0.23295
0.1291
0.25618
0.15673
0.42418
0.31838
0.26802
0.38531
0.49017
0.18209
0.65046
0.15
1.0132
0.1439
0.44254
0.53249
0.094755
0.19408
0.17042
0.25329
0.27697
0.093508
0.14225
0.071181
0.06433
0.47783
0.17007
0.12888
0.50436
0.44694
1.0959
0.93991
0.35567
0.85487
0.95638
0.20731
0.21475
1.2243
0.43769
0.12039
0.18438
1.1611
0.3654
0.27099
0.096489
0.69226
1.175
0.078397
0.68959
0.090679
0.62105
0.18589
1.274
0.47926
0.31267
0.10042
0.43056
0.93807
0.33727
0.070381
0.62505
0.3624
0.0722
0.16213
0.6432
0.064087
0.12421
1.1785
0.11525
0.12006
0.11559
0.4375
0.9477
0.81876
0.095037
0.70811
0.87833
0.14423
1.2035
0.40246
0.076395
0.2507
0.22195
0.39307
0.52341
0.14336
0.085867
0.12425
0.093128
0.079998
0.22628
0.46977
0.089284
0.098213
1.1751
0.18742
0.0902
0.94965
1.224
0.14369
0.35587
0.098075
0.077473
0.099383
0.13066
0.08957
0.55955
0.26379
1.3373
0.71177
0.12824
0.52482
0.17657
0.13792
0.77079
0.21943
0.23116
0.13928
0.54801
0.58537
0.791
0.12879
1.1293
0.369
0.20466
0.16374
1.0621
0.9854
0.26565
0.20383
0.30122
0.34096
0.11383
0.83159
0.96375
0.1576
0.65363
0.69278
1.1531
1.1118
0.089587
0.11978
0.10099
0.082297
0.18705
0.19087
0.13659
0.10036
0.20596
0.25861
1.4313
0.46429
0.13516
0.97061
0.74614
0.10905
0.081303
0.25645
0.62991
0.59215
0.17658
0.072838
0.10798
0.18463
1.2101
0.59041
0.60328
0.095817
0.26061
0.31526
0.094439
0.088438
0.49376
1.1793
0.074972
0.15137
0.34043
0.17784
0.44382
1.037
0.076023
0.08417
0.19387
0.38571
0.15678
0.20109
0.08798
0.084313
0.39073
0.12873
0.061884
0.77086
0.11218
0.22255
0.077568
0.12672
0.15298
0.60892
0.16691
0.084192
0.3582
0.23038
0.34643
0.27966
0.73453
0.083731
0.081928
1.2872
0.078746
1.0575
0.17864
0.88186
0.68508
0.32987
0.68219
0.19946
0.24554
0.83332
0.4098
0.20785
0.78225
0.11936
0.093261
0.13657
0.10624
0.51822
0.11581
0.13092
0.12469
0.094795
0.37419
0.094236
0.18115
1.4218
1.0848
0.75969
0.10742
0.62049
0.25561
0.34131
0.4037
0.092365
0.62254
0.13664
0.12089
0.50376
0.25668
0.52281
0.084729
0.13029
0.11352
1.0969
0.19176
0.14043
0.46579
0.062743
0.13992
0.1715
0.83534
0.97942
0.14591
0.16201
0.66857
0.68085
0.71719
1.0717
0.24386
0.10446
0.30542
0.10131
0.12624
0.28232
0.28205
0.33374
1.1634
0.2317
0.31055
0.17814
1.2989
0.95029
1.2014
0.96301
0.10279
0.10275
0.50996
0.10608
1.2258
0.54479
0.72254
0.15343
0.13753
0.2298
0.41736
0.3372
1.0913
0.52785
0.1781
0.61514
0.11394
0.40993
0.54731
0.09877
0.85428
0.33693
0.18252
0.68533
0.25608
0.11958
0.60019
0.25153
1.2884
0.66669
0.092414
0.67575
0.42434
0.097833
0.69592
0.42268
0.26515
0.531
0.081431
0.17776
0.21251
0.35547
0.90451
0.30933
0.71714
0.34675
1.0937
0.23831
0.17004
0.08246
0.55517
0.10921
0.13474
0.17312
0.21095
0.4147
0.36137
0.087039
0.73066
0.99849
0.49875
0.44817
0.16785
1.0348
1.0757
0.14121
0.38549
0.53216
0.74584
0.47605
0.21894
0.19239
0.18671
0.56075
0.23891
1.1902
0.55481
0.99623
0.74486
0.39703
0.15717
0.076084
0.62157
0.72456
0.14034
0.16449
0.33184
0.47983
1.0338
0.13234
0.59597
0.070396
0.42918
0.30614
1.3121
0.85588
0.52029
0.50519
0.12983
0.074808
0.24146
0.92357
0.73451
0.40436
1.0232
0.33458
1.3494
0.17515
0.1861
0.10703
0.40967
0.074374
0.2017
0.079155
0.13289
0.29701
1.0288
0.08144
0.11921
0.1162
1.2643
1.1666
1.0083
0.56359
0.32723
0.6623
0.08888
0.19381
1.0196
1.0332
0.12572
0.14692
0.14295
0.11461
0.22086
0.43706
0.44355
0.63395
0.16459
0.087014
0.9979
0.098095
1.204
0.21303
0.44924
0.6565
0.073184
0.22074
0.41658
0.20822
0.28647
0.14772
1.1514
0.68136
0.2477
0.40873
0.10285
0.66563
0.17299
0.068271
0.68126
1.2778
1.0141
0.23289
0.22077
0.71486
0.1287
0.10059
0.11118
0.070058
1.0276
0.37118
1.0977
1.1376
0.55087
0.13052
0.21683
0.087232
0.14887
0.29613
0.26812
0.048836
0.092234
0.47874
0.36593
0.48463
0.15241
0.095912
0.10753
0.076685
0.24178
0.11303
0.75457
0.5856
1.0955
0.3689
1.1952
0.39646
0.60986
0.16568
0.34763
1.0126
1.5696
1.1173
0.25634
0.41881
0.2115
0.24646
0.31535
0.5934
0.12334
0.27702
0.12015
0.1361
0.75914
0.081271
0.14815
0.4044
0.098231
0.22517
0.25434
0.13596
0.14972
0.097739
0.30281
0.085095
0.30088
0.10606
0.97463
0.11234
0.71196
0.12158
0.098509
0.20471
0.14553
0.19661
0.84871
0.085452
0.087795
0.096105
0.10828
0.44685
0.17337
0.53157
1.1971
0.15923
0.30405
0.44436
0.098292
0.091322
0.88443
0.95257
0.1223
0.15758
0.11422
0.18937
0.20661
1.1291
0.21583
0.35935
0.11507
0.086973
1.1917
0.10136
0.20624
0.1281
0.11805
1.0818
0.16245
0.18706
0.080845
0.58418
0.15719
0.90069
0.36183
0.33417
0.39883
0.13758
0.2764
0.18002
0.15484
0.56184
0.24525
0.10404
0.89737
0.095229
0.24419
0.10568
0.61996
0.17171
0.411
0.64017
0.18354
0.72147
0.18956
0.14966
0.65746
0.16726
0.17646
0.48243
0.079906
0.078222
0.077532
1.0074
0.69342
0.29622
0.31493
0.10382
0.1594
0.78737
0.10285
0.24575
0.27653
1.2578
0.30319
0.56143
1.1412
0.12386
0.75321
0.26634
0.14482
0.21863
0.24523
0.10322
0.070999
0.10995
1.0694
1.0893
1.5601
0.30159
0.19735
0.16702
0.23037
0.094003
0.34465
0.54799
0.78161
0.18653
1.0356
0.13553
1.0398
1.1422
0.17463
0.52223
0.25059
0.15763
0.1365
0.43994
1.0702
0.9559
0.72902
0.43897
0.088203
0.17749
0.28486
0.27038
0.34294
1.1931
1.0696
0.31277
0.4383
1.2347
0.10263
0.1006
0.67467
0.22652
0.84458
0.19548
0.42559
0.74528
0.57221
0.10882
0.12058
0.16195
0.69115
0.059298
1.0153
0.10057
0.25434
1.2062
0.27548
0.94736
0.59555
1.1923
0.22962
0.067396
0.11407
0.20536
1.0444
0.38591
0.26363
0.12066
0.10632
0.10924
0.43929
0.70896
0.57819
1.6169
0.33757
0.10178
0.79991
0.16846
0.091093
0.072708
0.32836
0.54512
0.27042
0.14519
1.2137
0.5464
0.25105
0.096705
0.16798
0.2909
0.30872
0.92541
0.096755
0.075044
0.17518
1.285
0.23555
0.10834
0.65229
0.4811
0.14915
0.55233
0.52971
1.2326
0.10163
0.4404
0.42173
1.1932
0.14243
0.30647
0.21757
0.61125
0.14903
0.10942
0.15075
0.12858
0.16528
0.11402
0.61932
0.7919
0.67393
0.17789
0.58061
0.23947
1.1006
0.08491
0.11099
0.11209
0.2134
0.40612
1.1442
0.93659
0.45878
0.62545
0.98
1.0255
1.078
0.18173
0.16517
0.62576
0.40356
0.71793
0.085133
0.12781
0.19103
1.1922
0.27937
0.072941
0.13858
0.065352
0.24678
0.13307
0.087362
0.443
0.85157
0.38529
1.193
0.089596
0.14622
0.34199
0.17698
0.89925
0.10042
0.12813
0.14124
0.074981
0.39208
0.68697
0.21047
1.0232
0.14477
0.13032
0.10015
0.42003
0.087025
0.66458
0.42622
0.074407
0.3197
0.80777
0.18057
0.19097
1.2111
0.48282
0.39118
0.27118
0.23282
1.0727
0.15398
0.41218
0.46682
0.4582
1.2819
0.58265
0.49191
0.099501
0.2336
0.16229
0.28397
0.31136
0.1512
0.44334
0.67884
0.096342
0.62316
0.56272
0.72596
0.46408
0.091924
0.49953
0.18431
0.8403
0.045264
0.17882
0.25747
0.10729
1.175
0.22872
0.098157
0.26949
1.5156
0.087774
0.13806
1.1582
0.49787
0.19421
0.1466
1.0702
0.29981
0.16682
0.1045
0.22784
0.73151
0.13082
0.54532
1.6705
0.064751
0.95516
0.073852
0.13935
1.1771
0.48085
1.183
0.30963
0.14119
0.0998
0.15661
0.40259
0.18223
0.58463
0.36736
0.0905
0.15623
0.54635
0.28492
0.58098
0.24086
0.2723
0.30104
1.1261
0.063937
0.90351
1.019
0.17624
0.26917
0.40277
0.47769
0.078499
0.19871
0.5821
0.096285
0.2034
0.27833
0.42785
0.29213
0.15247
0.62079
0.07123
0.072265
0.072178
0.27313
0.20591
0.099273
1.0325
0.44006
0.48137
0.32235
0.079425
0.18368
0.99814
0.1366
1.1464
0.17189
0.47586
0.87933
0.17565
0.27126
0.30755
0.45823
0.22362
0.79191
0.9783
0.11536
0.69226
0.83969
0.79302
0.090453
0.097694
0.19282
0.14891
0.12122
0.25663
0.62587
0.16558
0.13355
0.091091
0.14786
0.24549
0.064378
0.70827
0.76296
0.72715
0.35299
0.50198
0.89017
0.17137
0.62128
0.089739
0.15607
0.38349
1.5909
0.10747
0.99352
0.13082
0.74879
0.08403
0.81972
0.77965
0.21275
0.12889
0.99622
0.07693
0.46008
0.1616
0.77586
0.090128
0.19595
1.0968
0.33708
0.22765
0.13373
0.090046
0.11192
0.42067
0.86377
0.22915
1.0096
1.6189
0.080871
1.1673
0.068171
0.18184
0.074713
0.24909
0.40256
0.30575
1.1823
0.86842
0.56778
0.2369
0.14603
0.16299
0.22936
0.29305
0.32503
0.30104
0.87488
0.33964
0.49968
0.23295
0.10267
0.74212
0.22605
0.34334
0.3791
0.18381
0.32919
0.39049
0.078424
1.2074
0.27606
1.0284
1.1528
0.72087
0.17214
1.1567
0.2005
1.2729
0.098621
0.97298
1.1084
0.29706
1.0649
0.20829
0.17634
0.1375
0.40585
0.26238
0.66174
0.44337
0.24134
0.76189
0.10802
0.23143
0.85366
0.68031
0.31904
1.0267
0.97455
0.23855
0.26052
0.18994
0.12834
0.11862
0.28618
0.65775
0.2157
0.38249
1.2736
0.97718
0.16158
0.40995
0.10875
0.60817
0.59073
0.42912
0.62704
0.061725
0.1821
0.074651
0.74722
0.67939
0.34801
0.1499
0.95966
1.0413
0.096446
0.11865
0.081618
0.22868
0.41845
0.25515
0.14652
0.47248
0.13852
0.17491
0.13197
0.6411
0.098267
0.95947
0.069799
0.089344
0.078562
0.20962
0.18859
1.0483
0.16449
0.066206
0.2038
0.17094
0.15032
0.25638
0.73812
1.012
0.065663
0.6951
0.2232
1.0168
0.20634
0.38907
0.11666
0.099492
0.12462
0.13472
0.31622
0.69264
0.91819
0.7919
0.40597
0.15464
0.48921
0.47669
0.095172
0.2569
1.1205
0.12698
0.16744
0.76832
0.071744
0.085545
0.11432
0.39226
1.0595
1.2273
0.31133
1.0722
0.075367
0.27155
0.30976
0.45615
0.18615
0.3175
0.9167
0.30288
0.19841
0.85006
0.93328
0.36282
0.15265
0.15842
0.82075
0.22843
0.13549
0.093179
0.6347
0.26032
0.1452
1.033
0.13512
0.34794
1.0208
0.12332
0.094015
0.4083
0.19796
0.79541
0.91135
0.12126
0.10547
0.3458
0.10117
0.18936
0.7145
0.35397
0.18009
0.33855
0.080241
0.25847
0.3566
0.28272
0.53891
0.10576
0.16732
0.24041
0.63581
0.20744
0.09516
0.52559
0.48905
0.11187
0.25421
0.67907
0.48429
1.5352
0.98265
0.40084
0.87031
0.14442
0.16868
0.87444
0.18434
0.41954
0.1841
0.46013
0.26447
0.16733
0.060778
1.271
0.15845
0.62007
0.94055
0.19539
1.0907
1.0861
0.24544
0.13715
0.28602
0.31497
1.0735
0.14699
1.5776
0.69375
0.5063
1.1507
0.24085
0.85237
0.47342
0.1214
0.3955
0.097615
0.078627
0.16602
1.6177
0.39311
0.70035
0.48168
0.071044
0.18419
0.19289
0.35311
0.59125
0.72947
1.0877
0.28174
0.96154
0.94779
0.28733
0.23224
0.20744
1.1954
0.1064
0.15189
0.23332
0.22446
0.17251
0.92432
0.77426
0.13598
0.2273
0.25968
0.24544
0.36303
0.22548
0.79807
1.0923
0.82112
0.11147
0.55452
0.39915
0.22562
1.3234
0.099671
0.37317
0.63601
1.4385
0.13709
0.1415
1.5181
0.11323
0.79423
0.60832
0.14723
0.29974
0.19819
0.18081
0.25554
0.21876
1.133
1.2365
0.87559
1.0051
0.46908
0.13594
0.29027
0.36358
0.089674
0.10266
1.2299
0.18921
0.093353
0.28541
0.094742
0.23413
0.40268
0.17784
0.31074
0.28734
0.1458
1.0925
0.37433
0.15228
0.68839
0.15394
0.32675
0.088359
1.0024
0.68779
0.071856
0.24962
0.6198
0.11546
0.16594
0.25393
0.13343
0.28326
0.49228
1.3469
0.46099
0.092976
1.0368
0.56446
0.1043
0.2518
0.21038
0.23552
0.77807
0.86501
0.25064
0.095493
0.37127
0.45661
0.88563
0.12347
0.33573
1.1613
0.10537
1.0284
0.11323
0.092626
0.14048
0.15621
0.25003
1.056
0.10542
0.29755
0.82727
1.0836
0.11318
0.09025
0.83773
1.2449
0.8625
0.13157
0.14029
1.1972
0.21526
0.79107
0.61306
0.26678
0.13818
0.085414
0.4943
0.35743
0.31155
1.2311
0.15623
0.77643
0.32934
0.10614
0.23887
0.42424
0.66098
0.13362
0.88605
0.30969
0.33055
0.17285
1.213
0.15862
0.50628
0.11298
1.1157
0.13802
0.19267
0.41888
0.079189
0.1296
0.071723
0.08164
0.43072
0.49359
0.083484
0.46547
0.22288
0.20826
1.4221
1.0412
0.18591
0.087432
0.28459
1.0788
0.20764
0.47524
0.10063
0.083891
0.26894
1.0688
0.11253
0.12695
0.83357
0.21886
0.54338
0.74432
0.11923
0.092713
0.063889
0.20087
0.24167
0.094188
0.22727
0.16719
0.092992
1.0531
0.50933
0.14239
0.13608
0.43631
1.3223
0.5389
0.14577
0.20315
0.72121
0.083701
0.22299
0.23034
0.42373
0.46483
0.084785
0.36055
0.67611
0.089142
0.27754
0.11133
0.14872
0.51686
0.2912
0.23554
0.6503
0.11984
0.8343
0.24572
0.961
0.34814
0.13793
0.25986
0.67288
0.85553
0.099674
0.26607
0.72249
0.50791
1.2833
0.7665
0.13915
0.75451
0.51923
0.34844
0.27414
0.36548
0.40749
0.075616
0.51681
0.50483
0.23801
0.14169
0.29623
0.50869
0.75621
0.16723
0.095861
0.2843
0.49203
0.30149
0.33087
0.96246
0.48056
0.1606
0.18706
0.36724
0.65709
0.10244
0.077793
0.14514
0.39105
0.17287
0.17515
0.18867
0.1001
0.17182
0.13432
0.62639
0.37066
0.12828
0.45879
1.0938
0.15046
1.2575
0.11152
0.58753
0.12447
0.10676
0.10507
0.96076
0.44775
0.90098
0.3706
0.15489
0.16871
0.10916
1.2651
0.18346
0.13143
0.77265
0.095252
0.15713
0.18347
0.086602
0.29475
0.12443
0.090436
0.44426
0.38572
0.39934
0.16389
1.3053
0.65948
1.156
0.36062
0.074421
0.62331
0.2105
0.15003
0.21855
0.09493
0.34157
0.35589
0.14666
0.54264
0.094936
0.11269
0.2737
1.2039
0.08797
0.42595
0.23582
0.18376
0.70331
0.36756
0.10057
0.23788
0.10549
0.32062
0.071856
0.55619
0.17796
0.67591
0.35564
0.079482
0.20516
0.60956
0.34086
0.10142
0.14522
0.1503
0.099403
0.52721
0.84047
0.1039
0.58703
0.23927
1.0716
0.96354
0.56733
0.68959
0.72616
0.63046
0.23638
1.2122
1.2421
0.15089
0.71972
0.23953
0.69624
0.15141
0.78026
0.37603
1.0382
0.64719
0.29845
0.22903
0.4007
0.66624
0.14826
0.93086
0.2469
0.27267
0.21665
0.62974
0.8087
0.90486
0.18823
0.27023
0.94271
0.47896
1.1188
0.11609
0.27417
0.29562
0.76618
0.12677
0.36726
0.1185
1.1451
0.1791
0.085379
0.67489
0.26628
0.080975
0.30808
0.25157
0.92925
0.39794
0.67156
0.16926
0.10164
0.10763
0.30652
0.34138
0.29668
0.10355
0.26433
0.30468
0.11055
0.27819
0.19531
0.27781
0.26988
1.6857
0.46124
0.098059
1.149
0.33279
0.20671
0.68299
0.59819
0.52218
0.086759
0.15166
0.91981
0.068613
0.1668
0.089348
0.91179
1.3003
0.59426
1.2053
0.15861
0.30449
0.24578
0.087832
0.12356
0.26142
0.87658
0.84142
0.26534
0.15498
1.2497
0.70941
0.18823
0.22522
0.10497
0.23844
0.81588
0.42581
0.20137
0.41532
1.1264
0.13769
1.063
1.0275
0.91204
0.79037
0.32941
0.20315
1.0035
0.77678
0.85304
0.24513
0.26856
0.35935
0.12285
0.66404
0.43711
0.15048
0.25939
1.1292
0.23761
0.50965
0.42003
0.15341
0.31057
0.11356
0.13786
0.73998
0.081369
0.11829
0.51288
0.13819
0.12778
0.26011
0.23137
0.56927
0.13063
1.0479
0.31285
0.36519
0.27892
0.22334
0.098672
1.0259
0.26504
0.623
0.11167
0.351
0.46384
1.576
0.39127
0.16653
0.6093
0.23814
0.78196
0.11628
0.89981
0.24226
0.15468
0.71794
0.12334
0.17313
1.1142
0.21637
1.0531
0.1749
0.26112
0.13698
0.0873
0.80988
0.12566
0.34412
0.17151
0.81845
1.2313
0.24373
1.1864
0.90716
0.11425
0.94969
0.3657
0.32937
0.14854
0.13182
0.33689
0.34792
0.092617
0.41689
0.71836
0.76207
0.21559
0.13885
0.62145
1.0497
0.42839
0.80841
0.49047
0.78743
0.64217
1.1024
0.081939
0.6703
0.97492
0.91767
1.0264
0.53514
1.0719
0.090619
0.1091
0.079954
0.14177
0.17961
0.86734
0.16973
0.67594
1.2241
1.3498
0.91724
0.10981
0.92311
0.24325
1.1945
0.5605
0.32844
0.099865
0.35726
0.19423
0.078087
0.15465
0.10873
0.074682
0.073588
0.26973
0.35687
0.12082
0.37379
0.1585
0.32932
1.0983
0.22267
0.47652
0.20356
0.17247
0.15064
0.2452
0.18218
0.98369
0.070833
0.11231
0.73728
0.45554
0.39599
0.10779
0.23344
0.4124
0.37638
0.40694
0.12725
0.99222
0.4159
0.31877
0.48376
0.59438
0.26879
0.3748
0.10683
0.1699
0.56787
0.20966
0.53573
0.85171
0.21534
0.64499
0.063832
0.38842
0.47817
0.31894
0.35058
0.11983
0.11361
0.098945
0.31921
0.084485
0.089483
0.44677
0.51368
0.22332
0.96131
0.40141
0.15154
0.89894
0.077386
0.1183
0.20411
0.12683
0.18429
1.088
0.091905
0.13367
0.1602
0.070777
0.47554
1.6557
0.18872
0.38204
0.11601
0.093932
0.27825
0.10268
0.41308
0.69586
0.56632
0.80559
1.1296
0.061191
0.24914
0.18452
0.81304
0.19637
0.69761
0.13658
0.61825
0.2215
0.70145
0.28701
0.635
0.16452
0.34526
0.14483
0.20498
1.2232
0.10476
0.18347
0.52118
0.754
0.09047
0.17282
0.3589
0.10909
0.086195
0.88183
0.14766
0.29332
0.57373
0.081197
0.97034
0.54548
0.54152
0.14386
0.4605
0.7671
0.42424
0.12861
0.07264
0.097301
0.19244
0.25814
0.20912
0.089667
1.0527
0.50064
1.1778
0.052956
0.31511
0.18724
0.13981
0.16437
1.2388
0.21206
0.1449
0.40006
0.24169
0.10109
0.20341
0.074524
0.58949
0.9479
0.12503
0.11461
0.53463
0.29605
0.075773
0.32452
0.18152
0.092738
0.40114
0.92534
0.33326
0.086815
1.1084
0.16777
0.17341
0.11101
0.13744
0.1544
0.18769
0.085632
0.12334
0.1747
0.52175
0.11385
0.54428
0.068785
0.17033
0.083295
0.88388
0.56269
1.1013
0.79065
1.0174
0.50878
0.95737
0.17337
0.1071
0.11839
0.40857
0.15514
1.1745
0.094309
0.091792
1.1783
0.083341
0.46854
0.14571
0.095708
1.0184
0.16346
0.53388
0.44014
0.91429
0.11902
1.009
1.2907
1.1806
0.12928
0.26682
0.12317
0.096999
0.23476
0.11101
0.17127
0.082494
0.49485
0.093478
0.4782
0.31448
0.14422
0.62938
1.45
1.2018
0.12825
0.22014
0.12927
0.32009
0.078364
1.137
0.35114
0.33712
0.18325
0.18508
0.077149
0.74692
1.4256
0.57834
0.25929
0.90274
0.12884
0.72242
0.16959
0.20927
0.54837
0.66596
1.0655
0.72214
0.19603
0.14604
0.50067
0.12386
0.11308
0.17372
0.37933
0.89336
0.48923
0.77606
0.22075
0.32911
0.52813
0.19063
0.13683
1.0207
0.81759
0.37482
0.48318
0.41119
0.09246
1.0565
0.15802
0.33052
0.1583
0.12607
0.47265
0.41626
0.92936
0.19333
0.13496
0.98685
0.20741
0.067988
0.1131
0.64745
0.13061
0.86804
0.53583
1.0996
0.71242
0.98848
0.070693
0.51201
0.16091
0.54517
0.61615
0.20739
1.1339
0.11718
0.85629
0.18583
0.67196
0.26604
0.72421
0.33345
1.6093
0.54612
0.070528
0.068897
1.0254
0.51537
0.83947
0.77037
1.0323
0.1057
0.18793
0.15091
0.1949
0.39742
0.1188
0.14776
0.16699
0.99705
0.34233
0.1312
0.084984
0.63666
0.55599
0.29724
0.095028
0.99298
0.25043
0.42479
0.70246
1.1128
0.1203
0.3303
0.12441
0.57064
1.2343
0.17212
0.38357
0.58507
0.67291
0.073232
0.22114
1.3045
0.38675
0.27611
0.19035
0.1078
0.11393
0.46671
0.19927
0.51299
0.082682
0.31034
0.36038
0.40643
0.88842
0.1697
0.82773
0.40117
0.30899
0.87003
0.71224
1.176
1.0428
0.28464
0.23174
0.2065
1.2382
0.33901
0.17172
0.65176
0.42212
0.97979
0.45772
0.099421
0.4247
0.27196
0.067588
1.0492
0.3155
0.13636
0.068783
0.23842
0.5548
0.13154
1.0876
0.20748
0.077436
0.13006
0.13732
0.14628
0.11088
0.45053
0.16158
0.11585
0.44563
0.08889
0.48889
0.11119
0.11965
1.0207
1.09
0.061032
0.19829
0.17115
0.09091
0.3228
0.49612
0.30834
1.0492
1.1688
0.11037
0.19606
0.093418
0.76372
0.12869
0.34755
0.31212
1.1574
0.12518
0.098936
0.11298
1.0601
0.54872
0.27733
0.31623
0.11008
0.1933
0.47984
0.51195
0.25386
0.090103
0.26495
0.10744
0.082723
0.072462
0.23441
0.16537
0.28307
0.09392
0.12374
0.46664
0.26302
0.1383
0.19492
0.83818
0.1278
1.1898
0.2436
0.11556
1.0416
0.63189
0.30817
0.25054
0.14605
0.66871
0.2165
1.1282
0.068545
0.3415
1.0334
0.49043
0.32952
0.53191
0.16116
0.24381
0.42898
0.32488
0.70047
0.29409
0.34462
0.20026
0.36659
0.35151
0.53474
0.31996
1.349
1.1596
0.73335
0.065178
0.23848
0.099684
0.3694
0.25341
0.53311
0.10407
0.98099
1.2615
0.92437
0.27099
0.40091
0.53616
0.11448
0.63935
0.46242
0.14132
0.55777
1.1601
1.1008
0.31982
0.371
0.088132
0.56609
0.85412
0.17289
0.30719
0.60868
0.18966
0.39405
0.66735
1.1583
1.0755
0.46044
0.31595
1.0419
1.4226
0.08568
0.95437
0.074719
0.098593
0.17713
0.099045
0.59289
0.090321
0.40349
0.099186
0.21787
0.25016
0.14664
0.17199
0.30113
0.36188
0.19819
0.61334
0.22876
0.28672
1.0641
0.26376
0.41562
0.072583
0.38922
1.0927
0.22117
0.11429
0.15695
0.42784
1.1833
0.13631
0.092371
0.13665
0.22214
0.20561
0.38068
0.40202
0.10406
0.91875
0.62453
0.26303
0.28985
0.31349
0.41943
0.31228
0.14477
0.13829
0.38956
0.14113
1.0419
0.34371
0.24699
0.11307
0.13226
0.15516
0.28717
0.20154
0.14656
0.063277
0.78055
0.14095
0.21375
0.9191
0.45819
0.24511
0.27359
0.088294
0.39305
0.50725
0.22068
0.10826
0.37914
0.18804
0.1056
0.30359
0.20263
0.081303
0.26449
0.79174
0.3137
0.4177
0.95396
0.29806
0.73416
0.088761
1.4468
0.26749
1.1552
0.38812
0.28955
0.1061
0.18685
0.44829
0.19275
0.24356
0.27102
0.49534
0.24608
0.21175
1.0517
0.09514
1.4184
0.14143
0.14445
0.36728
0.30939
0.81691
0.32144
0.58215
0.28789
0.86163
0.27848
0.63637
0.37297
0.52295
0.23078
0.73445
0.12566
1.6956
0.50716
0.58875
0.87868
0.61758
0.40129
0.58441
0.081941
0.29027
0.87152
0.22086
0.11481
1.0082
0.25188
1.163
0.60384
1.0227
0.52599
0.14795
0.58894
0.66537
1.1453
0.24866
0.85106
0.6046
0.56569
0.087706
0.97959
0.13053
1.476
1.2503
0.62737
0.20633
0.1784
0.10957
0.51196
0.10147
0.076001
0.46171
0.84737
0.11678
0.21758
0.32252
1.3081
1.349
1.1772
0.096542
0.085138
0.14294
0.14876
0.96977
0.13336
0.081567
1.1375
0.099082
0.19994
0.090967
0.76903
0.90033
0.091858
1.2576
1.0988
0.78136
0.10026
0.41676
1.0173
1.0329
0.21639
0.37797
0.37493
0.11618
0.19301
0.20558
1.5143
0.61268
0.088717
0.15405
0.13279
0.81793
0.99699
0.29459
1.2065
0.40936
0.79377
0.20798
0.16989
0.21503
0.34684
0.97917
0.22736
0.079111
1.0348
0.817
0.42395
1.0357
0.96927
0.26525
0.9339
0.15156
0.15111
0.99996
0.11061
0.1633
1.1452
0.32851
0.13348
0.20396
0.22534
1.0293
0.2708
0.63
0.22567
0.64874
0.17281
0.56393
1.594
1.2125
0.2075
0.48017
0.2598
0.48955
0.12533
0.30103
0.14105
0.45201
0.89124
0.22184
0.34635
0.46006
0.11905
0.37555
0.13651
0.61884
0.65987
0.49823
0.1486
0.71626
0.37061
0.10223
0.095278
0.38656
0.10029
0.2813
0.12411
1.4108
0.1313
1.0808
0.51279
0.12918
0.77218
0.11223
1.2274
0.95709
0.11304
1.0612
0.16642
0.94737
0.12582
0.21792
0.16405
0.21885
0.11295
0.12987
0.83293
0.28981
0.10377
0.093486
0.3798
0.13928
0.2729
0.85721
0.098712
0.096877
0.91213
0.69638
0.0879
1.1155
0.14529
0.10705
0.13994
0.15454
1.1242
0.31179
0.43691
1.0316
0.056178
0.96798
0.10488
0.10551
1.0851
0.43776
0.16077
0.15858
0.35447
0.12585
0.097889
0.47184
0.31746
1.201
0.11978
0.097133
0.63925
0.24265
0.096633
0.30894
0.15125
0.95044
0.19376
1.296
0.7711
0.59888
1.2236
0.1572
0.34638
0.10598
0.68876
0.84663
1.0032
0.56112
1.117
0.29142
0.31538
0.13815
0.079544
0.59687
1.2801
0.15727
0.13524
0.074109
0.084692
0.48384
0.10038
0.96266
0.10942
0.092253
0.13368
0.076616
0.11062
0.32873
0.21509
0.21396
0.077688
1.1143
1.2969
0.25402
0.23108
0.11016
0.52808
0.10957
1.152
0.17191
0.074074
0.62982
0.097999
0.093019
0.10959
0.83619
0.092261
0.69557
0.82789
1.1024
0.16671
0.19089
0.076999
0.44987
0.11162
0.15155
0.93455
0.2821
0.094292
0.19747
0.52295
0.1823
0.23295
0.1291
0.47055
0.43643
0.09344
0.096013
0.26802
1.6045
0.22129
0.078801
0.1378
1.0057
0.20638
0.11416
0.44254
0.53249
0.094755
0.50495
0.31323
0.12449
0.55809
0.98379
0.11566
0.10834
0.19644
0.3496
0.28661
0.66342
0.99826
0.11829
0.099446
1.2045
0.62202
0.22394
0.28533
0.20731
0.21475
0.80707
1.2637
0.75432
0.41251
0.30758
0.54066
1.4465
0.13393
0.51265
1.2178
0.32461
0.35424
0.090679
0.62105
0.13772
1.274
0.26912
0.21298
0.80828
0.12824
0.43491
1.4282
0.10055
0.89304
0.74484
0.24175
0.80304
1.0981
0.33191
0.12421
0.3526
0.48206
1.1387
0.52661
0.12972
0.5961
0.81876
0.46561
0.51542
0.88233
0.14423
1.1023
0.55642
0.88572
1.0125
0.092815
0.39709
1.2157
0.1527
0.10566
0.29958
0.40848
0.92045
0.1906
0.36066
0.17121
0.73493
1.5045
0.25872
0.14938
0.51359
0.1091
0.46026
0.77746
0.27062
0.65754
0.099383
0.1834
0.078539
0.091789
1.1961
1.3373
1.3057
0.12824
0.19835
0.61034
0.12786
0.13016
0.090101
0.30841
0.95635
0.35329
0.087789
1.0346
0.0848
0.40053
0.088915
0.22535
0.076352
1.0621
0.13192
0.36359
0.070703
0.3166
0.74031
0.93647
0.43573
0.25102
1.413
0.91927
0.69278
0.16439
0.46419
0.11308
0.84009
0.2445
0.24251
0.12167
0.62563
0.10793
0.10036
0.61808
0.16697
0.34686
0.087591
0.13843
0.97061
0.74614
0.14209
0.081303
0.093141
0.16903
0.14409
0.27951
0.072838
0.26259
0.45835
0.301
0.21879
0.76341
0.095817
1.3413
1.3894
0.39498
0.73124
0.64947
0.20996
0.33768
0.69693
0.34043
0.25774
0.22723
0.098479
0.1588
1.6715
0.29304
0.60002
0.083657
1.0241
0.12888
0.19504
0.2179
0.15744
0.64199
0.24406
0.11218
0.22255
0.12505
0.23246
0.15298
0.10663
0.16688
0.48714
0.20506
1.0803
0.34643
0.50853
1.4579
0.30816
0.12472
1.2219
0.50597
0.64655
0.29803
0.14407
0.16614
0.36915
0.41802
0.82093
0.095592
0.39675
0.187
0.23451
1.2535
0.27587
0.57455
1.0776
0.29255
0.39339
0.45365
0.34032
0.65385
1.0018
0.32628
0.14444
0.14496
0.69939
1.0589
0.51442
0.28345
0.12581
0.23193
0.21427
0.11772
0.092365
0.10946
1.0217
1.1674
0.21938
0.19444
0.52281
0.44536
1.3214
0.15445
0.091645
0.67958
0.67125
1.1766
0.55052
0.75667
0.42661
0.73179
1.4383
0.14591
0.96593
0.16686
0.52734
0.3933
0.18838
0.24902
0.44748
0.076141
0.10354
0.76032
0.56158
0.2887
0.33374
0.85786
0.30482
0.64812
0.34199
0.092643
0.42758
0.20815
0.96301
0.31029
0.74502
0.73212
0.096357
1.2258
0.25293
0.089028
0.39468
0.13753
0.12178
0.085588
0.27101
1.2007
0.52785
0.35491
0.28878
0.11394
0.21635
0.21516
0.13206
0.85428
0.35518
0.18252
0.17011
1.1439
0.37452
0.25096
0.061814
0.21141
0.12762
0.092414
0.88227
0.099865
0.1672
0.66128
0.14235
0.12892
0.082959
0.50935
0.17776
0.82785
0.14684
0.90451
0.28479
0.11522
1.1857
0.16787
0.83624
1.2555
0.073608
0.14643
0.10921
0.13474
0.17312
0.93381
0.21226
1.2034
0.94703
0.73066
0.19065
0.41988
0.44817
0.12304
0.97501
0.20018
0.25094
0.57412
0.092088
0.087618
0.30293
0.099354
0.11859
0.6895
0.077453
0.18506
1.189
0.089452
0.17965
0.093398
0.46239
0.90551
0.20513
0.65603
0.15754
0.12875
0.41343
0.23571
0.22487
0.28841
0.87012
0.094494
0.63199
0.42918
0.12677
0.19904
0.85588
0.3368
0.22832
0.87702
1.0763
0.15383
0.92357
0.61635
0.26487
0.59492
0.34266
0.17794
1.0363
0.19047
0.18994
0.10401
0.12122
0.2017
1.599
0.44886
0.29701
0.81351
0.08144
0.11921
0.19967
0.46273
0.35208
1.0083
0.23541
0.21587
0.12546
0.08888
0.36119
0.76928
0.09114
0.21545
0.12246
0.11397
0.63798
0.16856
0.082785
1.1514
1.035
0.10366
0.18103
0.12382
0.099424
0.69108
0.61365
0.085641
1.0806
0.1986
0.085112
0.41658
0.10109
0.21106
0.31455
1.1514
0.14828
0.29347
0.40873
1.0953
0.10485
0.16189
0.068271
0.26038
0.30088
0.61206
0.085748
0.33464
0.27099
0.54345
0.10059
0.59345
0.35955
0.12938
0.060982
0.12041
0.13152
1.1073
0.24003
0.50491
0.079292
0.20735
0.87733
0.10279
0.26425
0.73145
0.072349
0.2128
0.14391
0.31443
0.26679
0.089846
0.072068
0.13165
0.92704
0.21232
0.14524
1.073
0.59349
0.1074
0.08912
0.087221
0.51349
0.22963
0.23974
0.2142
1.095
0.14455
0.15937
0.2115
0.39121
0.43558
0.17823
0.69355
0.92869
0.24346
0.24303
1.1191
0.76205
0.084055
0.15802
0.88692
1.0938
0.16456
0.17793
0.088122
0.15046
0.30652
0.079115
1.1569
0.71098
0.070179
0.16237
0.1417
0.16994
0.65511
0.75189
0.14553
0.072396
0.20017
0.12014
0.087795
0.22223
0.091886
0.84244
0.15697
0.71347
0.16294
1.1538
0.21671
0.23661
0.35149
0.8566
0.18078
0.28231
1.1916
0.25458
0.44623
0.13652
0.20661
0.33835
0.16486
0.26705
0.36518
0.12007
0.19544
1.1267
0.8775
0.67183
0.06561
0.07979
0.085334
0.4674
0.13232
0.58418
0.23822
0.10917
0.09755
0.069874
0.61877
0.1482
0.21874
0.89791
0.26783
0.19314
0.24525
1.1183
0.11912
0.46769
0.24419
0.10674
0.14766
0.068348
0.27636
0.23804
0.11963
0.32082
0.35104
0.25153
0.49434
0.57727
0.17646
1.4487
0.090648
0.19099
0.15725
0.50171
0.46701
0.1485
0.22697
0.1151
0.18171
0.20465
0.12537
0.24575
0.12868
0.11278
0.10469
0.15488
0.19195
0.27497
0.42425
0.60407
0.085675
0.11303
0.12626
0.23469
0.16111
1.5242
0.068594
0.1091
1.0834
0.94468
0.54365
0.50604
0.099087
0.094003
0.29149
0.56005
0.55791
0.43222
0.65242
0.77992
0.19107
1.0073
0.13468
0.13461
1.001
0.40805
0.5195
1.173
1.1862
1.0024
0.72902
0.21112
0.1805
0.33355
1.1293
1.6847
0.46685
0.31519
0.61715
0.10381
0.4383
0.33036
0.12075
0.3082
0.076494
0.19742
0.54249
0.075405
0.5569
0.099006
0.12946
0.8363
0.29691
0.087685
0.53015
1.0008
0.1892
0.10563
0.23526
0.81998
0.27676
0.098062
0.29743
0.73947
0.94795
0.12241
0.13776
0.63185
0.41378
0.23112
0.26363
0.090032
0.35353
0.10924
0.54426
0.70896
0.081016
0.15395
0.32802
0.12241
1.4597
0.64173
0.81447
0.085394
1.2393
0.54512
0.071248
0.16036
0.15729
0.13112
0.31669
0.42933
0.31204
0.8945
0.11
0.4484
0.23999
0.57033
0.089246
0.29594
0.88562
1.2095
0.2968
0.074812
0.65832
0.14407
0.21598
0.15335
0.086597
0.21612
0.34098
0.188
0.29007
1.3183
1.095
1.1303
0.3269
0.41116
0.37704
0.17265
0.10814
0.14496
0.10295
0.077188
0.10768
0.093082
0.1033
0.7334
0.33323
0.29069
0.18518
0.089897
0.2134
0.40612
0.94953
0.32665
0.56953
0.36142
0.073507
0.64726
0.1717
0.18173
1.079
0.15205
0.074609
1.1198
0.23998
0.65407
0.087284
0.21481
0.61231
0.10564
0.086489
0.93578
1.1647
0.18516
0.11059
0.13463
0.10325
0.42327
0.58456
0.39532
0.20042
0.45821
0.17698
0.084689
0.24448
0.11285
0.094745
0.44526
1.4214
0.82426
0.085959
0.28841
0.1742
0.11876
0.24336
1.0896
0.82973
0.10843
0.42622
0.098402
0.17263
0.31071
0.5473
0.58578
1.4219
0.67711
0.82306
1.17
0.23675
0.16366
0.15398
0.3944
1.2456
0.55568
1.1364
0.13549
0.087803
0.21537
1.281
0.089142
0.37112
0.20172
0.15465
0.1897
0.15242
0.27163
0.20676
1.2519
0.23633
0.726
1.1861
0.36976
0.14848
1.1597
0.13545
0.11075
0.083911
0.15234
0.1678
0.14197
0.30832
1.0982
1.5156
0.18599
0.22722
1.4173
0.49787
0.85661
0.13405
0.099606
0.16762
0.294
0.61167
0.30433
0.11699
0.23164
0.19809
0.15233
0.1768
1.0632
1.4037
0.086401
0.24137
0.35647
0.08651
0.31754
0.094227
0.34536
0.80947
0.29534
0.31428
0.1989
1.0937
0.38499
1.1045
0.34544
0.717
0.16314
0.76004
0.2723
0.16738
0.067221
0.15106
0.1072
0.32512
0.93208
0.21342
1.0269
0.47769
0.078499
0.41866
0.84109
0.47559
0.10509
0.27833
0.42785
0.67517
0.36503
0.10196
0.14922
0.74466
0.62078
0.33104
0.30785
0.090875
0.3409
0.72027
0.71239
0.090471
0.079425
0.53361
0.12874
0.25814
0.42058
0.17189
0.47586
0.24791
0.64168
0.27126
0.30755
1.0964
0.066746
0.26768
0.17979
0.21683
0.16722
0.44255
0.79302
0.17647
0.58191
0.52035
0.11633
0.31029
0.085814
0.11403
0.1923
0.60475
0.24802
0.26572
0.82536
0.39825
0.24204
0.31035
0.12141
0.11758
0.3715
0.099764
0.20539
0.11205
0.13584
0.33456
0.25535
1.5909
0.30114
0.29113
0.12075
0.085448
0.10109
0.12593
0.59937
0.60944
0.094725
0.26325
0.07693
0.59056
0.11967
0.10777
0.2308
0.28611
0.74216
0.55221
0.45914
0.10269
0.20592
1.2914
0.18321
0.23982
1.1008
1.0096
0.47827
0.10258
1.1673
0.20553
1.0327
0.090428
0.20873
0.1839
0.088758
0.1869
0.41005
0.81425
0.72539
0.13695
0.21988
0.19477
0.66401
0.29363
0.4129
0.21161
0.51756
0.31637
0.14232
0.16628
0.36353
0.27428
0.14538
0.15599
0.69313
0.57916
0.40271
0.078424
0.65029
0.14752
0.31376
0.54696
0.091322
0.29756
0.18154
0.147
1.2742
0.18851
0.34191
1.2973
0.63865
1.0649
0.12747
1.2413
0.34515
1.0994
0.2387
0.11356
0.44337
0.24134
0.068801
0.26806
0.14236
0.85366
0.15776
0.12108
1.323
0.29449
0.096676
0.98674
1.0815
0.12834
1.1144
0.28618
0.35153
0.71611
0.16377
0.19125
0.57708
0.19435
0.12668
0.68487
0.18498
0.13653
0.66964
0.69336
0.23559
1.064
0.074651
0.80068
0.090086
0.25046
0.1499
0.17438
0.24306
0.24403
1.159
1.0364
0.32269
0.41845
0.25515
0.11466
0.20229
0.13852
0.50257
0.11058
0.45041
0.18325
0.24443
0.1189
0.22976
0.61922
0.53261
0.18859
0.34027
0.25316
0.70469
0.42044
1.0887
0.17889
0.11936
0.32206
0.85821
0.25116
0.34313
0.26124
0.16791
0.13864
1.2647
0.84275
0.15462
0.3838
0.44967
0.10874
0.69264
0.4919
0.23211
0.24232
0.1559
0.16512
0.55651
0.10869
0.15077
1.0017
0.15438
0.36646
0.16107
0.12653
0.37211
0.11432
0.38083
0.39059
1.2273
0.12838
0.44464
1.393
0.95516
0.48915
0.28899
0.47754
0.13651
0.24846
0.22046
1.1626
0.85006
0.088212
0.86016
0.15265
0.15842
1.1194
0.2225
1.1937
0.18038
0.35806
0.082184
0.1452
0.21187
0.13512
0.32897
0.51651
0.1466
0.17952
0.30432
0.85673
0.27779
0.96014
1.2015
0.12201
0.14362
0.39239
0.48397
0.31964
0.25421
0.14388
0.95315
0.46716
0.52481
0.3566
0.19178
0.11767
0.16505
1.3708
0.45473
0.7982
0.10147
0.57257
0.39022
0.097178
0.11187
0.23412
0.75546
0.11792
0.18598
0.098548
1.1148
0.61346
0.44912
0.16868
0.64319
0.18434
0.46488
0.11312
0.25535
0.42788
1.2114
0.70087
0.60307
0.9941
1.0227
0.47911
0.1969
1.2221
1.1391
0.24544
0.27542
0.42513
1.1642
1.0851
0.84703
0.54242
0.11726
0.29878
0.1476
0.27537
0.080219
0.28
0.13816
0.48475
0.090678
1.0388
0.1879
0.85706
0.2299
0.13604
0.48168
0.81507
0.68773
0.10944
1.0879
0.59125
0.25008
1.0877
0.46825
0.18751
0.40159
1.5229
0.12858
1.0639
0.12216
0.083131
0.15189
0.12882
0.2538
0.085792
0.19382
0.11111
0.13598
0.52449
0.25968
0.69856
0.099116
0.14765
0.58107
0.097116
0.11044
0.15855
0.11957
0.13058
0.22562
0.21427
0.11845
0.20711
1.1446
0.1331
0.064777
0.24019
1.5181
0.68444
0.91157
0.54759
0.14657
0.10754
1.0751
0.096152
0.99442
0.59147
1.133
0.16875
0.87559
0.40782
0.090156
0.58435
0.11162
0.076953
0.20065
0.085805
0.55082
0.5574
0.088884
0.13873
0.10289
1.1193
1.2161
0.26572
0.33814
0.53106
0.145
0.39556
1.2727
0.13156
1.1376
0.59909
0.75017
0.15216
0.13296
0.68779
0.1385
0.49824
0.1732
0.21896
0.16594
0.26925
0.13343
0.28326
0.35285
0.29921
0.21698
0.10258
0.78231
0.56446
0.35051
0.26148
0.11919
0.23552
0.21012
0.15092
0.45958
0.48566
0.21349
0.32943
0.97899
0.091619
0.33573
0.21068
0.30129
0.21897
1.0266
0.092626
0.74877
0.15621
0.19884
0.20781
0.29494
0.94136
0.87676
1.0836
1.155
0.10401
0.79599
0.23313
0.13327
0.13157
0.1319
1.1972
0.084194
0.79107
0.61306
0.086033
0.35528
0.16691
0.13851
0.096538
0.26344
1.2311
0.15623
0.77643
0.32934
0.10614
0.23887
0.42424
0.66098
0.13362
0.88605
0.30969
0.33055
0.17285
1.213
0.15862
0.50628
0.11298
1.1157
0.13802
0.19267
0.41888
0.079189
0.1296
0.071723
0.08164
0.43072
0.49359
0.083484
0.46547
0.22288
0.20826
1.4221
1.0412
0.18591
0.087432
0.28459
1.0788
0.20764
0.47524
0.10063
0.083891
0.26894
1.0688
0.11253
0.12695
0.83357
0.21886
0.54338
0.74432
0.11923
0.092713
0.063889
0.20087
0.24167
0.094188
0.22727
0.16719
0.092992
1.0531
0.50933
0.14239
0.13608
0.43631
1.3223
0.5389
0.14577
0.20315
0.72121
0.083701
0.22299
0.23034
0.42373
0.46483
0.084785
0.36055
0.67611
0.089142
0.27754
0.11133
0.14872
0.51686
0.2912
0.23554
0.6503
0.11984
0.8343
0.24572
0.961
0.34814
0.13793
0.25986
0.67288
0.85553
0.099674
0.26607
0.72249
0.50791
1.2833
0.7665
0.13915
0.75451
0.51923
0.34844
0.27414
0.36548
0.40749
0.075616
0.51681
0.50483
0.23801
0.14169
0.29623
0.50869
0.75621
0.16723
0.095861
0.2843
0.49203
0.30149
0.33087
0.96246
0.48056
0.1606
0.18706
0.36724
0.65709
0.10244
0.077793
0.14514
0.39105
0.17287
0.17515
0.18867
0.1001
0.17182
0.13432
0.62639
0.37066
0.12828
0.45879
1.0938
0.15046
1.2575
0.11152
0.58753
0.12447
0.10676
0.10507
0.96076
0.44775
0.90098
0.3706
0.15489
0.16871
0.10916
1.2651
0.18346
0.13143
0.77265
0.095252
0.15713
0.18347
0.086602
0.29475
0.12443
0.090436
0.44426
0.38572
0.39934
0.16389
1.3053
0.65948
1.156
0.36062
0.074421
0.62331
0.2105
0.15003
0.21855
0.09493
0.34157
0.35589
0.14666
0.54264
0.094936
0.11269
0.2737
1.2039
0.08797
0.42595
0.23582
0.18376
0.70331
0.36756
0.10057
0.23788
0.10549
0.32062
0.071856
0.55619
0.17796
0.67591
0.35564
0.079482
0.20516
0.60956
0.34086
0.10142
0.14522
0.1503
0.099403
0.52721
0.84047
0.1039
0.58703
0.23927
1.0716
0.96354
0.56733
0.68959
0.72616
0.63046
0.23638
1.2122
1.2421
0.15089
0.71972
0.23953
0.69624
0.15141
0.78026
0.37603
1.0382
0.64719
0.29845
0.22903
0.4007
0.66624
0.14826
0.93086
0.2469
0.27267
0.21665
0.62974
0.8087
0.90486
0.18823
0.27023
0.94271
0.47896
1.1188
0.11609
0.27417
0.29562
0.76618
0.12677
0.36726
0.1185
1.1451
0.1791
0.085379
0.67489
0.26628
0.080975
0.30808
0.25157
0.92925
0.39794
0.67156
0.16926
0.10164
0.10763
0.30652
0.34138
0.29668
0.10355
0.26433
0.30468
0.11055
0.27819
0.19531
0.27781
0.26988
1.6857
0.46124
0.098059
1.149
0.33279
0.20671
0.68299
0.59819
0.52218
0.086759
0.15166
0.91981
0.068613
0.1668
0.089348
0.91179
1.3003
0.59426
1.2053
0.15861
0.30449
0.24578
0.087832
0.12356
0.26142
0.87658
0.84142
0.26534
0.15498
1.2497
0.70941
0.18823
0.22522
0.10497
0.23844
0.81588
0.42581
0.20137
0.41532
1.1264
0.13769
1.063
1.0275
0.91204
0.79037
0.32941
0.20315
1.0035
0.77678
0.85304
0.24513
0.26856
0.35935
0.12285
0.66404
0.43711
0.15048
0.25939
1.1292
0.23761
0.50965
0.42003
0.15341
0.31057
0.11356
0.13786
0.73998
0.081369
0.11829
0.51288
0.13819
0.12778
0.26011
0.23137
0.56927
0.13063
1.0479
0.31285
0.36519
0.27892
0.22334
0.098672
1.0259
0.26504
0.623
0.11167
0.351
0.46384
1.576
0.39127
0.16653
0.6093
0.23814
0.78196
0.11628
0.89981
0.24226
0.15468
0.71794
0.12334
0.17313
1.1142
0.21637
1.0531
0.1749
0.26112
0.13698
0.0873
0.80988
0.12566
0.34412
0.17151
0.81845
1.2313
0.24373
1.1864
0.90716
0.11425
0.94969
0.3657
0.32937
0.14854
0.13182
0.33689
0.34792
0.092617
0.41689
0.71836
0.76207
0.21559
0.13885
0.62145
1.0497
0.42839
0.80841
0.49047
0.78743
0.64217
1.1024
0.081939
0.6703
0.97492
0.91767
1.0264
0.53514
1.0719
0.090619
0.1091
0.079954
0.14177
0.17961
0.86734
0.16973
0.67594
1.2241
1.3498
0.91724
0.10981
0.92311
0.24325
1.1945
0.5605
0.32844
0.099865
0.35726
0.19423
0.078087
0.15465
0.10873
0.074682
0.073588
0.26973
0.35687
0.12082
0.37379
0.1585
0.32932
1.0983
0.22267
0.47652
0.20356
0.17247
0.15064
0.2452
0.18218
0.98369
0.070833
0.11231
0.73728
0.45554
0.39599
0.10779
0.23344
0.4124
0.37638
0.40694
0.12725
0.99222
0.4159
0.31877
0.48376
0.59438
0.26879
0.3748
0.10683
0.1699
0.56787
0.20966
0.53573
0.85171
0.21534
0.64499
0.063832
0.38842
0.47817
0.31894
0.35058
0.11983
0.11361
0.098945
0.31921
0.084485
0.089483
0.44677
0.51368
0.22332
0.96131
0.40141
0.15154
0.89894
0.077386
0.1183
0.20411
0.12683
0.18429
1.088
0.091905
0.13367
0.1602
0.070777
0.47554
1.6557
0.18872
0.38204
0.11601
0.093932
0.27825
0.10268
0.41308
0.69586
0.56632
0.80559
1.1296
0.061191
0.24914
0.18452
0.81304
0.19637
0.69761
0.13658
0.61825
0.2215
0.70145
0.28701
0.635
0.16452
0.34526
0.14483
0.20498
1.2232
0.10476
0.18347
0.52118
0.754
0.09047
0.17282
0.3589
0.10909
0.086195
0.88183
0.14766
0.29332
0.57373
0.081197
0.97034
0.54548
0.54152
0.14386
0.4605
0.7671
0.42424
0.12861
0.07264
0.097301
0.19244
0.25814
0.20912
0.089667
1.0527
0.50064
1.1778
0.052956
0.31511
0.18724
0.13981
0.16437
1.2388
0.21206
0.1449
0.40006
0.24169
0.10109
0.20341
0.074524
0.58949
0.9479
0.12503
0.11461
0.53463
0.29605
0.075773
0.32452
0.18152
0.092738
0.40114
0.92534
0.33326
0.086815
1.1084
0.16777
0.17341
0.11101
0.13744
0.1544
0.18769
0.085632
0.12334
0.1747
0.52175
0.11385
0.54428
0.068785
0.17033
0.083295
0.88388
0.56269
1.1013
0.79065
1.0174
0.50878
0.95737
0.17337
0.1071
0.11839
0.40857
0.15514
1.1745
0.094309
0.091792
1.1783
0.083341
0.46854
0.14571
0.095708
1.0184
0.16346
0.53388
0.44014
0.91429
0.11902
1.009
1.2907
1.1806
0.12928
0.26682
0.12317
0.096999
0.23476
0.11101
0.17127
0.082494
0.49485
0.093478
0.4782
0.31448
0.14422
0.62938
1.45
1.2018
0.12825
0.22014
0.12927
0.32009
0.078364
1.137
0.35114
0.33712
0.18325
0.18508
0.077149
0.74692
1.4256
0.57834
0.25929
0.90274
0.12884
0.72242
0.16959
0.20927
0.54837
0.66596
1.0655
0.72214
0.19603
0.14604
0.50067
0.12386
0.11308
0.17372
0.37933
0.89336
0.48923
0.77606
0.22075
0.32911
0.52813
0.19063
0.13683
1.0207
0.81759
0.37482
0.48318
0.41119
0.09246
1.0565
0.15802
0.33052
0.1583
0.12607
0.47265
0.41626
0.92936
0.19333
0.13496
0.98685
0.20741
0.067988
0.1131
0.64745
0.13061
0.86804
0.53583
1.0996
0.71242
0.98848
0.51229
0.26716
0.1298
0.3664
0.23954
0.13094
0.63782
0.72638
0.48635
0.10736
1.1476
0.90762
0.21762
0.28528
0.11264
0.16675
1.2272
0.5455
0.46622
0.51537
0.28584
0.37741
1.0323
0.42905
0.49299
0.45837
0.1949
0.8268
0.1188
0.45524
0.3833
0.4591
1.3277
0.13934
0.14911
0.10928
0.11617
0.47492
0.90575
0.61397
0.62297
0.20773
0.073671
0.11934
0.23664
0.25656
1.0244
0.57064
0.15272
0.076513
0.16842
1.2828
0.67291
0.073232
0.22114
0.11149
1.1377
0.57535
0.12974
0.37459
0.11381
0.11245
1.2253
0.51299
0.11896
0.59381
0.36038
0.1324
0.14365
0.11154
0.082709
0.074726
0.2299
0.39213
0.61127
1.6777
0.53657
0.28797
0.69651
0.13274
0.095296
0.45568
0.14822
1.0287
0.10407
0.97979
1.1298
0.79864
0.82706
0.25916
0.61444
0.45443
0.3155
0.15256
0.095148
0.13252
0.1392
0.13408
0.38668
0.79251
0.31073
0.94909
0.70064
0.6268
0.41426
0.45053
1.0948
1.1559
0.24521
0.1099
0.11915
0.16146
0.3411
0.97405
0.14704
0.13424
1.4024
0.32262
1.2127
0.94969
0.07236
0.080823
0.37837
0.56607
0.16145
0.17425
0.13117
1.5598
0.090894
0.10147
0.25726
0.40553
0.14465
0.077703
0.10348
0.13251
0.10767
0.18927
0.13158
0.092635
0.2126
0.12835
0.51195
0.58805
0.16506
0.88319
0.10744
0.34846
0.49909
0.23441
1.0899
0.28307
0.49554
0.22716
0.12621
0.15909
0.25577
0.08817
1.2418
0.22255
1.0075
0.21373
1.067
0.61961
0.42508
1.1151
1.0867
0.30465
0.24612
0.12601
0.3204
0.78628
0.19368
0.26095
0.32425
0.1905
0.53191
0.51544
0.46549
0.73299
0.1752
0.10468
0.7559
0.81479
0.71044
0.49606
0.35151
0.29449
0.09241
0.10386
0.34068
0.95331
0.33759
0.93957
0.18337
0.40531
0.68141
0.77474
0.24698
0.98099
1.1963
0.1825
0.1358
0.40091
0.096129
0.084056
0.20298
0.19169
0.5127
0.21273
0.60832
0.060542
1.022
1.0372
0.70937
0.10605
0.18806
1.2128
0.40999
0.14469
0.092629
0.25749
0.12146
0.20737
0.34776
1.1081
0.4343
1.2181
0.099836
0.48491
0.21159
0.39574
0.11796
0.17713
0.099045
0.59289
0.65039
0.078082
0.10741
0.09793
1.2074
0.2625
0.082806
0.068649
1.039
0.074726
1.1534
0.068596
0.5795
0.48226
0.37066
1.1133
0.15663
0.38922
0.5308
0.27988
0.38324
0.15695
0.072282
0.28781
0.59279
0.098625
0.2983
0.093772
0.45416
0.21346
0.162
0.12365
0.30626
0.066866
0.34153
0.070748
0.31349
0.10926
0.54262
0.44289
0.25781
0.87887
0.12802
0.17718
0.12219
0.24699
0.40949
0.13226
0.15516
0.1188
0.47018
0.56547
0.18312
0.11257
0.37389
0.17168
0.67835
0.45819
0.13156
0.57467
0.20671
0.39305
0.60782
0.12251
0.074847
1.1518
0.086168
0.12223
0.46129
0.52863
0.47614
0.56479
1.1888
0.071106
0.67924
0.24316
0.128
0.10345
0.20044
0.5769
1.1334
0.12262
0.8117
0.41942
1.2954
0.29562
0.44829
0.082515
0.24356
0.19787
0.49534
0.074411
0.17504
0.077049
0.09514
0.13917
0.12423
1.6585
0.36728
0.85077
0.32156
0.89924
0.58215
0.28789
0.18324
0.21549
0.10325
0.79414
0.58725
0.4084
0.23038
0.19778
0.22022
1.453
0.61009
0.87868
0.86531
1.0284
0.084876
0.081941
0.11703
0.65518
0.069849
1.0712
1.0082
0.28136
0.79396
0.18075
0.1091
0.52599
0.093754
0.32953
0.35915
0.82141
0.15863
1.1889
1.343
1.1083
0.50684
0.24505
0.15305
0.1376
0.25661
0.85051
0.37953
0.1784
0.26488
0.12655
0.77957
0.38586
0.46171
0.49248
1.0098
1.1919
0.48983
0.087241
1.0378
0.32852
0.13886
0.087417
0.49829
0.11008
0.16273
0.75709
0.76247
0.24918
0.16497
0.11574
0.30977
0.26065
0.5928
0.091858
0.15785
0.96536
0.46987
0.23222
0.10111
0.98568
0.52296
0.078331
0.45914
0.37493
0.11618
0.3496
0.49121
0.34161
0.32597
0.20635
0.52907
0.58439
0.10291
0.99699
1.6983
1.3888
1.0673
0.61497
0.93222
1.3037
0.9407
0.34684
0.97917
0.35085
0.19548
0.18765
0.58002
1.164
1.0357
0.62605
0.34348
0.097762
0.095448
0.097656
1.2518
0.37927
0.80734
0.071772
1.1475
0.17612
0.38354
0.090277
0.13872
0.28735
0.14441
0.22567
0.75828
0.14735
0.067042
0.20198
0.24028
0.2057
0.48017
0.18408
0.86036
0.10782
0.30103
0.6458
0.45201
0.27854
0.22184
0.27349
0.10573
0.11905
0.52131
0.41905
0.61884
0.056647
0.41539
0.15965
0.61331
0.37061
0.10223
0.18936
0.37395
0.61016
0.2813
0.1295
1.3981
0.082652
0.17249
0.51279
1.08
0.37664
0.24365
0.12234
0.95709
0.94305
0.22773
0.16642
0.31668
0.44772
0.10694
0.13585
0.11272
0.11295
0.19814
0.83293
0.23967
1.0128
0.093486
0.15371
0.13928
0.073512
0.85721
0.19273
0.25384
0.61123
0.70006
0.16296
0.28615
0.42844
0.10705
0.63171
0.15454
0.30207
0.090098
0.33016
0.19737
0.12462
0.54723
0.088497
0.08455
0.40375
0.56516
0.29401
0.29541
0.27613
0.54073
0.29383
0.39064
0.29104
0.21006
0.62354
1.3993
0.25223
0.41032
0.40309
0.87618
1.1972
1.0362
0.17928
0.97637
0.23271
0.44957
0.20777
0.10266
0.095041
0.16184
0.32211
0.25703
0.34495
0.46492
0.24529
0.14386
0.13768
0.14345
0.65766
0.44059
0.26871
0.15727
0.51697
0.11159
0.10414
0.44933
0.63839
0.96266
0.10701
0.67876
1.0735
0.16307
0.098832
0.53391
0.12303
0.27271
0.077688
0.42184
1.13
0.22135
0.59249
0.14459
0.11703
1.1459
0.090373
0.30673
0.074074
0.65873
0.078817
1.0951
0.16873
0.83619
0.68956
0.13372
0.16706
0.55413
0.3785
0.19089
0.18307
0.10134
0.1184
0.17898
0.54759
0.2821
0.094292
0.19747
0.098734
1.1314
1.1957
0.13685
0.33906
0.89631
0.14543
0.58672
1.0865
0.88914
0.58324
1.0909
0.20465
0.62366
0.14821
0.079701
0.53566
1.1504
0.30609
1.0649
0.86359
0.2008
0.12046
0.52163
0.11566
0.18328
0.19644
0.12739
0.083391
0.11558
0.55957
0.22479
0.53353
1.2045
0.10374
0.85324
0.18673
0.21482
1.1366
0.083896
0.32739
0.12567
0.15728
0.16857
0.11881
0.20303
0.19709
0.38737
0.16571
0.097797
0.14426
0.61459
0.11732
1.0435
0.090212
0.29176
0.10345
0.80828
0.22356
0.43491
0.10597
0.10055
0.081393
0.13713
1.0755
1.1314
1.2851
0.11974
0.1031
1.0549
0.094993
0.12998
0.081634
0.75491
0.18623
0.070503
0.31505
0.23169
0.88233
0.25141
0.063726
0.55642
0.89632
0.25928
0.77846
0.096913
0.48075
0.11523
0.10566
1.1129
0.10667
0.92045
0.27484
1.091
0.37555
0.61045
0.33815
0.34745
0.23008
0.51321
0.90648
0.95865
1.1579
0.58133
0.62084
0.14234
0.57537
1.1446
0.84186
0.4502
0.083066
0.52174
0.19697
1.1683
0.20918
0.12786
0.13016
0.090101
0.096124
0.23241
0.085446
0.41746
0.21033
0.56433
0.78256
0.50556
0.075368
1.0631
0.28281
0.845
0.36359
0.070703
0.29794
0.61606
0.11957
0.11875
0.42355
0.18233
0.19638
0.23985
0.1187
0.46419
0.25239
0.11258
0.25447
0.32258
1.1504
1.0042
0.60959
0.080593
0.12427
1.1966
1.1072
1.0869
0.49005
1.2111
0.74614
0.13149
0.28649
0.18989
0.24423
0.86004
0.27215
0.10354
0.15034
0.11807
0.10294
0.96462
0.10934
0.50808
0.31067
0.13144
0.52547
0.33198
0.60036
0.06553
0.62497
0.27324
0.12629
0.1825
0.47922
0.22016
0.19528
0.14617
0.13023
0.55672
0.12841
0.33214
0.90116
0.39181
0.073982
0.1941
0.33243
0.11988
0.13383
0.28439
1.0403
0.39631
0.10052
0.47328
0.46318
0.098781
0.20506
0.23538
0.25118
0.65148
0.74124
1.4528
0.10773
0.10744
0.11413
0.15266
0.28877
0.24662
0.12522
0.10366
0.35124
0.11385
0.095592
0.57549
0.70438
0.16105
0.87743
0.73308
0.7083
0.37791
1.252
0.51007
0.095697
0.066678
0.14065
1.0959
0.070865
0.35099
0.37439
0.57778
0.21426
0.17242
0.10735
0.30232
0.081083
0.35547
0.11772
0.092365
0.13121
0.39978
0.084365
0.94181
0.23744
0.37894
0.10387
1.3214
0.17168
0.11604
0.2724
0.57274
0.49439
0.20806
0.32446
0.41825
0.64421
0.073265
0.99651
0.96593
0.30181
0.79123
0.1094
1.3402
0.099305
0.31299
0.4024
0.13558
0.084678
0.46722
0.27248
0.21342
0.88382
0.40803
0.50465
0.19728
0.86637
0.21426
0.082221
0.934
0.31029
0.47692
0.36245
0.37496
0.07768
0.53199
0.38276
0.39468
1.4381
0.65863
0.2034
0.16195
0.29997
0.32079
0.70359
0.15642
0.26046
0.17734
0.25422
0.13206
0.85428
0.35518
0.081516
0.22276
0.14267
0.24651
0.48301
0.08037
0.081637
0.89788
0.092414
0.097441
0.14549
0.19066
0.1888
0.17956
0.18305
1.1454
0.50935
0.43462
0.21082
0.14684
0.90451
0.28479
0.15835
1.4232
0.14627
0.83624
0.46313
0.52732
0.47228
0.25034
0.12607
0.44464
0.1045
0.61469
0.32373
0.66411
0.23039
0.1491
0.41988
0.44817
0.23027
0.92688
0.20018
0.15381
1.0751
0.4827
0.29504
1.0807
0.12473
0.12084
0.21142
0.29886
1.2052
0.13145
0.21094
0.76934
0.45865
0.2802
0.14485
0.20513
0.14707
0.28766
0.21747
0.41343
0.23571
0.34366
0.28841
0.15526
0.34153
0.22335
1.0725
0.11888
0.43138
0.20288
0.42276
0.98881
0.097755
0.41097
0.13046
0.43465
0.8033
0.36755
0.2358
0.84971
0.43355
0.49861
0.16008
0.32827
0.70539
0.11978
0.37448
0.54097
0.099234
0.57911
0.17679
0.079596
0.087051
0.11396
1.1646
0.35208
0.10186
0.38581
0.93569
1.5161
0.17837
0.36119
0.32616
0.084443
0.59755
0.24248
0.20165
0.87669
0.1384
0.082785
0.13931
1.0839
0.10366
0.71262
0.77175
0.10432
0.24498
0.20557
1.1977
1.1251
0.21133
0.085112
0.13518
0.61856
0.63018
1.2256
0.24587
0.44139
0.16432
0.40873
0.27806
0.79736
0.31989
0.97057
0.17604
0.1036
0.46986
0.44751
0.37297
1.0149
0.54345
0.50669
1.1802
0.064748
0.54174
0.40043
0.24373
0.30704
1.1073
0.089246
1.4227
0.63085
0.65147
0.28169
0.36202
0.084158
0.077621
1.2383
0.20016
0.098128
0.56932
0.69865
0.12747
0.61957
1.2853
0.89627
0.11692
0.14524
0.1171
0.59349
0.24471
0.26323
0.8282
0.65187
0.11593
0.18693
0.24313
1.095
1.5559
0.15937
0.085926
0.068364
0.14381
0.22106
0.059904
0.072199
0.085736
0.35978
1.0695
0.76205
0.34286
0.24724
0.18095
1.1977
0.17118
0.53589
0.12228
0.15046
0.15241
0.2168
1.0913
0.17896
0.087115
0.10906
0.1417
0.35534
0.23739
0.30779
0.63369
0.111
1.0612
0.88151
0.95225
1.0738
0.43767
1.0362
1.207
0.48396
1.1808
0.18546
0.54097
0.16548
1.3205
0.13849
0.16435
0.16534
0.34603
0.080404
0.69008
0.10269
0.29951
0.33835
0.1794
0.11637
0.50351
0.12007
0.12802
1.1267
0.30783
1.059
0.21394
0.087393
0.22384
0.4674
1.171
0.21836
0.59786
1.2272
0.32881
0.098453
0.87966
0.11666
0.15523
0.17878
0.24479
0.38265
0.085971
0.20649
0.10013
0.15712
0.14334
0.32699
0.99362
0.99526
1.2295
0.29522
0.14528
0.075045
0.098981
0.098525
0.49434
1.168
0.083945
0.15711
0.71398
0.21093
0.11176
0.50171
0.46701
0.628
0.23063
0.12374
1.029
0.21585
0.68804
0.15065
1.0678
0.89993
0.26587
0.59827
0.38917
0.255
0.15774
0.14176
0.12838
1.0871
0.12626
0.16387
1.2307
1.5242
0.80542
0.72148
1.0834
0.17817
0.54365
0.54765
0.11848
1.1282
1.3169
0.1747
0.066351
0.75844
0.20622
0.18416
0.93762
0.20475
0.39224
0.13461
0.237
0.16134
0.95751
0.88712
1.0492
0.078848
0.10182
0.99363
0.12544
0.52222
0.13122
0.75523
0.12138
0.30563
0.088405
0.90496
1.044
0.33036
0.30143
0.53208
0.16735
0.11742
0.34628
0.28283
0.34869
0.079826
0.077246
0.8363
0.3211
0.17883
0.53015
0.32469
1.0528
0.30379
0.17044
0.28373
0.17224
0.32124
0.16778
0.60326
0.59441
0.1187
0.086266
0.20532
0.41378
0.27597
0.071246
0.43984
1.2812
0.14812
0.067322
0.29536
1.1725
0.56591
0.31974
0.12241
0.14839
0.1199
1.172
0.4923
0.21237
0.54512
1.0848
0.45854
1.22
0.10022
1.0372
0.17098
0.1117
0.84416
0.11
0.17552
0.47734
0.70007
0.49664
0.29594
0.11815
0.70655
0.11075
0.58053
1.4148
0.11023
0.51426
0.15761
1.154
0.79206
0.34098
1.0749
0.16966
0.089878
1.0163
0.89375
0.11734
0.41116
0.45065
0.4815
0.077679
0.65187
0.25591
0.26561
0.12975
0.76666
0.10284
0.083642
0.3404
0.064992
0.098537
0.34774
0.19742
0.27315
0.96199
0.55941
0.1573
0.084163
0.073507
0.26076
0.3127
0.43864
0.15491
1.273
0.14744
0.089265
0.57768
0.17371
0.7935
0.14359
0.25203
0.067816
0.16322
0.89555
0.87211
0.063456
0.052877
0.71743
0.73367
0.5551
0.4914
0.89541
0.20676
1.1444
0.17698
0.084689
0.4024
0.11285
1.1602
1.0619
1.4214
0.29625
0.18935
0.63933
0.22945
0.079657
0.25125
0.10256
0.41405
0.11057
0.24564
1.7376
0.24246
0.13316
0.31613
0.95451
0.16672
0.13463
1.2332
0.20623
0.81619
0.43606
0.090693
0.47263
0.89956
0.61489
1.1364
0.69637
0.15458
0.21537
0.19843
0.29323
0.37112
0.44785
0.13834
0.44038
0.16072
1.0345
0.7329
0.7665
0.23144
0.18014
1.1861
0.32859
0.24931
0.14714
0.13545
0.09396
0.31621
0.27386
0.12842
0.089048
0.084839
0.2454
1.5156
0.11856
0.34102
0.50962
0.25286
0.099245
0.080338
0.3586
0.16762
0.3791
1.0046
0.10656
0.09793
0.067391
0.124
0.10037
0.098026
0.58067
0.58753
0.24063
0.16739
0.52441
0.76764
0.31754
0.094227
0.11064
0.80947
0.10153
0.091633
0.78192
0.24081
0.29878
0.79945
0.34544
0.717
0.66526
0.21194
1.1397
0.15799
0.36848
0.11273
0.33382
0.35823
0.94203
0.064919
0.33544
0.47769
0.23523
0.936
0.18098
0.066371
0.34504
0.17981
0.09368
0.20211
0.19858
0.43403
1.0841
0.2645
0.20135
0.3387
1.0309
0.06758
0.52153
0.21855
0.58331
0.38978
1.2646
0.079678
0.91729
0.095169
0.15315
0.13407
0.1127
0.17198
1.6246
0.1631
0.14478
0.11384
0.090234
0.12955
0.71011
0.3424
0.16208
0.14178
0.12721
1.2414
0.2466
1.1696
0.94736
0.96927
0.22527
0.57925
1.2389
0.23052
1.2804
0.44983
0.71014
0.39825
0.3218
0.17817
0.20502
0.98066
0.089182
0.24302
1.0825
0.1626
0.075834
0.21973
1.1364
0.30901
1.2067
0.26643
0.30214
0.10054
0.077647
0.12593
0.59937
1.066
0.21114
0.40448
0.6339
0.12646
0.077476
0.10777
0.16445
0.28611
0.14745
0.25572
0.54944
1.1531
0.20592
0.079135
0.11754
0.41968
0.11804
1.0096
0.47827
0.20302
1.1673
0.22775
1.0327
0.14833
0.39884
0.27469
0.82721
0.53269
1.5729
0.16288
0.12817
0.16828
0.19881
0.19477
0.81326
0.29363
0.28563
0.44774
0.11546
0.49894
0.14232
0.13958
0.31044
0.27428
0.38433
1.6542
0.69313
0.17008
0.27046
0.11821
0.62381
0.12419
0.32457
0.37049
1.325
1.081
1.0995
0.083734
0.30531
0.18851
0.30308
1.006
0.19636
0.10752
0.06687
0.16334
1.4767
1.422
0.2387
0.53611
0.20234
0.21246
0.068801
0.071366
0.13747
0.81994
0.10427
1.1704
1.1772
1.3059
0.21677
0.32809
0.58477
1.0402
0.37303
0.85137
0.35153
0.12127
1.3018
0.078966
1.739
0.30615
0.88958
0.88009
0.46538
0.068863
0.21583
1.0088
0.071555
0.2743
0.3815
0.61977
0.44021
0.093184
0.19107
1.2699
0.54013
0.45897
0.15744
0.2121
1.0548
0.22624
1.5246
0.50069
0.17103
0.53245
0.50257
0.083003
0.94419
0.97886
0.24443
0.10753
0.21285
0.61922
0.42025
1.0162
1.3017
0.38468
0.14329
1.1886
0.44636
0.17889
0.29111
0.3551
0.31703
1.6012
0.10018
0.48583
0.12123
0.61145
0.1151
0.18287
0.21197
0.62025
0.5379
0.14991
1.0187
0.16279
0.11448
0.40512
1.1893
0.1449
1.2626
0.75151
0.56202
1.2237
0.51927
0.50145
0.081186
0.14213
0.513
0.39116
0.28821
1.1496
1.2273
1.1184
0.44464
0.098268
0.10133
0.48915
0.28899
0.10767
0.5687
0.1583
0.10852
1.1626
0.45044
0.15992
0.21651
1.0004
0.26706
0.50116
0.27604
0.46063
0.11582
0.35806
0.69142
0.15163
0.12294
0.50383
0.072493
0.21557
0.35869
0.17952
0.13543
0.35459
0.27779
0.39281
0.46657
0.16242
0.13506
0.62569
0.48397
0.16657
0.59948
0.15122
0.17539
1.0992
0.52481
0.085491
1.1033
1.176
1.1665
1.2172
0.55823
0.7982
0.33826
0.13463
1.4386
0.078683
0.52031
0.7681
0.75546
0.10454
0.087448
0.098548
0.26113
0.61346
0.34864
0.16868
0.13562
1.0483
0.069299
0.30322
0.74216
0.33948
0.11571
0.70087
0.42755
0.091144
0.22063
0.47911
0.076416
0.49649
0.61639
1.2948
0.58219
0.42513
0.55906
0.13943
0.69976
0.11074
0.5354
0.19671
1.002
0.27537
0.11299
0.26781
1.1728
1.1201
0.18872
0.08936
0.36507
0.11531
0.18924
0.18842
0.48168
1.0931
0.090435
0.10944
0.38992
0.15853
1.112
0.20344
0.6064
0.8128
0.25369
1.5229
0.085496
1.0639
0.12216
0.88574
0.10977
0.14837
0.40769
0.085792
0.14545
0.19407
0.61668
0.35517
0.21295
1.0963
0.17401
0.23098
1.2338
0.34302
0.51549
0.66828
0.82428
1.1787
0.2457
0.10009
0.10416
1.1417
0.43022
0.25148
0.23713
0.24019
0.55907
0.68444
0.1191
0.70761
1.2932
0.44831
1.0751
1.0523
1.2209
1.0462
1.1568
0.1288
0.87559
0.24677
0.19083
0.21977
0.56988
1.2812
1.0523
0.099084
0.093982
0.3933
0.8358
0.21696
0.095495
0.78268
0.62218
0.078025
0.74209
0.16958
0.43593
0.77457
0.18191
0.08842
1.0307
0.25539
0.36824
0.12533
0.24035
0.79913
0.152
0.13611
0.16156
0.25111
0.49106
0.88153
0.56917
0.99433
0.33932
0.34268
0.73255
0.18528
0.85532
0.11009
0.10504
0.22241
0.11919
0.23552
0.21012
0.39499
0.68309
0.85544
0.18664
1.0548
0.97899
0.42881
0.15559
0.14359
0.30129
0.19892
1.0266
0.14079
0.31996
0.15621
0.98169
0.58604
0.086992
0.22911
0.19809
0.36386
0.077079
0.21837
0.44397
0.10976
0.13327
0.13157
0.1319
1.1972
0.084194
0.79107
0.61306
0.086033
0.35528
0.16691
0.13851
0.096538
0.26344
1.2311
0.15623
0.77643
0.32934
0.10614
0.23887
0.42424
0.66098
0.13362
0.88605
0.30969
0.33055
0.17285
1.213
0.15862
0.50628
0.11298
1.1157
0.13802
0.19267
0.41888
0.079189
0.1296
0.071723
0.08164
0.43072
0.49359
0.083484
0.46547
0.22288
0.20826
1.4221
1.0412
0.18591
0.087432
0.28459
1.0788
0.20764
0.47524
0.10063
0.083891
0.26894
1.0688
0.11253
0.12695
0.83357
0.21886
0.54338
0.74432
0.11923
0.092713
0.063889
0.20087
0.24167
0.094188
0.22727
0.16719
0.092992
1.0531
0.50933
0.14239
0.13608
0.43631
1.3223
0.5389
0.14577
0.20315
0.72121
0.083701
0.22299
0.23034
0.42373
0.46483
0.084785
0.36055
0.67611
0.089142
0.27754
0.11133
0.14872
0.51686
0.2912
0.23554
0.6503
0.11984
0.8343
0.24572
0.961
0.34814
0.13793
0.25986
0.67288
0.85553
0.099674
0.26607
0.72249
0.50791
1.2833
0.7665
0.13915
0.75451
0.51923
0.34844
0.27414
0.36548
0.40749
0.075616
0.51681
0.50483
0.23801
0.14169
0.29623
0.50869
0.75621
0.16723
0.095861
0.2843
0.49203
0.30149
0.33087
0.96246
0.48056
0.1606
0.18706
0.36724
0.65709
0.10244
0.077793
0.14514
0.39105
0.17287
0.17515
0.18867
0.1001
0.17182
0.13432
0.62639
0.37066
0.12828
0.45879
1.0938
0.15046
1.2575
0.11152
0.58753
0.12447
0.10676
0.10507
0.96076
0.44775
0.90098
0.3706
0.15489
0.16871
0.10916
1.2651
0.18346
0.13143
0.77265
0.095252
0.15713
0.18347
0.086602
0.29475
0.12443
0.090436
0.44426
0.38572
0.39934
0.16389
1.3053
0.65948
1.156
0.36062
0.074421
0.62331
0.2105
0.15003
0.21855
0.09493
0.34157
0.35589
0.14666
0.54264
0.094936
0.11269
0.2737
1.2039
0.08797
0.42595
0.23582
0.18376
0.70331
0.36756
0.10057
0.23788
0.10549
0.32062
0.071856
0.55619
0.17796
0.67591
0.35564
0.079482
0.20516
0.60956
0.34086
0.10142
0.14522
0.1503
0.099403
0.52721
0.84047
0.1039
0.58703
0.23927
1.0716
0.96354
0.56733
0.68959
0.72616
0.63046
0.23638
1.2122
1.2421
0.15089
0.71972
0.23953
0.69624
0.15141
0.78026
0.37603
1.0382
0.64719
0.29845
0.22903
0.4007
0.66624
0.14826
0.93086
0.2469
0.27267
0.21665
0.62974
0.8087
0.90486
0.18823
0.27023
0.94271
0.47896
1.1188
0.11609
0.27417
0.29562
0.76618
0.12677
0.36726
0.1185
1.1451
0.1791
0.085379
0.67489
0.26628
0.080975
0.30808
0.25157
0.92925
0.39794
0.67156
0.16926
0.10164
0.10763
0.30652
0.34138
0.29668
0.10355
0.26433
0.30468
0.11055
0.27819
0.19531
0.27781
0.26988
1.6857
0.46124
0.098059
1.149
0.33279
0.20671
0.68299
0.59819
0.52218
0.086759
0.15166
0.91981
0.068613
0.1668
0.089348
0.91179
1.3003
0.59426
1.2053
0.15861
0.30449
0.24578
0.087832
0.12356
0.26142
0.87658
0.84142
0.26534
0.15498
1.2497
0.70941
0.18823
0.22522
0.10497
0.23844
0.81588
0.42581
0.20137
0.41532
1.1264
0.13769
1.063
1.0275
0.91204
0.79037
0.32941
0.20315
1.0035
0.77678
0.85304
0.24513
0.26856
0.35935
0.12285
0.66404
0.43711
0.15048
0.25939
1.1292
0.23761
0.50965
0.42003
0.15341
0.31057
0.11356
0.13786
0.73998
0.081369
0.11829
0.51288
0.13819
0.12778
0.26011
0.23137
0.56927
0.13063
1.0479
0.31285
0.36519
0.27892
0.22334
0.098672
1.0259
0.26504
0.623
0.11167
0.351
0.46384
1.576
0.39127
0.16653
0.6093
0.23814
0.78196
0.11628
0.89981
0.24226
0.15468
0.71794
0.12334
0.17313
1.1142
0.21637
1.0531
0.1749
0.26112
0.13698
0.0873
0.80988
0.12566
0.34412
0.17151
0.81845
1.2313
0.24373
1.1864
0.90716
0.11425
0.94969
0.3657
0.32937
0.14854
0.13182
0.33689
0.34792
0.092617
0.41689
0.71836
0.76207
0.21559
0.13885
0.62145
1.0497
0.42839
0.80841
0.49047
0.78743
0.64217
1.1024
0.081939
0.6703
0.97492
0.91767
1.0264
0.53514
1.0719
0.090619
0.1091
0.079954
0.14177
0.17961
0.86734
0.16973
0.67594
1.2241
1.3498
0.91724
0.10981
0.92311
0.24325
1.1945
0.5605
0.32844
0.099865
0.35726
0.19423
0.078087
0.15465
0.10873
0.074682
0.073588
0.26973
0.35687
0.12082
0.37379
0.1585
0.32932
1.0983
0.22267
0.47652
0.20356
0.17247
0.15064
0.2452
0.18218
0.98369
0.070833
0.11231
0.73728
0.45554
0.39599
0.10779
0.23344
0.4124
0.37638
0.40694
0.12725
0.99222
0.4159
0.31877
0.48376
0.59438
0.26879
0.3748
0.10683
0.1699
0.56787
0.20966
0.53573
0.85171
0.21534
0.64499
0.063832
0.38842
0.47817
0.31894
0.35058
0.11983
0.11361
0.098945
0.31921
0.084485
0.089483
0.44677
0.51368
0.22332
0.96131
0.40141
0.15154
0.89894
0.077386
0.1183
0.20411
0.12683
0.18429
1.088
0.091905
0.13367
0.1602
0.070777
0.47554
1.6557
0.18872
0.38204
0.11601
0.093932
0.27825
0.10268
0.41308
0.69586
0.56632
0.80559
1.1296
0.061191
0.24914
0.18452
0.81304
0.19637
0.69761
0.13658
0.61825
0.2215
0.70145
0.28701
0.635
0.16452
0.34526
0.14483
0.20498
1.2232
0.10476
0.18347
0.52118
0.754
0.09047
0.17282
0.3589
0.10909
0.086195
0.88183
0.14766
0.29332
0.57373
0.081197
0.97034
0.54548
0.54152
0.14386
0.4605
0.7671
0.42424
0.12861
0.07264
0.097301
0.19244
0.25814
0.20912
0.089667
1.0527
0.50064
1.1778
0.052956
0.31511
0.18724
0.13981
0.16437
1.2388
0.21206
0.1449
0.40006
0.24169
0.10109
0.20341
0.074524
0.58949
0.9479
0.12503
0.11461
0.53463
0.29605
0.075773
0.32452
0.18152
0.092738
0.40114
0.92534
0.33326
0.086815
1.1084
0.16777
0.17341
0.11101
0.13744
0.1544
0.18769
0.085632
0.12334
0.1747
0.52175
0.11385
0.54428
0.068785
0.17033
0.083295
0.88388
0.56269
1.1013
0.79065
1.0174
0.50878
0.95737
0.17337
0.1071
0.11839
0.40857
0.15514
1.1745
0.094309
0.091792
1.1783
0.083341
0.46854
0.14571
0.095708
1.0184
0.16346
0.53388
0.44014
0.91429
0.11902
1.009
1.2907
1.1806
0.12928
0.26682
0.12317
0.096999
0.23476
0.11101
0.17127
0.082494
0.49485
0.093478
0.4782
0.31448
0.14422
0.62938
1.45
1.2018
0.12825
0.22014
0.12927
0.32009
0.078364
1.137
0.35114
0.33712
0.18325
0.18508
0.077149
0.74692
1.4256
0.57834
0.25929
0.90274
0.12884
0.72242
0.16959
0.20927
0.54837
0.66596
1.0655
0.72214
0.19603
0.14604
0.50067
0.12386
0.11308
0.17372
0.37933
0.89336
0.48923
0.77606
0.22075
0.32911
0.52813
0.19063
0.13683
1.0207
0.81759
0.37482
0.48318
0.41119
0.09246
1.0565
0.15802
0.33052
0.1583
0.12607
0.47265
0.41626
0.92936
0.19333
0.13496
0.98685
0.20741
0.067988
0.1131
0.64745
0.13061
0.86804
0.53583
1.0996
0.71242
0.98848
0.8834
0.70157
0.16628
0.58226
0.13302
0.13094
0.94907
0.64893
0.48635
0.21917
0.30249
0.34568
0.51004
0.80577
0.12036
1.1313
0.77177
0.31726
0.43177
0.522
0.16621
0.14855
0.10798
0.88349
0.087699
0.54236
1.0559
0.22261
0.61334
0.16816
0.14863
1.0911
0.62678
0.76143
0.70356
0.13867
0.24798
0.082669
0.21809
0.12369
0.16632
0.74514
0.074822
0.091277
0.37098
0.25656
0.15315
0.080234
0.099053
0.28625
1.1253
0.28464
0.14338
0.092352
0.098937
1.385
0.21049
0.19917
0.089337
0.48593
0.71205
0.25972
0.072103
0.85084
0.33067
0.17777
0.36038
1.0369
0.36395
0.21985
0.34304
0.91904
0.15822
0.60234
0.12589
0.66811
1.0946
0.089215
1.1694
0.15854
0.11702
0.2134
0.2235
0.14269
0.96647
0.88241
0.38394
0.32823
0.67446
1.2887
1.0908
0.45443
0.27163
0.079173
0.22826
0.60094
0.76101
0.58556
0.46051
0.79251
0.17522
0.47551
0.13773
0.6268
0.095942
0.32332
0.12637
0.23023
0.24521
0.81729
0.30896
0.59684
0.13879
0.13898
0.20458
0.53414
0.13062
1.2785
0.12119
0.45255
0.16448
0.10262
0.19214
1.1893
0.54239
0.17425
0.58578
0.26564
0.1655
0.69734
0.48426
0.57905
0.14465
0.17296
0.10348
0.13251
0.40672
0.079467
0.17486
0.1947
0.10387
0.12866
0.077277
1.5098
0.47365
0.2043
0.73714
0.47795
0.09483
0.084464
0.11482
0.50601
0.57343
0.49362
0.12724
0.08513
0.11788
0.50552
0.37419
0.19457
1.1347
0.11769
0.093282
0.10696
0.2108
0.13807
0.14394
0.086485
0.13227
0.51532
0.3204
0.78628
0.26091
0.75399
0.17572
0.16682
0.24267
0.38937
0.21222
0.34922
0.88696
0.885
1.2251
0.14564
0.71044
0.49606
0.45298
0.86156
0.15672
0.26233
0.062455
0.95331
0.17275
1.1207
0.46135
0.097238
0.16699
0.77474
0.39307
0.98099
0.88686
0.69626
0.13713
0.61022
0.096129
0.54857
0.6415
0.19169
0.11156
1.0689
0.23877
0.1243
0.22944
0.12357
0.60155
0.16865
0.7116
0.11471
0.40079
0.46432
0.092629
0.085488
0.15933
0.51846
0.18104
0.13738
0.92556
0.085912
0.067286
0.15346
0.20726
0.39574
0.3752
0.1741
0.22344
0.10684
0.45695
0.68548
0.43432
0.09793
1.2074
0.2625
0.48436
0.11706
0.16384
0.26469
0.56764
0.15529
0.65233
0.99011
0.1906
1.3124
0.42997
0.38922
0.087693
1.4486
0.94046
0.25911
1.5719
0.1054
0.27874
1.2013
0.29932
0.54139
0.18733
0.066146
0.08076
0.97541
0.1547
0.76014
0.1101
0.40495
0.31349
0.08163
0.29684
0.44289
0.38914
0.074922
0.092543
0.36565
0.15846
0.22934
0.2975
0.64949
0.124
0.076155
0.20631
0.32533
0.19634
1.0722
1.0684
0.10053
0.21029
0.62542
0.13156
0.57467
0.20671
0.42215
0.35079
0.12251
0.91596
0.13463
0.077102
0.67075
0.46129
0.286
0.10256
0.078566
0.70143
0.16785
0.4012
0.46787
0.78112
0.10345
1.0557
0.46703
0.30274
0.10629
0.20423
0.42816
0.082628
1.0713
0.218
0.62234
0.51343
0.069449
0.49534
0.10987
0.87077
0.33385
0.14879
0.58008
0.35161
0.13842
0.50791
0.63283
0.40093
0.89924
0.56228
0.86386
1.0773
0.10507
0.34547
0.09066
1.1289
0.4084
0.51047
0.094337
0.49544
0.15371
0.47407
0.87868
0.13371
0.11256
0.54463
1.0247
0.11703
0.65518
0.11859
0.3999
0.44158
0.67155
1.0074
0.11558
0.32963
0.10182
0.73249
0.10398
0.35915
0.82141
0.55656
1.2982
0.15485
0.17388
0.41301
0.14157
0.3202
0.1483
0.19998
1.5012
0.29491
0.12858
0.25171
0.073975
0.085791
0.38586
0.46171
0.38073
0.19281
0.11774
0.23558
0.24349
1.0378
0.14903
0.93616
0.45539
0.097689
0.081646
0.13612
1.155
0.18631
0.24918
0.6477
0.26382
1.1787
0.22638
0.5928
0.091858
0.092655
0.35217
0.46987
0.11002
0.069447
0.79353
0.16411
0.20602
0.55982
0.086408
0.12859
1.4226
0.41303
0.12867
0.10384
0.27846
0.29173
0.1899
0.10291
0.10079
0.40204
0.19101
0.25084
0.20032
0.4033
0.24888
0.07187
0.17746
0.81808
0.16756
0.18132
0.10166
0.21533
0.088765
0.085304
0.22069
0.67867
0.54867
0.81397
0.77655
0.33283
0.13742
0.16236
0.17952
0.17698
0.17612
0.073328
0.090277
0.31114
0.67643
0.16942
0.22567
0.75828
1.2399
0.32794
0.20198
0.10833
0.10849
0.48025
0.96365
1.1147
0.17744
0.69579
0.17854
0.45201
0.7847
0.23575
1.0968
0.33902
0.13222
0.16631
0.30883
0.10642
0.056647
1.3997
1.301
0.09643
0.13933
0.39408
0.85419
0.24957
0.14996
0.78365
0.07546
0.1006
1.0285
0.53678
0.11714
0.21182
0.92618
0.24365
0.095715
0.14441
0.94305
0.24298
0.18791
0.31668
0.70197
0.81364
1.1539
0.11272
0.11295
0.95747
0.47078
0.31858
0.6233
0.21613
0.25095
0.070035
0.073512
1.1251
0.19273
0.6182
0.42959
0.70006
0.20538
0.10638
0.39011
0.75976
0.78818
0.15454
0.368
0.38572
0.16273
0.075238
0.29462
0.24068
0.086269
0.1019
0.74602
0.090475
0.30756
0.63816
0.11541
0.54073
0.30062
1.1747
0.53766
0.13705
1.3826
0.099962
1.1743
1.1357
0.40309
0.39302
0.55393
1.1573
0.16123
0.14581
0.96212
0.38774
0.83074
0.12375
0.35585
0.40946
0.32211
0.62155
0.5428
0.080627
0.25961
0.90539
0.074161
0.3798
0.22607
0.1101
1.1956
0.23603
0.51697
0.11159
0.11018
0.84379
0.12219
0.25056
1.1927
0.77247
0.44839
0.34619
0.1973
0.53391
0.31873
0.27271
0.077688
0.42184
1.13
0.17581
0.44116
0.10148
0.19003
0.093324
0.089148
1.1049
0.43031
0.22812
0.071912
0.15257
1.6617
0.12067
0.10993
0.085206
1.3078
0.44683
0.17291
0.96905
0.09008
1.2006
0.33733
0.11076
0.13491
0.35657
0.99594
0.18685
0.15815
0.77074
0.19889
0.084997
0.79054
1.1135
1.2141
0.099454
0.14759
0.78083
0.84802
0.13222
0.1004
0.52267
0.32003
0.36584
0.99389
0.32027
1.0355
0.089444
0.3587
0.68319
0.12046
0.61812
0.073275
0.1362
0.65835
0.53202
0.4194
0.12862
0.37378
0.22479
0.07856
0.392
0.19532
0.3429
0.75916
0.62114
0.16557
0.083896
0.53976
1.2049
0.55886
0.16808
0.32028
1.0979
0.3285
0.38737
0.13253
0.75559
0.37324
0.16553
0.24067
0.33468
0.31566
0.13203
1.1368
0.80828
0.19227
0.68505
0.33969
0.37369
0.10366
0.14244
1.0755
1.0545
0.25746
0.11238
0.1031
0.17584
0.43046
0.14163
0.081634
1.3396
0.12302
0.2142
0.13093
0.15322
0.60151
0.10369
1.1686
0.16995
0.24613
0.81691
0.10771
0.32898
0.20485
0.11791
0.62071
0.86012
0.8528
0.81384
0.11112
1.2282
0.1731
0.61045
0.10807
0.16933
0.1067
0.59988
0.14553
0.082257
0.20199
0.2551
0.1392
0.54236
0.57537
0.10857
0.31117
0.39655
0.087458
0.085274
0.74221
0.11907
0.90058
0.11826
0.4909
0.17462
0.096124
0.23241
1.0036
0.12928
0.67473
0.75339
0.40521
0.50556
0.071322
1.0631
0.28281
0.63013
0.16532
1.6037
0.086606
1.1307
0.12273
0.26093
1.1546
0.47018
0.19638
0.23985
0.14165
0.27465
0.21954
0.09755
0.1296
0.42187
0.28221
0.38671
0.79135
1.2483
0.70296
0.32082
0.098896
0.11573
0.14273
0.72163
0.55625
0.6675
0.32889
0.52498
0.32963
0.86004
1.1479
0.10354
0.74316
0.19898
0.1053
0.85562
0.1239
0.27706
0.14498
0.32337
0.11571
0.13972
0.22755
0.20909
0.16009
0.53294
0.45381
1.0636
0.31559
0.19314
0.10743
0.42616
0.19934
0.70259
0.20451
1.0545
0.1068
0.21373
0.11548
0.44819
0.20595
1.0442
0.54919
0.28439
0.13987
0.1394
0.71556
0.18084
0.11397
0.14086
0.10617
0.31149
0.14168
0.18686
0.74488
0.08843
0.10773
0.57468
0.31531
0.14905
0.6581
1.5056
0.10629
1.0254
1.0204
0.11634
0.45623
0.18524
0.24223
1.13
0.54896
0.38947
0.7083
0.086675
0.077939
0.56072
0.75778
0.16806
0.10913
0.15183
0.29818
0.55855
0.14271
0.97948
0.23393
0.82477
1.0663
0.079809
0.16438
0.35547
0.12461
0.092365
0.30403
0.18149
0.33981
0.94181
1.4976
1.3937
0.10387
0.16299
0.080271
0.23951
0.32648
0.57274
0.19575
0.20806
0.092211
0.89637
0.64421
1.1482
0.33112
0.31601
0.74444
0.10514
0.36009
0.37716
1.0569
0.13879
1.0986
0.42774
0.084678
0.2062
0.27248
0.34266
0.68796
0.36666
0.45184
0.40691
0.48157
0.069463
1.0243
1.0696
1.2145
0.47692
0.25015
0.23461
0.29811
0.18334
0.26947
0.096423
0.11223
0.085752
0.182
0.16195
0.30248
0.11443
0.16258
0.064514
0.18617
0.36582
0.26272
0.69369
0.17223
0.12795
0.10627
0.20952
0.55572
0.065309
0.04693
0.08037
0.26607
0.20807
0.092414
0.28674
0.23246
1.0732
0.1888
0.92376
0.16322
0.43281
0.79647
0.22212
0.44275
0.87508
0.30922
0.16507
0.10755
0.10987
0.83463
0.42112
0.084
0.16619
0.53806
0.098714
1.2383
0.37133
0.15705
0.11487
0.22445
0.067321
0.37331
0.20434
0.10746
0.67944
0.57475
0.51654
0.095906
0.090876
0.092304
0.17307
0.076476
0.64228
0.31633
1.3226
0.21142
0.74031
1.5925
0.19076
0.088606
0.20122
0.45865
0.26492
0.085052
0.32764
0.46411
0.098005
0.39393
0.20035
1.1091
0.26376
0.07427
0.067141
0.57175
0.22335
1.0326
0.10302
0.47879
1.2091
0.26488
0.14712
0.27806
0.84963
0.31953
0.3181
0.78589
0.50679
0.91197
0.6835
0.38283
0.078377
0.075974
0.17303
0.66026
0.11978
0.29254
0.79
0.11587
1.2771
0.16518
0.66879
0.13441
0.45344
1.1646
0.55935
0.063289
1.139
1.142
0.10195
1.0715
0.41453
0.32616
1.35
0.15441
0.23909
0.14514
0.099418
0.11672
0.10773
0.18868
0.57219
0.078734
1.1807
0.33077
0.053608
0.11408
0.21567
1.2182
0.60097
0.21133
0.22432
0.38163
0.61856
0.63018
0.16267
0.23484
0.57498
0.92718
0.17997
0.13529
0.092422
0.46301
0.97057
0.68772
0.27092
0.18058
0.16446
0.10756
1.7308
0.39906
0.16016
0.39771
0.26163
0.16917
0.19019
0.25512
0.17763
0.40503
0.60325
0.25503
0.61485
0.33078
0.19143
0.082692
0.088962
0.18064
0.29046
0.27596
1.0557
0.16531
0.099449
0.59088
1.1366
0.096345
0.89627
0.52971
0.85106
0.097981
0.59349
0.10998
0.16425
0.17348
0.093229
0.3467
0.14191
0.38524
1.1558
0.6847
0.35098
1.3493
0.79017
0.70821
0.52519
0.46923
0.40552
0.085736
0.13936
0.29349
1.1273
1.0067
0.71344
0.11339
0.25884
0.75078
0.26577
0.14402
0.2776
0.13887
0.97397
1.0913
0.15224
0.12544
0.64995
0.19838
0.16337
0.45364
1.1901
0.077692
0.3528
0.26297
0.062982
0.27723
0.58299
1.135
1.0362
0.091755
0.25971
0.89104
0.77116
0.15847
0.3222
0.26304
1.2168
0.12382
0.16534
0.34603
0.95482
0.67117
1.248
0.93867
0.12802
0.23594
0.53944
0.52228
0.75
0.55129
0.92292
0.30783
0.85242
0.30346
0.36569
0.25545
0.094601
0.42908
0.31747
0.59786
0.10618
1.0686
0.11162
0.49118
0.11898
0.15523
0.21412
0.84772
0.097952
0.12093
0.13485
0.29553
0.25431
0.36792
0.32699
0.076649
0.41563
0.090392
0.61594
0.14685
0.13796
0.62445
0.39938
0.077794
0.61401
0.23977
0.15711
0.079965
0.25943
0.2459
0.78961
0.6024
0.628
0.094572
0.20916
0.097759
1.6065
0.23487
0.15065
0.10011
0.2097
1.125
0.09872
0.38917
0.66322
0.089943
0.40316
0.87561
0.081461
1.1225
0.67018
0.44902
0.22222
0.1395
0.095997
0.10511
0.86233
0.50882
0.40933
0.20471
0.19719
0.19795
0.24882
0.30226
0.46294
0.20622
0.17773
1.3481
0.082639
0.90773
0.091094
0.54597
0.27345
0.2992
0.18068
1.0492
0.1992
0.21956
0.37606
0.67606
0.31433
0.13927
0.17642
0.54137
0.050873
0.24299
0.078769
0.57587
0.88172
0.30143
1.7446
0.29778
0.23048
0.084328
0.13132
1.1786
0.095473
0.18826
0.083977
0.19119
0.81091
0.48946
0.063298
0.12248
0.080618
0.084243
0.90942
0.192
0.87498
0.075121
0.14032
0.11575
0.17724
0.23275
0.45672
1.1463
0.081077
0.67113
0.13519
0.3437
0.27532
0.067322
0.29536
0.19629
0.3904
0.18254
0.12241
0.71968
0.29969
0.97954
0.12645
0.65116
0.21521
0.13417
0.19478
1.22
0.074816
0.58296
0.17098
0.30766
0.084847
0.39586
0.8746
0.28173
1.0557
0.66989
1.06
0.11815
0.35594
0.17704
0.12595
0.21128
0.13946
0.94577
0.35398
0.073639
0.12964
0.094207
0.15239
0.17465
0.17631
1.5996
0.31919
0.54828
0.20269
0.10842
0.5123
1.0987
0.18736
0.40177
0.082867
0.26004
0.45935
0.18355
0.5221
1.1128
0.11479
0.99598
0.1538
0.16195
0.15904
0.16902
0.55941
0.11945
0.084163
0.39928
0.19968
0.2951
0.43864
0.23073
1.2116
0.32914
0.097519
0.18131
0.95226
0.13349
1.1965
0.33951
0.14509
0.56017
0.28598
0.1711
0.40557
0.76898
0.71743
0.19771
0.45527
0.47177
0.11115
0.2114
0.39535
0.33089
0.69846
0.10095
0.73618
1.1602
0.99034
0.47618
0.53763
0.081979
0.25628
0.70206
0.37054
0.077747
0.068829
0.54275
0.23508
0.069694
1.7376
0.97191
0.13316
0.42416
0.087033
0.16672
0.06881
0.48631
1.4347
0.35163
0.25436
0.074575
0.47263
0.1121
1.0243
0.70637
0.88946
0.1647
0.93207
0.75445
0.36542
0.83523
0.25893
0.45389
0.24215
0.27082
0.81821
0.2424
0.45516
0.23144
0.15676
1.1253
0.73681
0.090655
0.21045
0.22199
1.6801
0.48121
0.15316
0.13124
0.19013
0.098281
0.42839
0.32125
0.66037
0.34102
0.14375
0.3619
0.28891
0.080338
0.10226
0.43386
0.13955
0.088531
1.0621
0.17533
0.56895
0.56275
0.54689
0.091124
0.22079
1.2405
0.19794
1.2806
0.070902
0.35406
0.12714
1.0755
0.35437
0.27132
0.14502
0.10451
0.93141
0.12969
0.38198
0.83926
0.09931
1.0376
0.66526
0.40693
0.18321
0.38909
0.44908
0.28377
0.44158
0.10483
0.20915
0.17279
0.56676
0.25248
0.63665
0.72069
0.099817
0.066371
0.34504
0.17981
0.094394
0.20211
0.19858
0.16543
1.0841
0.18105
0.1313
0.3387
0.51935
0.069116
0.081273
0.4355
0.64814
0.22376
0.46936
0.85105
1.1722
0.65758
0.17107
0.13407
1.2872
0.71978
1.1553
0.62987
0.15442
1.0003
0.48056
0.14333
0.29705
1.0715
0.16208
0.91563
0.45299
1.3837
0.37885
0.32094
0.94736
0.96927
0.30944
0.13079
0.96918
0.91945
0.078689
0.16037
0.13282
0.1446
0.13542
0.47215
0.19874
0.98066
0.15464
0.20474
1.2264
0.84533
0.23276
0.54778
0.31256
0.08825
0.11556
0.46396
0.2686
0.98526
0.15445
0.34845
0.509
0.34016
0.31311
0.17217
0.11065
0.21254
0.20846
1.1157
0.070343
0.44337
0.11438
1.0705
0.18125
1.1531
0.20592
0.53314
0.33672
0.08053
0.4534
0.63014
0.12844
0.44482
0.32229
0.45993
0.34987
0.20892
0.20498
0.11914
0.18654
0.39985
0.65998
0.61188
0.098834
0.10804
0.12338
0.83376
0.38506
0.32826
0.15545
1.3252
0.11206
0.49894
0.50237
0.71907
0.45141
0.17845
0.10569
0.13735
0.23122
0.067092
1.1152
1.0977
0.58844
0.11451
0.56157
0.13967
0.70696
0.53365
0.92425
0.41747
0.16857
0.17472
0.64449
0.77904
0.19636
0.31813
0.18496
0.86843
0.24891
0.52598
0.16061
0.53611
0.72464
0.064866
1.1015
0.071366
0.045913
0.18034
0.31489
0.58992
1.1772
0.1021
0.21677
0.06783
0.27562
1.0402
1.2679
0.28023
1.177
0.65678
0.22009
1.0547
0.10494
0.56732
0.07963
0.099467
0.6504
0.63791
0.22019
0.94387
0.17425
0.37813
0.57702
0.85857
0.22395
1.0112
0.18379
0.27155
0.11757
0.11202
0.061233
0.49382
0.35378
0.25608
0.27854
0.47712
0.84534
0.081637
0.51191
1.4227
1.1396
0.54466
0.37575
0.11042
0.61203
0.79337
0.42025
0.099056
0.88207
0.10949
0.45358
0.72396
0.32673
0.14234
0.2105
1.2714
0.22742
0.075221
0.072833
0.12369
0.12123
0.44115
0.075961
0.18287
0.21197
0.62025
0.078447
0.23225
0.17541
0.16279
1.1552
0.089627
0.099412
0.14297
0.34694
0.86566
0.091478
0.062529
0.11831
0.35445
0.2743
0.77573
0.20262
1.116
0.61076
1.0813
0.11132
0.86907
0.096807
0.098268
0.4842
0.089976
0.17347
0.12444
0.3046
0.23354
0.35544
0.19149
0.77114
0.45022
0.21651
1.0004
0.074624
0.50116
0.88359
0.74731
0.11582
0.94744
0.54131
0.16895
0.12294
0.17317
0.11531
0.21557
0.12411
0.25602
0.13543
0.35459
0.27779
0.22488
1.1744
0.11078
0.10486
0.075498
0.33523
0.10324
0.65378
0.3523
0.17539
0.16405
0.13964
0.26989
0.29412
0.081931
1.1665
1.2172
0.11653
0.65793
1.3204
1.1275
1.4386
0.55046
0.52031
0.7681
0.16398
1.1214
0.20979
0.26918
0.2793
0.095071
0.88328
0.16868
0.60648
0.37859
0.23619
0.11618
0.079379
0.47654
0.1234
0.18926
0.21847
0.16171
0.15813
0.3524
0.38344
0.39036
0.61639
0.53844
0.17646
0.082456
0.0883
0.18052
1.1047
0.07817
0.58718
0.41523
0.88745
0.47836
0.34036
0.91298
0.1403
0.73613
0.44868
0.74319
0.095216
0.11531
0.18212
0.072322
0.27862
0.16607
0.12328
0.13332
0.38992
0.20129
0.85845
0.20344
0.10727
0.24464
1.0691
1.5229
0.0667
0.46236
0.18001
0.699
0.3134
0.12397
0.48535
0.085792
0.14545
0.21233
0.48697
0.35517
0.21295
1.0963
0.17401
0.23098
1.2338
0.34302
0.51549
0.66828
0.82428
1.1787
0.2457
0.10009
0.10416
1.1417
0.43022
0.25148
0.23713
0.24019
0.55907
0.68444
0.1191
0.70761
1.2932
0.44831
1.0751
1.0523
1.2209
1.0462
1.1568
0.1288
0.87559
0.24677
0.19083
0.21977
0.56988
1.2812
1.0523
0.099084
0.093982
0.3933
0.8358
0.21696
0.095495
0.78268
0.62218
0.078025
0.74209
0.16958
0.43593
0.77457
0.18191
0.08842
1.0307
0.25539
0.36824
0.12533
0.24035
0.79913
0.152
0.13611
0.16156
0.25111
0.49106
0.88153
0.56917
0.99433
0.33932
0.34268
0.73255
0.18528
0.85532
0.11009
0.10504
0.22241
0.11919
0.23552
0.21012
0.39499
0.68309
0.85544
0.18664
1.0548
0.97899
0.42881
0.15559
0.14359
0.30129
0.19892
1.0266
0.14079
0.31996
0.15621
0.98169
0.58604
0.086992
0.22911
0.19809
0.36386
0.077079
0.21837
0.44397
0.10976
0.13327
0.13157
0.1319
1.1972
0.084194
0.79107
0.61306
0.086033
0.35528
0.16691
0.13851
0.096538
0.26344
1.2311
0.15623
0.77643
0.32934
0.10614
0.23887
0.42424
0.66098
0.13362
0.88605
0.30969
0.33055
0.17285
1.213
0.15862
0.50628
0.11298
1.1157
0.13802
0.19267
0.41888
0.079189
0.1296
0.071723
0.08164
0.43072
0.49359
0.083484
0.46547
0.22288
0.20826
1.4221
1.0412
0.18591
0.087432
0.28459
1.0788
0.20764
0.47524
0.10063
0.083891
0.26894
1.0688
0.11253
0.12695
0.83357
0.21886
0.54338
0.74432
0.11923
0.092713
0.063889
0.20087
0.24167
0.094188
0.22727
0.16719
0.092992
1.0531
0.50933
0.14239
0.13608
0.43631
1.3223
0.5389
0.14577
0.20315
0.72121
0.083701
0.22299
0.23034
0.42373
0.46483
0.084785
0.36055
0.67611
0.089142
0.27754
0.11133
0.14872
0.51686
0.2912
0.23554
0.6503
0.11984
0.8343
0.24572
0.961
0.34814
0.13793
0.25986
0.67288
0.85553
0.099674
0.26607
0.72249
0.50791
1.2833
0.7665
0.13915
0.75451
0.51923
0.34844
0.27414
0.36548
0.40749
0.075616
0.51681
0.50483
0.23801
0.14169
0.29623
0.50869
0.75621
0.16723
0.095861
0.2843
0.49203
0.30149
0.33087
0.96246
0.48056
0.1606
0.18706
0.36724
0.65709
0.10244
0.077793
0.14514
0.39105
0.17287
0.17515
0.18867
0.1001
0.17182
0.13432
0.62639
0.37066
0.12828
0.45879
1.0938
0.15046
1.2575
0.11152
0.58753
0.12447
0.10676
0.10507
0.96076
0.44775
0.90098
0.3706
0.15489
0.16871
0.10916
1.2651
0.18346
0.13143
0.77265
0.095252
0.15713
0.18347
0.086602
0.29475
0.12443
0.090436
0.44426
0.38572
0.39934
0.16389
1.3053
0.65948
1.156
0.36062
0.074421
0.62331
0.2105
0.15003
0.21855
0.09493
0.34157
0.35589
0.14666
0.54264
0.094936
0.11269
0.2737
1.2039
0.08797
0.42595
0.23582
0.18376
0.70331
0.36756
0.10057
0.23788
0.10549
0.32062
0.071856
0.55619
0.17796
0.67591
0.35564
0.079482
0.20516
0.60956
0.34086
0.10142
0.14522
0.1503
0.099403
0.52721
0.84047
0.1039
0.58703
0.23927
1.0716
0.96354
0.56733
0.68959
0.72616
0.63046
0.23638
1.2122
1.2421
0.15089
0.71972
0.23953
0.69624
0.15141
0.78026
0.37603
1.0382
0.64719
0.29845
0.22903
0.4007
0.66624
0.14826
0.93086
0.2469
0.27267
0.21665
0.62974
0.8087
0.90486
0.18823
0.27023
0.94271
0.47896
1.1188
0.11609
0.27417
0.29562
0.76618
0.12677
0.36726
0.1185
1.1451
0.1791
0.085379
0.67489
0.26628
0.080975
0.30808
0.25157
0.92925
0.39794
0.67156
0.16926
0.10164
0.10763
0.30652
0.34138
0.29668
0.10355
0.26433
0.30468
0.11055
0.27819
0.19531
0.27781
0.26988
1.6857
0.46124
0.098059
1.149
0.33279
0.20671
0.68299
0.59819
0.52218
0.086759
0.15166
0.91981
0.068613
0.1668
0.089348
0.91179
1.3003
0.59426
1.2053
0.15861
0.30449
0.24578
0.087832
0.12356
0.26142
0.87658
0.84142
0.26534
0.15498
1.2497
0.70941
0.18823
0.22522
0.10497
0.23844
0.81588
0.42581
0.20137
0.41532
1.1264
0.13769
1.063
1.0275
0.91204
0.79037
0.32941
0.20315
1.0035
0.77678
0.85304
0.24513
0.26856
0.35935
0.12285
0.66404
0.43711
0.15048
0.25939
1.1292
0.23761
0.50965
0.42003
0.15341
0.31057
0.11356
0.13786
0.73998
0.081369
0.11829
0.51288
0.13819
0.12778
0.26011
0.23137
0.56927
0.13063
1.0479
0.31285
0.36519
0.27892
0.22334
0.098672
1.0259
0.26504
0.623
0.11167
0.351
0.46384
1.576
0.39127
0.16653
0.6093
0.23814
0.78196
0.11628
0.89981
0.24226
0.15468
0.71794
0.12334
0.17313
1.1142
0.21637
1.0531
0.1749
0.26112
0.13698
0.0873
0.80988
0.12566
0.34412
0.17151
0.81845
1.2313
0.24373
1.1864
0.90716
0.11425
0.94969
0.3657
0.32937
0.14854
0.13182
0.33689
0.34792
0.092617
0.41689
0.71836
0.76207
0.21559
0.13885
0.62145
1.0497
0.42839
0.80841
0.49047
0.78743
0.64217
1.1024
0.081939
0.6703
0.97492
0.91767
1.0264
0.53514
1.0719
0.090619
0.1091
0.079954
0.14177
0.17961
0.86734
0.16973
0.67594
1.2241
1.3498
0.91724
0.10981
0.92311
0.24325
1.1945
0.5605
0.32844
0.099865
0.35726
0.19423
0.078087
0.15465
0.10873
0.074682
0.073588
0.26973
0.35687
0.12082
0.37379
0.1585
0.32932
1.0983
0.22267
0.47652
0.20356
0.17247
0.15064
0.2452
0.18218
0.98369
0.070833
0.11231
0.73728
0.45554
0.39599
0.10779
0.23344
0.4124
0.37638
0.40694
0.12725
0.99222
0.4159
0.31877
0.48376
0.59438
0.26879
0.3748
0.10683
0.1699
0.56787
0.20966
0.53573
0.85171
0.21534
0.64499
0.063832
0.38842
0.47817
0.31894
0.35058
0.11983
0.11361
0.098945
0.31921
0.084485
0.089483
0.44677
0.51368
0.22332
0.96131
0.40141
0.15154
0.89894
0.077386
0.1183
0.20411
0.12683
0.18429
1.088
0.091905
0.13367
0.1602
0.070777
0.47554
1.6557
0.18872
0.38204
0.11601
0.093932
0.27825
0.10268
0.41308
0.69586
0.56632
0.80559
1.1296
0.061191
0.24914
0.18452
0.81304
0.19637
0.69761
0.13658
0.61825
0.2215
0.70145
0.28701
0.635
0.16452
0.34526
0.14483
0.20498
1.2232
0.10476
0.18347
0.52118
0.754
0.09047
0.17282
0.3589
0.10909
0.086195
0.88183
0.14766
0.29332
0.57373
0.081197
0.97034
0.54548
0.54152
0.14386
0.4605
0.7671
0.42424
0.12861
0.07264
0.097301
0.19244
0.25814
0.20912
0.089667
1.0527
0.50064
1.1778
0.052956
0.31511
0.18724
0.13981
0.16437
1.2388
0.21206
0.1449
0.40006
0.24169
0.10109
0.20341
0.074524
0.58949
0.9479
0.12503
0.11461
0.53463
0.29605
0.075773
0.32452
0.18152
0.092738
0.40114
0.92534
0.33326
0.086815
1.1084
0.16777
0.17341
0.11101
0.13744
0.1544
0.18769
0.085632
0.12334
0.1747
0.52175
0.11385
0.54428
0.068785
0.17033
0.083295
0.88388
0.56269
1.1013
0.79065
1.0174
0.50878
0.95737
0.17337
0.1071
0.11839
0.40857
0.15514
1.1745
0.094309
0.091792
1.1783
0.083341
0.46854
0.14571
0.095708
1.0184
0.16346
0.53388
0.44014
0.91429
0.11902
1.009
1.2907
1.1806
0.12928
0.26682
0.12317
0.096999
0.23476
0.11101
0.17127
0.082494
0.49485
0.093478
0.4782
0.31448
0.14422
0.62938
1.45
1.2018
0.12825
0.22014
0.12927
0.32009
0.078364
1.137
0.35114
0.33712
0.18325
0.18508
0.077149
0.74692
1.4256
0.57834
0.25929
0.90274
0.12884
0.72242
0.16959
0.20927
0.54837
0.66596
1.0655
0.72214
0.19603
0.14604
0.50067
0.12386
0.11308
0.17372
0.37933
0.89336
0.48923
0.77606
0.22075
0.32911
0.52813
0.19063
0.13683
1.0207
0.81759
0.37482
0.48318
0.41119
0.09246
1.0565
0.15802
0.33052
0.1583
0.12607
0.47265
0.41626
0.92936
0.19333
0.13496
0.98685
0.20741
0.067988
0.1131
0.64745
0.13061
0.86804
0.53583
1.0996
0.71242
0.98848
0.8834
0.22673
0.16628
0.69894
0.052932
1.1581
0.94907
0.75708
0.24286
0.31775
0.14805
0.34568
0.49729
0.80612
0.12036
0.10713
0.39951
0.31726
0.44286
0.49071
0.91833
0.5391
0.12464
0.63974
0.30433
0.096661
0.23557
0.10369
0.13013
0.23221
0.14063
0.07983
0.12076
0.95206
0.12682
1.1575
0.10958
0.078073
0.21809
0.75412
0.14609
1.1683
0.34564
0.10694
0.37098
0.10046
0.47875
0.19676
0.46506
0.72368
0.16396
0.93998
0.17972
0.43999
0.52436
0.1628
0.36898
0.11806
0.15875
0.16839
0.14381
0.32467
0.15142
0.85084
0.11622
0.056446
0.2934
0.085295
1.2837
1.1202
0.067305
0.21341
0.068098
0.33996
0.56004
1.015
0.067154
0.13381
0.1282
0.54714
0.1711
0.96172
0.55657
0.42167
0.67507
0.90808
0.24184
1.0118
0.53012
1.2887
0.13969
0.34613
0.27247
0.23441
1.0676
0.50785
0.76101
0.43513
0.46051
0.086266
0.26399
0.16214
0.1039
0.54149
0.5234
0.32332
0.66536
0.46833
0.11306
0.28891
0.30896
0.97214
0.13879
0.10718
0.51516
0.53414
0.13062
0.33462
0.55651
0.10529
0.70062
0.085662
0.75658
0.12227
0.37583
0.23729
1.0998
1.1281
0.31558
0.13675
0.086449
0.82019
0.22742
0.16354
1.1015
0.66665
0.54127
0.25828
0.33207
1.1432
0.12028
0.14749
0.077277
0.18774
0.28862
0.49881
0.078582
0.078742
0.34971
0.10984
0.33561
0.17918
0.065182
0.15043
0.35617
0.68934
0.11021
0.50552
0.99553
0.10137
0.59519
0.23711
0.95311
0.054251
0.070966
0.50497
0.3382
0.086485
0.13227
0.51532
0.2034
0.30551
0.15264
0.11763
0.07206
0.4294
0.079629
0.35291
0.12679
1.2378
1.2609
0.63012
0.1263
0.14564
0.23633
0.073527
0.34204
0.18826
0.48078
0.093906
0.23824
0.80727
0.15691
0.18306
0.46874
0.43282
0.32377
0.14842
0.16263
0.24571
1.4905
0.69626
0.25548
0.62446
1.2723
0.22251
0.9393
0.29518
0.24693
0.14092
0.77926
0.88539
0.37227
1.0028
0.27117
0.11412
0.7116
0.32649
0.86379
0.5967
0.52838
0.64732
0.72778
0.17862
1.1838
0.13738
0.4713
0.37047
0.067286
0.36078
0.50126
0.13053
0.27008
0.15137
0.11542
0.10684
0.10252
0.68548
0.74758
0.7582
1.2074
0.75914
0.076356
0.085106
0.16384
0.44194
0.50733
0.17687
0.088158
0.11768
1.0948
1.2212
0.42997
0.16832
0.23889
0.75393
0.605
0.93356
0.20899
0.086833
1.4533
0.22657
0.30969
1.0161
0.37396
0.066146
0.15507
0.101
0.55355
0.60082
0.15795
0.36091
0.78431
0.7159
0.49506
1.2344
0.90864
1.0077
0.75797
0.12199
1.1754
0.83381
0.13613
0.21759
0.070262
0.23123
0.095694
1.4036
0.10095
1.2415
0.39158
0.12382
1.1427
0.664
0.35596
0.33076
0.16251
0.17201
1.2379
1.0515
0.25356
0.13463
0.53015
1.2114
0.46129
0.072038
1.6809
0.15882
1.6688
0.68173
0.12167
0.44327
0.1732
0.10432
1.0557
0.46703
0.38866
0.22459
0.20423
0.42816
1.0517
1.0713
0.15985
0.30733
0.52906
0.82576
0.65448
0.33419
0.26506
0.69129
0.5676
0.11173
1.0107
0.3459
0.16112
0.11225
0.34907
0.87733
0.4955
0.068946
1.0773
1.6029
0.91112
1.1949
0.10243
0.13671
1.1592
0.15301
0.19956
0.098393
0.15514
0.11739
0.10234
0.14014
0.17579
0.89618
0.26939
1.229
1.0953
0.067371
0.091457
0.70735
0.18695
0.12857
0.54062
1.3093
0.64449
0.21598
0.12209
0.99776
0.24241
0.21799
0.49158
0.17388
0.69351
1.3229
0.13959
0.36682
0.49718
0.59949
0.78823
0.43376
0.25171
0.1182
0.086694
0.66165
0.46171
0.11469
0.71948
0.54852
0.30155
0.1009
1.0378
0.16175
0.19849
0.71738
0.78866
0.75285
0.10501
1.3279
0.17448
0.24918
0.16967
0.26382
0.088361
0.1481
0.35491
0.091858
1.1393
1.0922
0.16332
0.20085
1.0296
0.79353
0.16411
0.37242
0.22436
0.6861
0.12859
0.071878
0.32577
0.19698
0.27247
0.23015
0.12563
0.33053
0.78861
1.024
0.72264
0.19101
0.11602
0.1969
0.4033
1.1132
0.10965
0.080164
0.17953
0.23094
0.19911
0.1855
0.61723
0.088765
0.1493
0.11366
0.36846
0.13907
0.19976
0.21938
0.13418
0.62158
0.28185
0.32945
0.21729
0.18338
0.10414
0.091525
0.26523
0.094315
0.16942
0.22567
0.20038
0.50753
0.22679
0.10561
0.096456
0.32687
0.17693
0.71805
0.20901
0.33232
0.49242
0.11595
0.12327
0.89913
0.69038
0.25925
0.086743
1.053
0.22929
0.30883
0.19384
0.12526
0.64004
0.070137
0.61678
1.1099
1.0964
0.1679
0.4588
0.14712
0.59845
0.10796
0.093628
0.18968
0.46792
0.17535
0.21182
0.13095
0.13236
0.86148
0.13127
0.95056
0.24298
0.47457
0.31668
0.1909
0.51215
1.1539
0.86272
0.18458
0.95747
0.51898
1.3147
1.2513
1.4586
0.10432
0.090344
0.66689
0.41371
0.99593
0.12224
0.57607
0.70006
0.16275
0.86584
0.39011
0.096453
1.0985
0.55816
0.20906
0.48281
1.0251
0.3688
0.094245
0.20659
0.078598
0.73336
0.17261
0.31
0.30756
0.17153
0.25682
0.15971
0.9362
0.20357
0.27127
0.33698
0.076578
0.2352
0.15547
0.38852
0.40309
0.25834
0.14596
1.0047
0.22938
0.17316
0.14403
0.60135
0.72692
0.12375
0.35585
0.3429
0.068119
0.094431
0.45093
0.45023
0.3248
0.90539
0.35538
0.23329
0.23887
0.509
0.15364
0.10738
0.30701
0.14788
0.51762
0.99948
0.11201
0.32677
0.40798
0.60024
1.2642
0.86772
0.9744
0.40657
0.072158
0.11043
0.077688
0.24305
1.13
0.13613
0.22387
0.4225
0.10973
0.093324
0.064568
0.85225
0.87452
0.11591
1.0359
0.15257
1.1998
0.72578
0.10993
0.91044
0.23211
0.44683
0.49976
0.24883
0.11254
0.29242
0.6668
0.18812
0.13491
0.63912
0.51382
0.11637
0.83003
0.18176
0.88253
0.14456
1.4584
1.1135
1.2141
0.099454
1.0555
0.78083
0.93479
0.080504
1.2299
0.76101
0.4882
0.36584
0.33355
0.75264
0.16679
0.065655
0.45236
1.0709
0.213
0.098896
0.34516
0.99041
0.65835
0.35752
1.3619
0.37782
0.47719
0.13142
0.096815
0.1031
1.0828
0.88307
0.75916
0.62114
0.095716
0.28731
0.95913
1.0342
0.16389
0.16808
0.56686
0.66928
0.095675
1.0488
0.23739
0.082242
0.91628
0.4557
0.15083
0.33468
0.20006
1.024
0.2762
0.39394
0.26556
0.82663
0.92419
1.0142
0.1011
0.5667
0.48974
0.11368
0.80746
0.12396
1.1505
0.218
0.43046
0.17619
0.1142
0.17613
0.10414
1.134
0.18475
0.33934
0.16953
1.0337
0.19489
0.078386
0.30649
0.31906
0.30497
0.31676
0.52933
0.11047
0.091475
1.0529
0.8528
0.70917
0.51736
0.069436
0.60401
0.36021
0.10807
0.16933
0.37124
0.59988
0.22707
0.12995
0.42045
0.38486
0.31729
0.36049
0.47932
1.169
0.41588
0.39655
0.17253
0.2851
0.36371
0.7471
0.086272
0.13093
0.88925
0.13654
1.0052
0.15985
1.0036
0.42053
0.71036
0.0561
0.40521
0.16875
1.09
0.12463
1.2054
1.1313
0.32976
0.10096
0.093504
1.1307
0.18903
0.11292
0.39316
1.0523
0.42513
0.66025
0.59805
0.10474
0.16047
0.15227
0.0919
0.42187
0.07944
0.16258
0.495
1.1824
0.54257
1.4946
0.1018
0.47152
0.12335
0.81586
0.59946
0.12199
0.13469
0.64648
0.32963
0.3689
0.19671
0.10354
0.33714
0.18241
0.37674
0.093566
0.18111
0.42003
0.14498
0.19615
0.35795
0.16701
0.94426
0.95011
0.19807
0.38151
0.077917
0.89919
0.31559
1.0606
0.95745
0.20237
0.13017
0.085688
0.24666
0.096421
0.095614
0.54172
0.07393
0.34781
0.16745
0.67451
0.44281
0.41916
0.13987
0.16915
0.25802
0.096
0.11706
0.24178
0.30873
1.1627
1.2966
0.26598
0.74488
0.16182
0.20467
0.57468
0.09182
0.44745
0.44559
1.1848
0.70885
1.5987
0.7
0.11634
0.42097
0.93325
1.2499
0.13119
0.86523
0.23713
0.066048
0.30885
1.0758
0.13904
0.33755
1.0831
0.081144
1.5874
0.099516
0.087006
0.17383
0.25965
0.083762
1.0895
0.11606
0.54739
0.19461
0.34694
0.53744
0.7855
0.3446
0.13739
1.0035
0.071475
0.088579
0.72
0.15372
0.40281
0.63119
0.34275
0.10184
0.11447
1.2273
0.88191
0.53748
0.89637
0.38136
1.1482
0.24016
0.15144
0.97833
0.79055
0.12014
0.097362
0.10475
0.95263
0.44532
0.15063
0.10696
0.2062
0.2606
0.82319
0.28108
0.33591
0.24225
1.2982
0.54082
1.2992
0.12115
0.13796
1.0318
0.12076
0.25015
0.29216
1.2467
0.32916
0.34628
0.14027
0.11223
0.55853
0.17692
0.4558
0.55855
0.99745
1.0692
0.68804
0.35908
0.14326
0.26272
1.0317
1.2391
0.1856
0.1801
0.18853
0.094099
0.10863
1.267
0.080381
0.10173
0.51433
0.67136
0.16056
0.32462
0.065814
0.11239
0.093544
0.16306
1.71
0.10432
0.12646
0.44275
0.18339
0.30922
0.31736
0.28601
0.67545
0.83463
0.095485
0.08418
0.19086
0.41544
0.87343
1.2383
0.11848
0.15705
0.42716
0.13735
1.2244
0.45638
0.11045
0.20393
0.89816
0.4982
0.54351
0.095906
0.45163
0.10778
0.17307
0.17491
0.13651
0.37203
0.90077
0.14043
0.44815
0.86406
1.0721
0.25924
0.58415
0.20509
0.24256
0.085052
0.12366
0.092561
0.37792
0.12975
0.16516
0.097455
0.2652
0.07427
0.25796
0.64462
1.0874
1.0326
0.17902
0.47879
1.2091
0.16612
0.12193
0.23129
0.14686
1.1738
0.24259
0.90412
1.2549
0.088522
0.35565
0.24447
1.3111
0.33444
0.078907
0.12442
0.18536
0.63725
0.79
0.14154
0.39741
0.12291
0.16621
0.80504
0.29573
0.14795
0.94319
0.092054
1.1699
1.142
0.32533
0.064258
0.43359
0.13407
0.071059
0.3395
0.12806
0.070724
0.63074
0.084554
0.44772
0.22772
0.31079
0.12591
0.4734
0.79826
0.14311
0.19115
0.21567
0.36452
0.109
0.31254
0.47583
0.61329
1.1252
0.14354
0.18638
0.24639
0.11979
0.087296
0.20542
0.22938
0.091888
0.097323
0.099686
0.20973
0.29345
0.13446
0.36677
0.2098
0.2511
1.6673
0.81298
0.11693
0.15935
0.10517
0.25686
0.12525
0.17763
0.14528
0.10785
0.13534
0.61717
0.33078
0.19143
0.069373
0.088962
0.14492
0.17475
0.16535
0.11837
0.24998
0.1072
0.08298
0.39953
0.15494
0.89627
1.1671
0.23095
0.097981
0.2671
0.075204
0.2263
0.17348
0.34217
0.3467
0.14923
0.38524
1.0814
0.27772
0.32375
0.16839
0.31777
0.12556
0.73224
0.30502
0.11309
0.78624
0.13936
0.20959
0.60101
1.0067
1.1609
0.098426
0.21573
0.099142
0.17886
0.63161
0.089559
0.096274
0.97397
0.12548
0.64289
0.26349
0.15964
0.24599
0.55285
0.29345
0.29479
0.69587
0.075298
0.25424
0.062982
0.27723
0.58299
0.34124
0.22148
0.091755
0.13509
0.15197
0.15299
1.5322
1.1151
1.0276
0.096581
0.68451
0.16534
0.11381
0.50084
0.67117
0.17742
0.86127
1.2869
0.32799
0.53944
1.2133
0.059232
0.11074
0.12032
0.45027
0.13845
0.25399
0.1345
0.19762
0.1623
0.26919
1.1675
0.59553
0.55949
0.87103
0.11162
0.29525
0.11244
0.1843
0.10693
1.1575
0.59519
0.07685
0.215
0.54171
0.83272
0.20465
0.10124
0.076649
0.26891
0.60819
0.29966
0.10566
0.13796
0.1348
0.41094
0.071329
0.61401
0.34866
0.12301
0.2241
0.097549
0.18835
0.55855
0.96608
0.89518
0.099026
1.0222
0.078076
0.32576
0.083889
0.74135
0.27947
1.1955
0.7465
0.75799
0.19522
0.22545
0.49639
0.28289
1.4282
0.75677
1.1225
0.14104
0.20835
0.070578
0.12528
0.12957
0.5648
0.31668
0.50882
0.40933
0.94485
0.99144
0.19795
0.39747
0.39369
1.1054
1.3355
0.29105
0.28121
0.11947
0.10342
0.62264
0.52114
0.27345
0.94764
1.2253
0.10384
0.1992
0.15227
0.13248
0.15645
0.31433
0.38331
0.22537
0.19577
0.050873
0.25524
0.069097
0.11075
0.12213
0.37826
1.7446
0.29778
0.19511
0.26307
0.13137
1.1786
0.70611
0.10036
1.2328
0.58742
0.092162
0.24953
0.53409
0.11469
1.0021
0.10155
0.095781
0.192
0.87498
0.48577
0.3161
0.31211
0.10614
0.90997
0.63309
0.068827
0.13394
0.3864
0.14031
0.3319
0.10514
0.15646
0.29536
0.27959
1.2289
0.13727
0.38671
0.12629
0.20203
0.97954
1.1904
0.82311
0.57063
0.20432
0.23442
1.195
0.22111
0.52264
0.10597
0.58223
0.96891
0.14087
0.075416
0.11805
0.12495
0.22191
0.51444
1.2327
0.13395
0.13287
0.10049
0.28028
0.3776
0.72661
0.22344
0.49874
0.70401
0.21566
1.215
0.1587
0.076371
0.16358
0.31919
1.0504
0.14465
0.36745
0.18787
0.1275
0.22627
0.74075
0.1046
0.70232
0.22168
0.45632
1.2498
0.094773
1.2544
1.4453
0.16021
0.1402
0.58216
0.07864
0.55941
0.69074
0.62809
0.58143
0.10588
0.11042
0.43864
0.5509
0.19676
1.0081
0.50786
1.0932
0.31738
0.38965
0.10513
0.284
0.35117
0.56017
1.0033
0.15145
0.15097
0.090534
0.15447
0.44992
0.22501
0.48567
0.17931
0.2114
0.066134
1.1651
0.22242
0.14928
1.2369
0.11626
0.243
0.50141
1.189
0.64462
0.31349
0.25662
0.11699
0.80307
0.25524
0.98226
0.1631
0.1051
0.071423
0.10854
0.11316
0.7417
0.21816
0.16723
0.25714
0.13367
0.098579
0.37061
0.16761
0.71905
1.147
0.48575
0.50342
1.2108
0.26663
0.3628
0.20446
0.20221
0.70051
0.25395
0.10397
0.28666
0.24215
1.1989
1.0648
1.5593
0.111
0.13628
0.10888
1.0834
0.38646
0.090655
0.77076
1.1287
0.72211
1.1372
0.13924
0.50604
0.13522
0.31106
0.26776
0.12977
0.8047
0.92951
0.14375
0.17872
1.2758
0.080338
0.39725
1.1696
0.12866
0.48534
0.14285
0.065289
0.94522
0.10715
0.07805
0.86229
0.75807
0.84143
0.34594
0.21758
0.41852
0.35406
0.11118
1.1616
0.2093
0.82494
0.35748
0.087484
0.42167
0.66952
0.30245
1.1819
0.37225
1.0376
0.066805
1.1171
0.39767
0.59577
1.3138
1.2046
0.53751
1.1339
0.39793
0.148
0.69367
0.25248
0.22296
0.72069
0.18377
0.14859
0.88324
1.2276
0.77965
0.10187
0.47728
0.19435
0.09782
0.86858
0.094812
0.13233
0.089466
0.23373
0.56265
0.16946
0.29489
0.15171
0.85297
0.68598
0.074309
0.85406
0.17107
0.13407
0.41672
0.12603
0.1892
0.74156
0.15442
0.52971
0.59996
0.071082
0.15671
1.1273
0.27371
1.1285
0.1183
1.3837
0.28294
0.85172
0.93475
0.22745
0.27271
1.0371
0.66496
0.22679
0.9962
0.15729
0.13282
0.10273
0.18923
0.20848
0.2698
0.12352
0.33026
0.21551
0.092421
0.18465
0.247
0.36253
0.9043
0.061705
0.22285
0.46396
0.5682
0.20814
0.26646
0.55512
0.38288
0.36834
0.67207
0.85334
0.14972
0.17307
0.11694
1.1157
1.6777
0.80102
0.22398
0.28854
0.36278
1.2208
0.21668
0.55092
1.0839
0.77337
0.10166
0.95537
0.16132
0.072182
0.32229
0.45993
0.34987
0.17422
0.4237
0.22023
0.91898
0.17429
0.12013
0.32724
1.1916
0.44344
0.28132
0.70492
0.12307
0.44455
0.90475
0.2248
0.59555
0.49894
1.2098
0.14231
0.42422
0.11555
0.19896
0.9735
1.2091
0.14389
1.1152
1.0977
0.080585
1.2175
0.56157
0.10709
0.20517
0.14432
0.71635
1.1382
0.66762
0.16637
0.081617
0.77904
0.19636
0.62266
1.0148
0.15779
0.086164
0.14587
0.16061
0.089127
0.14334
0.11914
0.10995
0.93609
0.81589
0.08661
0.31489
1.5098
1.2385
0.95727
0.091748
0.06783
0.12055
0.38314
0.21466
0.28023
0.13533
1.2543
1.0829
0.1619
0.17662
1.208
0.13865
0.2626
0.10306
1.2298
0.22736
0.20476
0.37822
0.37813
0.38783
0.21033
0.16904
0.42687
0.92895
0.088591
0.14411
0.56843
0.097361
0.51919
0.068684
1.3923
0.41648
0.12992
0.84534
0.11002
0.3296
0.10449
0.31897
0.8087
0.39287
0.44497
1.2225
0.12964
1.0256
0.34159
0.075232
1.1012
0.26547
0.72396
0.32673
0.18107
0.56747
1.1862
0.51803
0.060902
0.148
0.64916
0.10059
0.19926
0.2136
1.1298
0.12311
0.62025
1.0962
0.27948
1.0702
0.16575
1.1855
0.80992
0.099412
0.22281
0.30302
0.86566
0.27256
0.31172
0.38704
0.38923
0.10483
0.26198
0.28531
0.22621
0.30668
0.10673
0.20242
0.11835
0.35876
0.5779
0.4842
0.071164
0.10971
0.10848
0.27616
0.096873
0.35544
0.6122
0.16691
0.45624
0.090317
0.34987
0.26521
0.50116
0.17109
0.39371
0.075192
0.60658
0.23678
0.93849
0.14323
0.11001
0.15234
0.31662
0.89176
0.21497
0.13543
0.083566
0.93291
0.37749
0.084781
0.5341
0.11716
0.88316
0.42721
0.27936
1.212
0.66224
0.43923
0.93237
0.47093
0.075246
0.06385
1.1343
0.3693
0.15827
0.75215
0.48418
0.20878
0.10622
0.4483
0.08416
0.46322
0.84451
0.26006
0.21984
0.19436
0.46039
0.11477
0.90286
0.63
0.095498
0.10649
0.45863
1.1248
0.62659
0.86207
0.61331
0.75105
0.19675
0.34469
0.97293
0.13335
0.3524
0.28889
0.91869
0.83541
0.10265
1.2167
0.18792
0.1377
0.43682
0.67451
0.07817
0.15583
0.15362
0.36872
0.41781
0.18453
0.69427
0.076735
0.20958
0.41963
1.0861
0.16207
0.11531
0.27903
0.22225
0.30365
0.36074
0.16141
0.11573
0.24681
0.1126
0.22967
1.0405
1.1425
0.24464
1.0691
0.92495
0.26021
0.30076
0.098398
0.94386
0.3134
1.0004
0.12094
0.62171
0.9464
0.12929
0.26197
0.5262
0.20891
0.38344
0.45207
0.20387
0.4691
0.34302
0.64017
0.40401
0.30763
0.35918
0.082568
0.14301
0.39502
0.11305
0.1474
0.66889
0.56081
0.26433
0.15731
0.32983
0.10523
0.72711
1.3171
0.49268
0.10283
0.12972
0.31541
1.0462
1.1568
0.1737
1.0384
0.28971
0.90524
0.22007
0.10507
0.61406
0.87081
1.0046
0.093982
0.2621
0.53009
0.90308
0.15206
0.78268
0.10386
0.3098
0.14121
1.1462
0.067772
0.12583
0.087743
0.099493
1.0384
0.21921
0.051989
0.44403
0.74595
0.10425
0.53924
0.35724
1.2014
0.28017
0.077424
0.61775
0.45038
1.0925
0.09273
0.081105
0.12488
0.83459
0.12076
1.2208
0.32426
0.20139
0.31833
0.10783
0.30943
0.3478
1.2389
0.42737
0.18887
0.16075
0.68186
0.20481
1.252
0.34124
0.22255
0.43967
0.11848
0.2931
0.87531
0.56236
0.43925
0.17001
0.10721
0.70524
0.39888
0.10579
0.9893
0.13781
0.62183
0.075167
1.0381
0.12563
0.13556
0.7626
1.0142
0.14242
0.24216
1.3238
0.35528
0.27867
0.26985
0.21404
0.34294
0.20488
0.64159
0.12805
0.32004
0.08174
0.43211
0.20157
0.21551
0.066258
0.31682
0.30969
0.10206
0.14439
1.213
0.15862
0.50628
0.11298
1.1157
0.13802
0.19267
0.41888
0.079189
0.1296
0.071723
0.08164
0.43072
0.49359
0.083484
0.46547
0.22288
0.20826
1.4221
1.0412
0.18591
0.087432
0.28459
1.0788
0.20764
0.47524
0.10063
0.083891
0.26894
1.0688
0.11253
0.12695
0.83357
0.21886
0.54338
0.74432
0.11923
0.092713
0.063889
0.20087
0.24167
0.094188
0.22727
0.16719
0.092992
1.0531
0.50933
0.14239
0.13608
0.43631
1.3223
0.5389
0.14577
0.20315
0.72121
0.083701
0.22299
0.23034
0.42373
0.46483
0.084785
0.36055
0.67611
0.089142
0.27754
0.11133
0.14872
0.51686
0.2912
0.23554
0.6503
0.11984
0.8343
0.24572
0.961
0.34814
0.13793
0.25986
0.67288
0.85553
0.099674
0.26607
0.72249
0.50791
1.2833
0.7665
0.13915
0.75451
0.51923
0.34844
0.27414
0.36548
0.40749
0.075616
0.51681
0.50483
0.23801
0.14169
0.29623
0.50869
0.75621
0.16723
0.095861
0.2843
0.49203
0.30149
0.33087
0.96246
0.48056
0.1606
0.18706
0.36724
0.65709
0.10244
0.077793
0.14514
0.39105
0.17287
0.17515
0.18867
0.1001
0.17182
0.13432
0.62639
0.37066
0.12828
0.45879
1.0938
0.15046
1.2575
0.11152
0.58753
0.12447
0.10676
0.10507
0.96076
0.44775
0.90098
0.3706
0.15489
0.16871
0.10916
1.2651
0.18346
0.13143
0.77265
0.095252
0.15713
0.18347
0.086602
0.29475
0.12443
0.090436
0.44426
0.38572
0.39934
0.16389
1.3053
0.65948
1.156
0.36062
0.074421
0.62331
0.2105
0.15003
0.21855
0.09493
0.34157
0.35589
0.14666
0.54264
0.094936
0.11269
0.2737
1.2039
0.08797
0.42595
0.23582
0.18376
0.70331
0.36756
0.10057
0.23788
0.10549
0.32062
0.071856
0.55619
0.17796
0.67591
0.35564
0.079482
0.20516
0.60956
0.34086
0.10142
0.14522
0.1503
0.099403
0.52721
0.84047
0.1039
0.58703
0.23927
1.0716
0.96354
0.56733
0.68959
0.72616
0.63046
0.23638
1.2122
1.2421
0.15089
0.71972
0.23953
0.69624
0.15141
0.78026
0.37603
1.0382
0.64719
0.29845
0.22903
0.4007
0.66624
0.14826
0.93086
0.2469
0.27267
0.21665
0.62974
0.8087
0.90486
0.18823
0.27023
0.94271
0.47896
1.1188
0.11609
0.27417
0.29562
0.76618
0.12677
0.36726
0.1185
1.1451
0.1791
0.085379
0.67489
0.26628
0.080975
0.30808
0.25157
0.92925
0.39794
0.67156
0.16926
0.10164
0.10763
0.30652
0.34138
0.29668
0.10355
0.26433
0.30468
0.11055
0.27819
0.19531
0.27781
0.26988
1.6857
0.46124
0.098059
1.149
0.33279
0.20671
0.68299
0.59819
0.52218
0.086759
0.15166
0.91981
0.068613
0.1668
0.089348
0.91179
1.3003
0.59426
1.2053
0.15861
0.30449
0.24578
0.087832
0.12356
0.26142
0.87658
0.84142
0.26534
0.15498
1.2497
0.70941
0.18823
0.22522
0.10497
0.23844
0.81588
0.42581
0.20137
0.41532
1.1264
0.13769
1.063
1.0275
0.91204
0.79037
0.32941
0.20315
1.0035
0.77678
0.85304
0.24513
0.26856
0.35935
0.12285
0.66404
0.43711
0.15048
0.25939
1.1292
0.23761
0.50965
0.42003
0.15341
0.31057
0.11356
0.13786
0.73998
0.081369
0.11829
0.51288
0.13819
0.12778
0.26011
0.23137
0.56927
0.13063
1.0479
0.31285
0.36519
0.27892
0.22334
0.098672
1.0259
0.26504
0.623
0.11167
0.351
0.46384
1.576
0.39127
0.16653
0.6093
0.23814
0.78196
0.11628
0.89981
0.24226
0.15468
0.71794
0.12334
0.17313
1.1142
0.21637
1.0531
0.1749
0.26112
0.13698
0.0873
0.80988
0.12566
0.34412
0.17151
0.81845
1.2313
0.24373
1.1864
0.90716
0.11425
0.94969
0.3657
0.32937
0.14854
0.13182
0.33689
0.34792
0.092617
0.41689
0.71836
0.76207
0.21559
0.13885
0.62145
1.0497
0.42839
0.80841
0.49047
0.78743
0.64217
1.1024
0.081939
0.6703
0.97492
0.91767
1.0264
0.53514
1.0719
0.090619
0.1091
0.079954
0.14177
0.17961
0.86734
0.16973
0.67594
1.2241
1.3498
0.91724
0.10981
0.92311
0.24325
1.1945
0.5605
0.32844
0.099865
0.35726
0.19423
0.078087
0.15465
0.10873
0.074682
0.073588
0.26973
0.35687
0.12082
0.37379
0.1585
0.32932
1.0983
0.22267
0.47652
0.20356
0.17247
0.15064
0.2452
0.18218
0.98369
0.070833
0.11231
0.73728
0.45554
0.39599
0.10779
0.23344
0.4124
0.37638
0.40694
0.12725
0.99222
0.4159
0.31877
0.48376
0.59438
0.26879
0.3748
0.10683
0.1699
0.56787
0.20966
0.53573
0.85171
0.21534
0.64499
0.063832
0.38842
0.47817
0.31894
0.35058
0.11983
0.11361
0.098945
0.31921
0.084485
0.089483
0.44677
0.51368
0.22332
0.96131
0.40141
0.15154
0.89894
0.077386
0.1183
0.20411
0.12683
0.18429
1.088
0.091905
0.13367
0.1602
0.070777
0.47554
1.6557
0.18872
0.38204
0.11601
0.093932
0.27825
0.10268
0.41308
0.69586
0.56632
0.80559
1.1296
0.061191
0.24914
0.18452
0.81304
0.19637
0.69761
0.13658
0.61825
0.2215
0.70145
0.28701
0.635
0.16452
0.34526
0.14483
0.20498
1.2232
0.10476
0.18347
0.52118
0.754
0.09047
0.17282
0.3589
0.10909
0.086195
0.88183
0.14766
0.29332
0.57373
0.081197
0.97034
0.54548
0.54152
0.14386
0.4605
0.7671
0.42424
0.12861
0.07264
0.097301
0.19244
0.25814
0.20912
0.089667
1.0527
0.50064
1.1778
0.052956
0.31511
0.18724
0.13981
0.16437
1.2388
0.21206
0.1449
0.40006
0.24169
0.10109
0.20341
0.074524
0.58949
0.9479
0.12503
0.11461
0.53463
0.29605
0.075773
0.32452
0.18152
0.092738
0.40114
0.92534
0.33326
0.086815
1.1084
0.16777
0.17341
0.11101
0.13744
0.1544
0.18769
0.085632
0.12334
0.1747
0.52175
0.11385
0.54428
0.068785
0.17033
0.083295
0.88388
0.56269
1.1013
0.79065
1.0174
0.50878
0.95737
0.17337
0.1071
0.11839
0.40857
0.15514
1.1745
0.094309
0.091792
1.1783
0.083341
0.46854
0.14571
0.095708
1.0184
0.16346
0.53388
0.44014
0.91429
0.11902
1.009
1.2907
1.1806
0.12928
0.26682
0.12317
0.096999
0.23476
0.11101
0.17127
0.082494
0.49485
0.093478
0.4782
0.31448
0.14422
0.62938
1.45
1.2018
0.12825
0.22014
0.12927
0.32009
0.078364
1.137
0.35114
0.33712
0.18325
0.18508
0.077149
0.74692
1.4256
0.57834
0.25929
0.90274
0.12884
0.72242
0.16959
0.20927
0.54837
0.66596
1.0655
0.72214
0.19603
0.14604
0.50067
0.12386
0.11308
0.17372
0.37933
0.89336
0.48923
0.77606
0.22075
0.32911
0.52813
0.19063
0.13683
1.0207
0.81759
0.37482
0.48318
0.41119
0.09246
1.0565
0.15802
0.33052
0.1583
0.12607
0.47265
0.41626
0.92936
0.19333
0.13496
0.98685
0.20741
0.067988
0.1131
0.64745
0.13061
0.86804
0.53583
1.0996
0.71242
0.98848
0.84912
0.22673
0.38038
0.80184
0.7835
0.96799
0.20931
0.75708
0.72352
0.83371
0.75944
0.43433
0.11588
0.23333
0.33883
0.45077
0.36425
0.21759
0.74613
0.13328
0.097922
0.5391
0.43647
0.2675
0.090058
0.19559
0.23557
0.23151
0.13013
0.79591
1.1334
0.07983
0.10404
0.43145
0.21408
0.18249
0.083845
0.17342
0.53633
0.43766
1.6881
0.81441
0.097937
0.14141
0.39523
0.43832
0.59084
0.86141
0.46506
0.19367
1.2154
0.63968
0.49013
0.64857
0.23848
0.29303
0.16217
0.33213
0.15875
0.75465
0.68166
0.79254
0.49057
0.35645
0.53223
0.23714
0.17965
0.31981
0.24948
0.084582
0.24853
0.44465
0.11102
0.30807
0.41387
1.015
0.12936
0.60111
0.63292
1.2344
0.086981
0.1137
1.2578
0.53673
0.45464
0.16513
0.59166
0.6233
0.50226
0.07538
0.082789
0.16318
0.079704
0.23441
1.1542
0.55729
0.99537
0.069232
1.2163
0.11867
0.11406
0.095787
0.1039
0.33907
0.30372
0.92596
0.9767
0.46833
0.59234
0.097809
0.12188
0.15222
0.27114
0.069746
0.58793
0.20027
0.15836
0.30847
0.17508
0.56678
0.58831
0.79486
1.2645
0.68735
0.72206
0.34281
0.12877
0.11986
0.36306
0.13675
0.15971
0.24005
1.011
0.21808
0.16137
0.12784
0.076801
0.16867
0.61089
0.14323
0.21615
0.086011
0.4683
0.45938
0.2066
0.087067
0.44565
0.88243
0.14823
0.71398
0.19896
0.30737
0.074101
0.15043
0.35617
0.51746
0.11021
0.24197
0.22954
0.49609
0.3991
0.23711
1.2759
0.66492
0.15093
0.50497
0.15252
0.081929
0.35257
0.32174
0.092371
0.42821
0.51078
0.11763
0.99094
0.16405
0.3163
0.10125
0.20607
0.73973
0.095368
0.073139
1.1335
0.14564
0.17837
1.2034
0.069488
0.18826
0.48078
0.44742
1.124
0.083217
0.12534
0.076864
0.14326
0.35776
1.2331
0.12804
0.50077
0.24571
0.74986
0.15503
0.078369
0.68801
0.077308
0.22251
0.10321
0.4623
0.12054
0.1552
0.76828
0.88539
0.73909
0.15281
1.0968
1.2247
0.39199
0.14202
0.076338
0.082333
0.55829
0.083107
0.72778
1.1539
0.10573
0.25409
0.4713
0.53908
0.12498
0.46638
0.50126
0.19666
0.27705
0.31758
0.21538
0.069815
0.095507
0.11941
0.14582
0.098436
0.62824
0.15169
0.18404
0.18012
0.23579
0.10067
0.50733
0.097224
0.33022
0.24118
0.23247
0.86573
0.096929
0.16832
0.14712
0.12881
0.26742
0.26882
1.1961
0.22779
0.23025
0.26771
0.93265
0.48463
0.30936
0.066146
0.15507
0.101
0.55355
0.28637
1.1579
0.74398
0.18061
1.1631
0.086937
0.10051
0.086847
0.088565
0.35042
0.10473
0.66256
0.13207
0.55667
0.086109
0.63655
0.32048
0.095694
0.74423
0.97531
0.16389
0.43296
1.4761
0.83891
1.0235
0.30547
0.099412
0.10853
0.13664
0.30784
0.22975
0.11478
1.1435
0.091284
1.2114
0.38857
0.072038
0.19879
0.15882
0.17458
0.07913
0.43984
0.27853
1.1838
0.10432
0.15341
1.1133
1.3242
1.135
1.0925
0.98359
0.55908
1.204
1.1036
0.34115
0.082374
1.4805
0.084328
0.10602
1.0548
0.56872
0.13344
0.82065
0.25967
0.37098
0.19003
0.10664
0.16553
0.87733
0.10865
1.2411
0.82338
0.18781
0.12965
0.29153
1.1894
0.19151
0.077946
0.072467
0.095682
0.098393
0.25044
0.77159
0.23007
0.71097
0.70706
0.67504
0.099384
0.8912
0.099854
0.067052
0.11519
0.2179
0.084272
0.11373
0.2115
0.55604
0.068454
0.70146
0.62494
0.10649
0.080547
1.0101
0.12241
0.13604
0.081852
0.31694
0.25733
1.2898
0.085151
0.12551
0.09866
0.3299
0.19083
0.22218
0.2265
0.42371
0.75112
0.94828
0.15093
0.090319
0.12199
0.33251
0.16769
0.16175
1.0484
0.48
0.78866
0.53437
0.3708
1.0366
0.20966
0.25659
0.74667
0.11542
0.37093
0.17562
0.24021
0.59388
0.95722
0.11965
0.39918
0.092206
0.52145
0.29462
0.1307
0.37242
0.40667
0.41487
0.1103
0.41315
0.40142
0.16029
0.16411
0.25732
0.090216
0.13253
0.50817
1.024
0.47865
0.29691
0.13923
1.0481
0.4033
0.24916
0.25896
0.23596
1.2215
0.14635
0.12685
0.33533
0.61723
0.93986
0.34371
0.089328
0.2978
0.52825
0.098466
0.7704
0.23188
0.14643
0.41424
0.10387
0.45511
0.18338
0.53488
0.14801
0.33644
0.094315
0.29536
0.45955
0.15396
0.87949
0.53717
0.91437
1.1465
1.1577
0.26246
0.085394
0.069161
0.15771
0.15202
0.2273
0.068445
0.47743
0.12236
0.7876
1.1465
0.87668
0.22929
0.56151
0.28102
0.21243
0.20466
0.070137
0.12932
0.92605
1.0964
0.59286
0.11055
0.21458
1.0362
0.21631
0.41816
0.18968
0.24764
0.17046
0.43013
0.39208
0.17688
0.32878
0.071557
0.27661
0.09087
0.46822
0.31668
0.7381
0.16805
0.35103
0.13582
0.21353
0.15521
0.51898
0.769
0.12938
0.11039
0.55657
0.1406
0.79591
0.12575
0.76191
0.11774
1.1197
1.2269
0.23098
0.065885
0.17787
0.096453
0.54977
0.12533
0.11166
0.48281
0.2648
0.64425
0.79651
1.1419
0.97113
0.23444
1.1019
0.24215
0.3664
0.17153
0.25682
0.10328
1.1892
0.36584
1.0832
0.10707
0.76238
0.082745
0.57564
0.38852
0.20106
0.47804
0.11892
0.096371
0.22938
0.27951
0.18521
0.1691
1.3812
0.86197
0.34097
0.067223
0.21839
0.32001
0.25226
1.0545
0.083024
0.70841
0.35538
0.20726
0.16109
1.2598
0.74682
1.1262
0.30701
0.14788
0.58295
0.22963
0.13892
0.17083
0.28555
0.17449
0.18
0.30651
0.9744
0.12911
0.50869
0.096869
0.11058
1.0394
0.19859
0.27933
0.2907
0.1037
0.20778
0.44403
0.66753
0.20084
0.87452
0.29757
0.43334
1.1567
0.51575
0.15151
0.10993
0.22913
0.42067
0.24821
0.47496
0.24883
0.096884
0.82672
0.18243
0.13063
0.13491
0.10281
0.21417
0.37066
0.94398
0.83867
0.13402
0.15504
0.74623
0.092718
0.099486
0.79373
0.64983
0.93739
0.59546
1.6319
0.1771
0.96866
1.0072
0.34841
0.15292
0.059806
1.5204
0.065655
1.1541
0.22812
0.72386
0.88212
0.74848
0.083695
0.24837
0.58378
0.83295
1.0062
0.35889
0.61721
0.55008
0.56578
0.49866
0.11477
0.1443
0.73688
0.85638
0.28731
0.22568
0.82608
0.20854
1.306
0.13071
0.81489
0.1003
0.064141
0.44627
0.22699
0.91628
0.097374
0.15083
1.2876
0.41771
0.072643
1.1396
0.19081
0.26556
0.25493
0.30389
0.49145
0.84151
0.52515
1.2214
0.36021
0.80746
1.0409
0.084477
0.4605
0.13351
0.11783
0.1846
0.15999
0.092687
0.22421
0.58864
0.33934
0.16953
0.28932
1.3137
0.4685
1.2652
0.10934
0.26756
0.13216
0.19258
0.39369
0.12261
0.59082
0.8528
1.556
0.22952
0.069436
0.65415
0.36021
0.10807
0.40808
1.1131
0.59988
0.23927
0.56466
0.42045
0.79364
0.12562
0.82479
1.1155
1.169
0.54622
0.3582
0.17253
0.86653
0.078594
0.1687
0.27687
0.38932
0.67765
0.10578
1.0052
0.94468
0.89852
0.48807
0.92906
0.41684
0.14338
1.0953
0.12114
0.070822
0.95118
1.1313
0.068948
0.678
0.11785
0.93852
0.77496
0.11245
0.3816
0.96612
1.1926
0.61314
0.1352
1.1023
0.19337
0.79712
0.3962
0.37818
1.0716
0.10042
0.59077
0.16506
0.27372
1.4946
0.1018
0.32624
0.12007
0.41457
0.82759
0.12199
0.97831
0.13262
0.32963
0.2015
0.26687
0.47232
0.31995
0.088829
0.17889
1.3375
0.77351
0.28415
0.14498
0.24628
0.1259
0.15714
0.10517
0.32575
0.11907
0.44378
0.6386
0.34948
0.15636
0.61166
0.95745
0.20237
0.92983
0.39013
1.5214
0.52395
0.13396
0.26826
0.27946
0.34781
0.23403
0.4131
1.1635
0.43178
0.21579
0.26707
0.093912
1.1191
0.40072
0.24178
0.086366
0.071666
0.093133
0.14006
0.5744
0.34299
0.12023
0.57468
0.092125
0.15566
0.49498
1.2243
0.16017
0.11479
0.77533
0.18583
0.28461
0.78171
0.14373
0.94066
0.17718
0.44585
0.59301
0.097049
0.11507
0.83585
0.33755
0.19097
0.097453
0.16073
0.086504
1.1145
0.13151
0.092155
0.15054
0.1312
0.35755
0.17534
0.083243
0.108
0.45243
0.73544
0.277
0.20519
0.35364
0.28678
0.088579
0.23622
0.15372
0.44253
0.43322
0.1394
0.14939
0.11447
0.32217
0.13869
0.99702
0.47868
0.38136
0.5153
0.66559
0.088647
0.36626
1.522
0.22157
0.41898
1.0503
0.18078
1.49
0.30922
0.10622
0.094297
0.79891
0.82319
0.14012
0.17488
0.24225
0.33971
0.54082
0.44321
0.09828
0.9619
0.80751
0.096978
1.1243
0.36508
0.12049
0.32916
0.083921
0.70834
0.53307
0.26417
0.088893
0.19941
0.56064
0.99745
0.61098
0.18724
0.963
0.14193
0.17445
0.11578
1.3508
1.0983
0.10508
0.38937
0.49303
0.11764
0.096955
0.13243
0.23865
0.40069
0.86391
0.18201
1.6898
1.063
0.11239
0.093544
0.071052
0.27812
0.068924
0.79168
0.31456
0.23033
0.30922
0.26265
0.1662
0.31424
0.13093
0.12333
1.0174
0.39218
0.29981
0.10779
0.13069
0.16277
0.22261
1.2069
0.28592
1.1053
0.97787
0.50813
0.12452
0.5118
0.3991
0.32116
0.095906
0.11239
1.1138
0.093141
0.094336
1.0637
0.37203
0.091245
0.1388
1.1861
0.15421
0.24475
0.12056
0.15666
0.2051
0.097543
0.3548
0.58027
0.047223
0.31399
0.20502
1.1147
0.3189
0.8736
0.07427
0.94626
0.09819
0.15475
0.19048
0.085844
0.25006
0.11503
0.33552
0.85043
0.52353
0.21165
0.48033
0.10313
0.50519
0.099416
0.30876
0.4856
0.23476
0.12912
0.49881
0.091348
0.12442
0.48998
0.63725
0.79
0.14154
0.13686
0.20472
0.74137
0.6992
0.065654
0.28593
0.17591
0.80182
0.066995
0.32003
0.60967
0.15403
0.43359
0.24179
0.27681
0.3395
0.097346
0.14074
0.49011
0.8102
0.67743
0.4504
1.3452
0.12591
0.10643
0.27236
0.6438
0.099054
1.3997
0.36452
0.109
0.1132
0.1021
0.61329
0.83811
0.1782
0.11279
1.1474
1.3156
0.084171
0.39842
1.0845
0.23775
0.13806
0.099686
0.16076
0.94129
0.090244
0.13344
0.26361
0.071806
0.37803
0.24565
0.2468
0.68343
1.5795
0.10572
0.11158
0.43265
0.17561
0.095698
0.1153
0.12795
0.12997
0.1009
1.2242
0.087873
0.94306
0.091041
0.13854
0.11486
0.24998
1.0587
0.08298
0.58703
0.35046
0.10926
0.35907
0.46111
0.097981
0.85098
0.92246
1.0792
0.18607
0.19752
0.073848
0.21533
0.24638
0.080118
0.27772
0.071099
0.19609
0.12323
0.29164
0.93458
0.46394
0.071124
0.4038
0.64598
0.085522
0.10987
0.19595
0.10397
0.089032
0.22535
0.71201
0.13882
0.98063
0.79673
0.9342
0.20245
0.65491
0.41095
0.58282
0.15964
1.1855
0.23322
0.52621
0.65492
0.41859
0.075298
0.078528
0.10666
0.16173
0.58299
0.74295
0.093332
1.091
0.23488
1.1811
0.15177
0.15901
0.431
1.2823
0.18503
0.85677
0.31019
0.66298
0.30326
0.10726
1.1647
0.24705
1.2869
0.69036
0.33682
1.5863
0.24803
0.52319
0.43967
0.16544
0.96024
0.091198
0.081387
0.1049
0.085765
0.26919
0.25563
0.36594
0.32582
0.21826
0.31346
0.10983
0.11244
0.18366
0.44389
0.087378
0.53779
0.83526
0.089931
0.37783
0.40557
0.18539
1.1274
0.10447
0.26891
0.23875
1.1532
0.083355
0.13948
0.22258
0.70104
0.10686
1.1601
0.44214
0.80033
0.10971
0.25486
0.083944
0.75305
0.21981
1.2642
1.1754
0.1345
0.13907
1.0886
0.36777
0.74135
0.36186
1.2972
0.35575
1.0446
0.22653
0.18233
0.11064
0.28289
0.22258
0.26925
0.17586
0.32788
0.12176
0.86671
0.10723
0.25183
0.5648
1.1678
0.50882
0.32582
0.62867
0.21036
0.096233
0.80832
0.10948
0.52652
0.25971
0.25151
0.087242
0.48205
0.12124
0.094002
1.0171
1.2107
0.94764
0.24694
0.16514
0.62659
0.11511
0.10511
0.084086
0.86306
0.67263
0.22537
0.12467
0.16859
0.25524
0.072834
0.87929
0.26095
0.10813
0.1329
0.21207
0.49145
0.15194
0.13137
0.21824
0.090766
0.13203
0.17263
0.8146
0.092162
0.1043
0.12907
0.13807
0.89065
0.1417
0.16162
0.192
0.5939
0.48577
0.4398
0.81039
0.16443
0.16044
0.11876
0.21001
0.11638
0.3864
0.079678
0.059491
0.76526
0.3505
0.27059
0.30343
0.073984
0.1747
0.3689
1.0585
0.30332
0.31259
1.1904
0.82311
0.57063
0.45657
0.1209
0.091998
0.66136
0.11628
0.13531
0.069672
1.1347
0.63776
0.37748
0.62721
0.51997
1.0604
1.4311
0.41776
0.094667
0.15509
0.16062
0.17551
0.94154
0.47718
0.091874
0.13319
0.069969
0.21566
0.25919
0.76586
0.44798
0.30084
0.092622
0.40565
0.68711
0.21999
1.1281
0.16574
0.089867
0.49251
0.2849
0.86722
0.22704
0.71521
0.82821
0.094773
1.2544
0.8738
0.17632
0.1402
0.4551
0.40203
0.4243
0.35345
0.26232
0.10932
0.16739
0.33008
1.1212
0.14689
0.19676
0.97895
0.95006
0.25147
0.1516
0.49249
0.22244
0.4177
0.4178
0.2137
0.35933
1.2628
1.0714
0.10634
0.10239
0.17535
0.22501
0.093304
0.36455
0.46717
0.066134
0.32115
0.58428
0.72315
0.78149
0.098725
0.12745
1.0082
0.097599
1.1968
0.2201
0.16526
0.11699
0.10721
0.24467
0.11722
0.1631
0.36871
0.3147
0.56397
0.17722
0.7417
0.23049
0.1287
0.18602
0.44505
0.098579
0.10148
0.16761
0.14273
0.24085
0.6812
1.1972
0.30963
0.75663
1.2939
0.1591
1.2807
0.70051
0.60032
0.12711
0.63635
0.35072
0.36721
0.92045
0.40474
0.96573
0.20841
0.10888
0.33496
0.15845
0.082575
0.58556
0.92921
0.09877
0.13199
0.19457
0.21364
0.18778
0.10644
0.1798
0.13227
0.40196
0.17061
0.10818
0.17872
1.1124
0.087108
0.39725
0.21344
0.12866
0.48534
0.33091
0.8017
0.15621
0.39192
0.35744
0.19598
0.89496
1.2561
0.34594
0.21758
0.082944
0.13072
0.11482
0.089615
0.2093
0.44227
0.10455
0.35937
0.086472
0.37619
0.3285
0.1635
0.11444
1.4833
0.066805
1.1171
0.28443
0.53046
0.23032
0.20588
0.41087
0.27045
0.22571
0.13727
0.6567
0.11574
0.11377
0.49295
0.8881
0.19681
0.63206
0.07788
0.77965
0.33379
1.1663
0.31781
0.10771
0.86858
0.18041
0.13233
0.19497
0.95528
0.1924
0.093231
0.21429
0.48213
0.12997
1.2494
0.96572
1.1882
0.5366
0.78984
1.1729
0.12603
0.1892
0.15077
0.44498
0.096761
0.11852
1.2464
0.22473
0.071393
1.1485
0.071026
0.12483
0.16054
0.18047
0.36054
0.84426
0.095823
0.84756
0.48671
0.17416
0.12368
0.2819
0.069903
0.25235
0.59946
1.1442
0.20848
0.38804
0.11075
0.10631
0.19394
0.092421
0.065777
0.099033
0.36253
1.2752
0.74419
0.17668
0.16354
0.58665
0.30053
0.2922
0.55512
0.20041
0.18739
0.16002
1.569
0.19923
0.82088
0.47005
0.12061
0.2496
0.693
0.091218
0.7542
0.64453
0.68455
0.46717
0.079827
0.16195
0.16988
0.41187
0.95537
0.67842
0.88537
0.27918
0.93796
1.2933
0.83611
0.68354
0.80148
0.20353
0.76128
0.10331
0.32724
0.49278
0.4655
0.19778
0.099181
0.11597
0.83239
0.17467
0.29235
0.17041
0.80231
0.58571
0.079267
0.57447
1.0254
1.2711
0.49924
1.0185
0.11573
0.17317
0.60143
0.32169
1.0283
0.69414
1.2022
0.20517
0.35318
0.5113
0.33976
0.66762
1.2334
0.98635
0.27726
0.086445
1.0342
0.68012
0.15779
0.57403
0.077777
0.68497
0.15892
0.59653
0.83532
0.13416
0.37266
0.16246
0.08661
0.55497
1.084
1.2385
0.27605
0.34638
0.93131
0.30849
1.2927
0.62554
0.7101
0.71777
0.1846
1.0829
0.79443
0.12035
0.097737
0.25028
0.42334
0.14366
0.071173
0.22736
0.093493
0.18902
1.4519
0.52487
0.37016
0.30711
0.52892
0.74568
0.47596
0.30222
0.56843
0.09262
0.19581
0.16096
0.43624
0.076314
0.81923
1.0349
0.49265
0.89557
0.68676
0.95434
0.8087
0.32249
1.1143
0.15481
0.083185
1.1689
1.1371
0.21942
0.66393
0.45187
0.41267
0.32673
0.43243
0.14654
0.15526
1.0607
0.46843
0.2441
0.095961
0.11086
0.37123
0.19684
0.19522
0.5737
0.36498
0.13545
0.11524
0.88282
0.12873
0.9143
0.96575
0.099412
0.22281
1.3874
0.28178
1.2068
0.31172
1.2737
1.2879
1.5275
0.30669
0.28531
0.25605
0.19489
0.1741
0.15539
0.087745
1.7239
0.25045
0.96827
0.18435
0.68248
0.66395
0.49177
0.10862
0.12029
0.73595
0.36015
0.28265
0.090317
0.42661
0.78916
0.50116
0.28641
0.071789
0.35697
0.14227
0.13866
1.1506
0.57263
0.40044
0.34614
0.31662
1.2291
0.1225
0.092087
0.12613
0.93291
0.17274
1.1689
0.1026
0.60842
0.85465
0.26419
0.88388
0.19384
0.21817
0.20294
0.2892
0.47093
0.21903
0.16168
1.1343
0.12405
0.35073
0.75215
0.1025
0.17536
0.19628
0.4483
1.1313
0.42788
0.18781
0.29094
0.57066
0.16762
0.2388
1.0432
0.36962
0.086306
0.64666
1.0051
0.1755
1.1248
0.22276
0.40126
1.3695
0.75105
0.2798
0.079149
0.97293
0.13335
0.10428
0.34425
0.10352
0.34393
0.91695
0.072404
0.30725
0.1132
0.41579
0.67451
0.77816
0.30131
0.15362
0.26518
0.41781
1.5823
0.34363
0.29253
0.20958
0.36063
0.47603
0.11948
0.41251
0.078085
0.22225
0.12393
0.36074
0.73873
1.1205
0.1579
0.15636
0.12779
0.42854
0.12853
0.1346
0.14517
0.32287
0.3203
0.26907
0.092216
0.21298
0.76565
0.9644
0.3977
0.64577
0.15467
0.090201
0.26197
0.16663
0.093517
1.4522
0.16679
0.31038
0.22127
0.43411
0.14689
0.40401
0.2927
0.40982
0.23666
0.13805
0.63566
0.090459
0.87537
0.66889
0.95739
0.17581
0.31147
0.11554
0.78786
0.090656
0.33358
0.17466
0.093158
0.12943
0.12567
0.11049
0.48611
0.46211
0.53284
0.044376
0.11689
0.29249
0.095174
0.3799
0.19284
0.085816
0.10022
0.2451
0.14305
0.30637
0.17255
0.26292
0.10386
0.81465
0.14121
1.7312
0.10314
0.25959
0.087743
0.099493
1.0384
0.21921
0.051989
0.44403
0.74595
0.10425
0.53924
0.35724
1.2014
0.28017
0.077424
0.61775
0.45038
1.0925
0.09273
0.081105
0.12488
0.83459
0.12076
1.2208
0.32426
0.20139
0.31833
0.10783
0.30943
0.3478
1.2389
0.42737
0.18887
0.16075
0.68186
0.20481
1.252
0.34124
0.22255
0.43967
0.11848
0.2931
0.87531
0.56236
0.43925
0.17001
0.10721
0.70524
0.39888
0.10579
0.9893
0.13781
0.62183
0.075167
1.0381
0.12563
0.13556
0.7626
1.0142
0.14242
0.24216
1.3238
0.35528
0.27867
0.26985
0.21404
0.34294
0.20488
0.64159
0.12805
0.32004
0.08174
0.43211
0.20157
0.21551
0.066258
0.31682
0.30969
0.10206
0.14439
1.213
0.15862
0.50628
0.11298
1.1157
0.13802
0.19267
0.41888
0.079189
0.1296
0.071723
0.08164
0.43072
0.49359
0.083484
0.46547
0.22288
0.20826
1.4221
1.0412
0.18591
0.087432
0.28459
1.0788
0.20764
0.47524
0.10063
0.083891
0.26894
1.0688
0.11253
0.12695
0.83357
0.21886
0.54338
0.74432
0.11923
0.092713
0.063889
0.20087
0.24167
0.094188
0.22727
0.16719
0.092992
1.0531
0.50933
0.14239
0.13608
0.43631
1.3223
0.5389
0.14577
0.20315
0.72121
0.083701
0.22299
0.23034
0.42373
0.46483
0.084785
0.36055
0.67611
0.089142
0.27754
0.11133
0.14872
0.51686
0.2912
0.23554
0.6503
0.11984
0.8343
0.24572
0.961
0.34814
0.13793
0.25986
0.67288
0.85553
0.099674
0.26607
0.72249
0.50791
1.2833
0.7665
0.13915
0.75451
0.51923
0.34844
0.27414
0.36548
0.40749
0.075616
0.51681
0.50483
0.23801
0.14169
0.29623
0.50869
0.75621
0.16723
0.095861
0.2843
0.49203
0.30149
0.33087
0.96246
0.48056
0.1606
0.18706
0.36724
0.65709
0.10244
0.077793
0.14514
0.39105
0.17287
0.17515
0.18867
0.1001
0.17182
0.13432
0.62639
0.37066
0.12828
0.45879
1.0938
0.15046
1.2575
0.11152
0.58753
0.12447
0.10676
0.10507
0.96076
0.44775
0.90098
0.3706
0.15489
0.16871
0.10916
1.2651
0.18346
0.13143
0.77265
0.095252
0.15713
0.18347
0.086602
0.29475
0.12443
0.090436
0.44426
0.38572
0.39934
0.16389
1.3053
0.65948
1.156
0.36062
0.074421
0.62331
0.2105
0.15003
0.21855
0.09493
0.34157
0.35589
0.14666
0.54264
0.094936
0.11269
0.2737
1.2039
0.08797
0.42595
0.23582
0.18376
0.70331
0.36756
0.10057
0.23788
0.10549
0.32062
0.071856
0.55619
0.17796
0.67591
0.35564
0.079482
0.20516
0.60956
0.34086
0.10142
0.14522
0.1503
0.099403
0.52721
0.84047
0.1039
0.58703
0.23927
1.0716
0.96354
0.56733
0.68959
0.72616
0.63046
0.23638
1.2122
1.2421
0.15089
0.71972
0.23953
0.69624
0.15141
0.78026
0.37603
1.0382
0.64719
0.29845
0.22903
0.4007
0.66624
0.14826
0.93086
0.2469
0.27267
0.21665
0.62974
0.8087
0.90486
0.18823
0.27023
0.94271
0.47896
1.1188
0.11609
0.27417
0.29562
0.76618
0.12677
0.36726
0.1185
1.1451
0.1791
0.085379
0.67489
0.26628
0.080975
0.30808
0.25157
0.92925
0.39794
0.67156
0.16926
0.10164
0.10763
0.30652
0.34138
0.29668
0.10355
0.26433
0.30468
0.11055
0.27819
0.19531
0.27781
0.26988
1.6857
0.46124
0.098059
1.149
0.33279
0.20671
0.68299
0.59819
0.52218
0.086759
0.15166
0.91981
0.068613
0.1668
0.089348
0.91179
1.3003
0.59426
1.2053
0.15861
0.30449
0.24578
0.087832
0.12356
0.26142
0.87658
0.84142
0.26534
0.15498
1.2497
0.70941
0.18823
0.22522
0.10497
0.23844
0.81588
0.42581
0.20137
0.41532
1.1264
0.13769
1.063
1.0275
0.91204
0.79037
0.32941
0.20315
1.0035
0.77678
0.85304
0.24513
0.26856
0.35935
0.12285
0.66404
0.43711
0.15048
0.25939
1.1292
0.23761
0.50965
0.42003
0.15341
0.31057
0.11356
0.13786
0.73998
0.081369
0.11829
0.51288
0.13819
0.12778
0.26011
0.23137
0.56927
0.13063
1.0479
0.31285
0.36519
0.27892
0.22334
0.098672
1.0259
0.26504
0.623
0.11167
0.351
0.46384
1.576
0.39127
0.16653
0.6093
0.23814
0.78196
0.11628
0.89981
0.24226
0.15468
0.71794
0.12334
0.17313
1.1142
0.21637
1.0531
0.1749
0.26112
0.13698
0.0873
0.80988
0.12566
0.34412
0.17151
0.81845
1.2313
0.24373
1.1864
0.90716
0.11425
0.94969
0.3657
0.32937
0.14854
0.13182
0.33689
0.34792
0.092617
0.41689
0.71836
0.76207
0.21559
0.13885
0.62145
1.0497
0.42839
0.80841
0.49047
0.78743
0.64217
1.1024
0.081939
0.6703
0.97492
0.91767
1.0264
0.53514
1.0719
0.090619
0.1091
0.079954
0.14177
0.17961
0.86734
0.16973
0.67594
1.2241
1.3498
0.91724
0.10981
0.92311
0.24325
1.1945
0.5605
0.32844
0.099865
0.35726
0.19423
0.078087
0.15465
0.10873
0.074682
0.073588
0.26973
0.35687
0.12082
0.37379
0.1585
0.32932
1.0983
0.22267
0.47652
0.20356
0.17247
0.15064
0.2452
0.18218
0.98369
0.070833
0.11231
0.73728
0.45554
0.39599
0.10779
0.23344
0.4124
0.37638
0.40694
0.12725
0.99222
0.4159
0.31877
0.48376
0.59438
0.26879
0.3748
0.10683
0.1699
0.56787
0.20966
0.53573
0.85171
0.21534
0.64499
0.063832
0.38842
0.47817
0.31894
0.35058
0.11983
0.11361
0.098945
0.31921
0.084485
0.089483
0.44677
0.51368
0.22332
0.96131
0.40141
0.15154
0.89894
0.077386
0.1183
0.20411
0.12683
0.18429
1.088
0.091905
0.13367
0.1602
0.070777
0.47554
1.6557
0.18872
0.38204
0.11601
0.093932
0.27825
0.10268
0.41308
0.69586
0.56632
0.80559
1.1296
0.061191
0.24914
0.18452
0.81304
0.19637
0.69761
0.13658
0.61825
0.2215
0.70145
0.28701
0.635
0.16452
0.34526
0.14483
0.20498
1.2232
0.10476
0.18347
0.52118
0.754
0.09047
0.17282
0.3589
0.10909
0.086195
0.88183
0.14766
0.29332
0.57373
0.081197
0.97034
0.54548
0.54152
0.14386
0.4605
0.7671
0.42424
0.12861
0.07264
0.097301
0.19244
0.25814
0.20912
0.089667
1.0527
0.50064
1.1778
0.052956
0.31511
0.18724
0.13981
0.16437
1.2388
0.21206
0.1449
0.40006
0.24169
0.10109
0.20341
0.074524
0.58949
0.9479
0.12503
0.11461
0.53463
0.29605
0.075773
0.32452
0.18152
0.092738
0.40114
0.92534
0.33326
0.086815
1.1084
0.16777
0.17341
0.11101
0.13744
0.1544
0.18769
0.085632
0.12334
0.1747
0.52175
0.11385
0.54428
0.068785
0.17033
0.083295
0.88388
0.56269
1.1013
0.79065
1.0174
0.50878
0.95737
0.17337
0.1071
0.11839
0.40857
0.15514
1.1745
0.094309
0.091792
1.1783
0.083341
0.46854
0.14571
0.095708
1.0184
0.16346
0.53388
0.44014
0.91429
0.11902
1.009
1.2907
1.1806
0.12928
0.26682
0.12317
0.096999
0.23476
0.11101
0.17127
0.082494
0.49485
0.093478
0.4782
0.31448
0.14422
0.62938
1.45
1.2018
0.12825
0.22014
0.12927
0.32009
0.078364
1.137
0.35114
0.33712
0.18325
0.18508
0.077149
0.74692
1.4256
0.57834
0.25929
0.90274
0.12884
0.72242
0.16959
0.20927
0.54837
0.66596
1.0655
0.72214
0.19603
0.14604
0.50067
0.12386
0.11308
0.17372
0.37933
0.89336
0.48923
0.77606
0.22075
0.32911
0.52813
0.19063
0.13683
1.0207
0.81759
0.37482
0.48318
0.41119
0.09246
1.0565
0.15802
0.33052
0.1583
0.12607
0.47265
0.41626
0.92936
0.19333
0.13496
0.98685
0.20741
0.067988
0.1131
0.64745
0.13061
0.86804
0.53583
1.0996
0.71242
0.98848
0.11252
0.73215
0.80925
0.5058
0.35734
0.28691
0.13566
0.20049
0.093783
0.22736
0.094948
0.50964
0.37981
0.5644
0.14702
0.10475
0.12638
0.86222
0.74613
1.2813
0.91221
0.36994
1.011
0.77047
0.12368
0.66183
0.23557
0.71111
0.33228
0.21609
0.38447
0.07983
0.8636
1.4819
0.79449
0.66236
0.083845
0.17342
0.13705
0.19344
0.18272
0.80375
0.29735
0.29085
0.72977
0.88869
0.59084
0.29617
0.62514
0.41571
0.4459
0.23754
0.11918
0.38775
0.074563
0.087845
0.43933
0.11682
0.44707
0.20967
0.19178
0.11286
0.087866
0.2829
0.18831
0.33492
0.44481
0.5524
0.1186
0.18514
0.15632
0.24437
0.095812
0.34124
0.1027
1.015
0.12936
0.60111
0.78985
0.13569
1.5923
0.19346
0.93088
0.10186
0.10944
0.42002
0.084382
0.47811
1.0729
0.13248
1.041
0.16318
0.22223
0.36413
0.07482
0.55729
0.61413
0.079471
0.13237
0.11867
0.20624
0.48703
0.075953
0.1143
0.68336
1.0841
0.27233
0.91406
1.2106
0.2839
0.55837
0.29209
0.08062
0.53968
0.25238
0.25025
0.84569
0.25223
0.076779
0.1106
0.81827
0.51792
0.16818
0.68735
0.095782
0.13187
1.2663
0.73928
0.36306
0.16641
0.13649
0.066337
0.050835
0.2172
1.0218
1.3079
0.84098
0.42244
0.75397
0.62122
0.08704
0.18526
0.4683
0.45938
0.26142
0.25518
0.56091
0.88243
1.1086
0.27836
0.33016
1.2975
0.12417
0.36575
0.56952
0.18578
0.11021
0.93624
0.15605
0.46192
0.20251
0.71383
0.59004
0.14455
0.1611
0.068947
0.19741
0.087314
0.14335
0.093731
0.20613
0.13899
0.10304
0.11763
0.085594
0.12211
1.1485
0.97625
1.2468
0.085889
0.57909
0.34733
0.42568
0.18725
0.10456
0.94154
1.1467
0.26324
0.14167
0.091349
0.12379
0.26043
0.62186
0.36295
0.18323
0.35776
0.11916
1.1032
1.1796
1.0216
0.080772
0.54766
0.59886
0.096138
0.20899
0.22251
0.057991
0.40869
0.11862
0.12271
0.47816
0.58408
0.19398
0.13585
0.069504
1.2014
0.89805
0.25384
0.41298
0.17936
0.085204
0.17341
0.1752
0.0974
0.059556
0.39531
0.3098
0.095164
0.081614
1.0331
0.50126
0.15495
0.27705
0.17078
0.1902
0.637
0.35018
0.17795
0.32764
0.25549
0.63471
0.16308
0.8944
0.74904
0.23579
0.57647
1.0169
0.097224
0.14529
0.099929
0.71481
0.34167
0.85752
0.30725
1.0795
1.0848
0.27617
0.26882
0.067947
0.26332
0.23025
0.20784
1.0712
0.61625
0.90158
0.066146
1.5898
0.10482
1.0639
0.61419
0.24174
0.28911
0.18061
0.92473
0.8118
0.34393
0.44884
0.179
0.77757
1.1366
0.50682
0.73626
0.80266
0.16326
0.36211
0.20433
0.21043
0.13026
0.093939
0.26148
1.1863
0.83885
0.064036
0.17464
0.071303
0.15046
0.10853
0.95409
0.24703
0.83784
0.54189
0.78416
0.7777
0.19317
0.38857
0.15837
0.31315
1.0998
0.19682
0.41611
0.55628
0.3637
0.25408
0.26229
0.094174
0.27953
0.57966
1.0799
1.1672
0.14024
0.39924
0.41236
0.16935
1.1544
0.082374
0.13781
0.10852
0.15988
0.16327
0.56872
0.085966
0.82065
0.27378
0.19726
0.55162
0.24002
1.1015
0.767
0.18703
0.083222
0.1899
0.98715
0.43874
0.43789
0.31861
0.11736
0.66204
0.23002
0.27027
0.50955
0.65612
1.2013
0.19576
0.13444
0.91338
0.67504
0.075353
0.80301
0.50933
0.44181
0.13227
1.0961
0.084272
0.11373
0.2115
0.19103
0.19651
0.64145
0.076398
0.094316
0.15133
0.066957
0.44491
0.13604
0.13369
0.92399
1.5973
0.89519
0.1601
0.15526
0.13945
0.3299
0.20591
1.0409
0.093555
0.3096
0.52931
1.384
0.15093
0.25064
0.32229
0.50417
0.55445
0.16916
0.35591
0.98568
0.28906
1.1429
0.73449
1.0366
1.2132
0.89301
0.18471
1.0732
0.33981
0.40747
0.38235
0.18314
0.57273
0.40377
0.16208
0.36575
0.13519
0.40729
0.1307
0.54534
0.16627
0.52985
0.39107
0.16198
0.0874
0.24596
0.19428
0.37666
0.48961
1.5259
0.73526
0.21422
0.1445
0.55281
0.61037
0.086618
0.20502
0.24916
0.14788
0.36389
0.21853
0.86815
0.12685
0.56863
0.58201
0.10382
0.16086
0.089328
1.4128
0.093712
0.77242
0.33601
0.23188
0.11555
0.49699
0.33331
0.088017
0.181
0.22016
0.28865
0.089449
0.58667
0.28658
1.0081
0.11934
0.1753
0.23006
0.10344
1.1508
0.32354
0.17949
0.20099
0.43443
0.20061
0.10578
0.24299
1.4291
0.09528
0.53624
0.22997
0.077697
0.16387
0.27284
1.0037
0.096755
0.095613
0.11737
1.0157
0.091094
0.36018
0.47631
0.59286
0.19854
0.36854
1.0362
0.34939
0.54711
1.1443
0.24764
0.87048
0.43013
0.63774
1.321
0.26206
0.52883
0.24291
0.067066
0.46822
1.1265
0.11041
1.1198
0.13849
0.76576
0.76572
0.38219
0.51898
0.19124
0.07144
0.092124
0.083543
0.60343
0.10427
0.50825
0.1546
0.11774
0.29353
0.79215
0.71389
0.53548
0.38394
0.16577
0.54977
0.29858
0.11166
0.20437
0.2648
0.64425
0.79651
0.38101
0.16464
1.1132
1.1019
1.1894
0.30376
0.67176
0.1471
0.25815
0.108
0.56088
0.25402
0.57094
1.111
0.11224
0.10029
0.80171
0.18079
0.50549
0.24722
0.88119
0.12909
0.50059
0.29316
1.2268
0.31645
0.86197
0.2211
0.38754
0.21839
0.20465
0.066756
0.30791
0.17799
0.31172
0.10523
0.085912
1.5862
0.16031
0.96474
0.86385
0.59174
0.14788
0.22775
0.39905
0.90988
0.49813
0.75866
1.0534
0.21902
0.2522
0.11272
0.086498
0.43733
0.096869
0.64844
0.23434
0.062734
1.4462
0.23528
0.1037
0.083948
0.09515
0.077521
0.41182
0.12846
0.63909
0.11934
0.13317
0.32431
0.1842
0.10318
0.079855
0.50634
0.24821
0.39497
0.33138
0.22518
0.13776
1.077
0.13063
0.31318
0.19038
1.2031
0.37066
0.94398
0.40672
0.20061
0.41995
0.13064
0.092718
0.1437
0.17907
0.11281
1.0471
0.09139
0.2272
0.1771
0.9794
1.282
0.10727
0.67118
0.13942
1.2023
0.8601
1.1541
0.16081
0.44535
0.11815
0.82822
0.15121
0.081671
0.093161
0.63756
0.12058
1.2643
0.26253
0.19089
0.56578
0.4575
0.097852
0.1174
0.10778
0.18005
0.70485
0.5277
0.091436
0.94805
0.12206
0.069195
0.12044
0.8023
0.26585
0.12341
0.93389
0.18445
0.45602
0.10669
0.17886
0.17708
1.1183
0.15619
0.095174
0.22005
0.16992
0.26316
0.30417
0.49175
0.98558
0.44147
0.19952
0.18726
1.0409
0.92826
0.14196
0.093682
0.15472
0.61383
0.46759
1.0262
0.51525
0.15312
0.11573
0.90105
0.088501
1.3137
0.4685
1.2652
0.68206
0.26756
0.11548
0.47584
0.91615
0.29224
0.59082
0.1287
0.087972
0.41696
0.14508
0.31917
0.32699
0.5549
0.21016
0.13395
0.59988
0.23927
0.24869
0.94024
0.10431
0.27093
0.17936
0.34652
0.29654
0.11467
0.37076
0.14572
0.28458
0.64072
1.1736
0.15139
0.68396
0.61583
0.10514
0.58841
0.94468
0.83765
0.30937
0.58514
0.41684
0.15628
0.46387
0.15694
0.5264
0.46138
0.33525
0.20167
0.44529
0.23459
1.1633
0.090146
0.19345
0.3816
1.199
0.12242
0.61314
0.1352
0.1399
0.80049
0.76266
0.3962
0.20087
0.21255
0.15487
0.1094
0.21255
0.99826
0.14283
0.1018
1.3106
0.36734
0.17102
0.44924
1.2031
1.3686
0.19469
0.097821
0.22113
0.17472
0.13052
0.14215
0.17835
0.10187
0.26539
0.16383
0.2019
0.12392
0.25263
0.11647
0.3849
0.46368
0.86011
0.11907
0.22169
0.28704
0.87524
0.10543
0.63298
0.17253
0.13204
0.92023
0.1421
0.13822
0.15056
0.78664
0.11611
0.27946
1.1186
0.089208
0.48738
0.091291
0.43178
0.2659
0.26707
0.26707
0.45809
0.13862
0.57298
0.086366
0.4504
1.1053
0.5539
0.09835
0.56769
0.22203
0.1099
0.11617
0.15566
0.10103
0.5938
1.0383
0.10502
0.22991
0.24238
0.1422
0.78171
0.99128
0.72884
1.1748
0.77613
1.0899
0.7064
0.17974
0.09462
0.18417
0.24267
0.62253
0.298
0.086504
0.52677
0.11662
0.17253
0.22972
0.16886
0.18569
1.2753
0.079557
0.18508
0.32093
0.68085
0.19415
0.14297
0.076791
0.11099
0.10193
0.46241
0.17518
1.1652
0.2017
1.0979
0.31959
0.20349
0.14887
0.12754
0.31826
0.64805
0.23359
1.1138
0.093321
0.93773
1.0565
0.085554
1.0737
0.15463
0.85322
0.69057
1.152
0.47545
0.10318
0.094297
0.15409
0.11719
0.47184
0.11258
0.76228
0.22859
0.29392
0.77008
1.0912
0.9619
1.1423
0.41885
1.1243
0.36508
0.21644
0.17958
1.2755
1.3059
0.24859
1.5565
0.815
0.091832
0.22454
0.25929
0.11237
0.4001
0.963
0.75144
0.17445
0.48372
0.3125
1.1214
0.37795
0.08685
0.099785
0.42584
0.17943
1.1015
0.087483
0.20252
0.29735
0.59521
1.051
0.1974
0.081486
0.12379
0.68685
0.15061
0.068924
0.11332
0.16786
0.17931
0.30922
0.075389
0.1662
0.22145
0.23709
0.12333
0.28775
0.22217
0.94846
0.356
0.13069
0.16277
0.12361
0.10566
0.97802
1.1053
0.2584
0.19669
0.13874
0.22186
0.21485
0.77982
0.10495
0.095063
0.78834
0.42791
0.084652
0.15822
0.09906
0.92222
0.3154
1.1838
0.86994
0.12983
0.217
0.10003
0.59759
0.097543
0.36539
0.58027
0.23128
1.4762
1.1258
1.1147
0.22874
0.70545
0.31223
0.11921
0.32856
0.15475
1.3778
0.085844
0.25006
0.14183
0.34953
0.85043
0.69131
0.5308
1.4732
0.10956
0.22718
0.402
0.60956
0.4856
0.46325
1.1161
0.42228
0.16595
0.20435
0.42013
0.63725
0.49893
0.50705
0.1515
0.20472
1.1608
0.6992
0.36834
0.28306
0.12146
0.29018
0.19153
0.63129
0.25891
0.34057
0.43359
0.24046
0.27681
0.11016
0.46502
1.1294
0.49011
0.076258
0.12898
1.2216
0.55415
0.16521
1.2515
1.1601
0.14211
0.27051
0.21796
0.14009
0.095731
0.74574
0.11304
0.10016
0.30267
0.20652
0.5157
0.6191
0.67046
0.59977
0.14905
0.071374
1.0541
0.31237
0.32441
0.10747
0.11108
0.21605
0.09436
1.1336
0.57417
0.31429
0.65697
0.07504
0.20266
0.13216
0.27333
0.11158
0.43265
0.065798
1.4944
1.1663
0.12795
0.91078
0.74798
0.11935
0.087873
0.17668
0.69214
0.13854
0.28488
0.15684
0.97204
0.14281
0.22334
1.5857
0.20739
0.23379
0.17924
0.11938
0.10648
0.12423
0.089546
0.18607
1.1693
0.93861
0.21533
0.12149
0.1141
1.1908
0.29158
0.19609
1.0263
1.0547
0.77571
0.13359
0.16753
0.62842
0.36865
0.40906
0.15827
0.30098
0.10397
0.089032
1.2322
1.4519
0.49871
0.12913
0.80189
0.37376
0.09552
0.65491
0.079897
0.78448
0.2559
0.069839
1.0823
0.15833
0.56527
0.1084
0.53033
0.078528
0.10666
0.85063
0.22099
0.20596
0.075709
0.21245
1.2363
0.10604
0.16591
0.11912
0.10627
0.45435
0.090753
1.2353
1.4133
0.71135
0.66475
0.1218
0.18631
0.13713
1.1707
0.52708
0.13196
1.5863
0.56606
1.2572
0.085018
0.98835
0.16015
0.08464
1.3544
0.20414
0.23771
0.63541
0.10144
0.36745
0.32582
0.36079
0.31346
0.40901
0.2165
0.32719
0.27887
0.30386
0.28695
0.046231
0.51376
0.5458
0.40557
0.096346
0.087871
0.15575
0.50461
0.23875
0.074897
0.083355
0.13948
0.17783
0.89209
0.14542
1.0105
0.20176
0.13632
0.902
0.31166
0.29561
0.75305
0.55857
1.009
0.14705
0.153
0.2144
0.12568
0.25602
0.089135
0.095541
1.2472
0.60075
0.2256
0.17932
0.18015
0.1062
0.10034
0.22258
0.12107
0.21403
0.14394
0.1179
0.66976
0.11383
0.28363
0.5648
0.17156
0.53644
0.74288
0.11219
0.096294
0.14934
0.13408
0.099664
1.0247
0.22371
0.25151
0.47515
1.0517
0.37409
0.35853
1.0019
0.19118
1.222
1.0329
0.13068
0.42404
0.93019
0.27237
0.084086
0.47256
0.87326
0.15242
0.78155
0.75865
0.25524
0.31074
0.10608
0.93368
0.090143
0.79228
0.18344
0.15746
0.64162
0.24287
0.21824
0.17349
0.31984
0.079119
0.75619
0.13527
0.1964
0.1675
0.92932
0.31352
0.59302
0.96645
0.15252
0.4697
0.48577
0.95251
0.14605
0.16443
0.16044
0.17624
0.10466
0.22556
0.51921
0.079678
0.48928
0.30007
0.28484
0.34274
0.082844
0.1497
0.1747
0.26205
0.22156
0.30332
0.15875
0.14856
0.1917
0.73736
0.075423
0.23373
0.35494
1.2165
0.20261
0.15313
0.36833
0.12082
0.63776
0.087192
0.62721
0.44444
0.66439
0.48906
0.19498
0.98927
1.0346
0.47776
0.29441
0.94154
0.45667
0.13471
0.10289
0.098692
0.21566
0.15317
0.89448
0.074923
0.48499
0.43845
0.50346
0.4221
0.13147
0.68561
0.355
0.27369
0.18964
0.91296
0.25191
0.32585
0.71521
0.12665
0.094773
0.17172
0.12658
0.17632
1.558
0.20523
0.25646
0.22997
0.26849
0.12547
0.18558
0.15012
0.087974
1.1212
0.14689
0.76938
0.79423
0.68025
0.23525
0.78392
0.2252
0.18106
0.14451
0.26171
0.12988
0.095318
0.14658
1.0714
0.082184
0.1369
0.32189
0.10453
0.60123
0.22235
0.46717
0.28944
0.4209
0.21536
0.25268
0.10511
0.11221
0.12745
1.2359
0.84741
0.15967
0.2201
0.054919
0.32323
0.31874
0.087134
0.40098
0.41253
0.26258
0.24157
1.0808
0.10844
0.22566
0.42592
0.30782
0.27928
0.097456
0.13264
0.077714
0.16761
1.2634
0.24085
0.64929
0.19757
0.30963
0.43793
1.2939
0.37036
0.11923
0.70051
0.13188
0.2793
1.1573
0.48995
1.1354
1.0707
0.66054
0.56922
0.20841
1.0954
0.33335
1.2942
0.34743
0.095006
0.14916
0.14315
0.40393
0.094182
0.22551
0.12964
0.075593
0.082509
0.75454
0.53916
0.94369
0.49056
1.0781
0.3059
0.67196
0.50006
1.0886
0.092788
0.48534
0.15326
0.8017
1.0494
0.20686
0.11761
1.0452
0.47397
0.4699
0.16866
1.1847
0.089049
1.4015
0.50243
0.31926
0.2093
0.5187
0.45506
0.49809
0.16823
0.65596
0.13538
0.10422
0.95945
0.13929
0.066805
0.13364
0.28443
0.18833
1.2119
0.086695
0.14607
0.48434
1.3465
0.78851
0.30948
1.0232
0.11377
0.25365
0.18708
0.1261
1.2254
0.38185
0.77965
0.33379
0.19629
0.35798
0.37597
0.44972
0.52976
0.083815
0.21684
0.093627
0.084256
0.40616
0.062766
0.10502
0.74894
0.29747
0.39861
0.20758
0.30769
0.78984
0.34019
1.2163
0.59324
0.19511
0.28076
0.93369
0.092852
0.14095
0.060497
0.19996
0.27749
0.084269
0.12483
0.085376
0.10467
0.47236
0.17873
0.095823
0.10178
0.14068
0.17416
0.16986
0.10457
0.11501
0.91616
1.1934
0.10215
0.10115
0.34004
0.23167
1.5331
0.15942
0.52997
0.065777
0.16378
0.64591
1.2752
0.34482
0.43343
0.16354
0.33384
0.56007
0.2922
0.7038
0.86617
1.2639
0.1245
0.90914
0.25232
1.0446
0.11846
0.1782
0.26961
0.80336
0.51607
0.18236
1.525
0.30041
0.086666
1.1651
0.46553
0.10112
0.61483
0.85211
0.67842
0.47278
0.32098
0.082641
0.14909
0.17999
0.058881
0.17032
0.10552
0.13534
0.74794
0.2384
1.0781
0.1788
0.081952
0.64909
0.25346
0.077388
1.1433
0.90844
0.20271
0.094753
0.68841
0.32473
0.1529
0.098734
0.33011
1.2531
0.31976
0.40611
0.36628
0.19821
0.17861
0.16371
0.22118
0.18899
0.3804
0.7078
0.71057
0.51212
0.25105
0.33376
0.64374
0.28769
0.74698
0.82337
0.68012
1.189
0.10209
0.19078
1.0135
0.10601
0.20102
0.83532
0.20559
0.53838
0.35784
0.08661
0.25794
1.1406
1.2495
1.2847
0.17126
0.16586
0.34242
0.089023
0.62554
0.4226
0.11542
0.10905
0.10395
0.73975
0.29377
0.38625
0.23517
0.13808
0.5233
0.071173
0.11648
1.0753
0.37899
0.26039
0.26684
0.37016
1.0166
0.51228
1.1603
0.70155
0.31808
0.23013
0.63769
0.32713
0.077924
1.1011
0.10058
0.22992
0.54125
0.06339
0.27283
0.33105
0.49929
0.24466
0.12842
1.1143
0.14674
0.14028
0.45721
0.19712
1.0213
0.12621
0.45187
0.39664
0.25487
0.14628
0.51945
0.093376
1.1835
0.17043
1.0228
0.21898
0.62194
0.24375
0.31948
0.19522
0.098414
0.11163
0.07877
0.43679
0.16608
0.34753
0.075933
0.075951
0.15265
0.59489
0.46519
0.28178
0.18597
1.7043
0.10902
1.0598
0.34919
0.11063
0.95352
0.17773
1.0954
0.23868
0.22957
0.3827
1.7239
0.18164
0.27089
0.89322
0.70196
0.66395
0.543
0.10862
0.1007
0.43289
0.91344
0.35584
0.93087
1.1268
0.36588
0.32547
0.44785
0.16647
0.58883
0.24743
0.35944
0.14601
0.2594
0.5201
0.34614
0.16522
1.4176
1.0307
0.16908
0.19721
0.14537
0.29895
0.308
0.15965
0.60842
0.12301
0.23652
1.0177
0.11408
0.21817
0.14135
0.3241
0.2436
0.13242
0.10251
0.16051
0.14688
0.43793
0.99993
0.1025
0.1117
0.44346
0.86518
1.2063
0.98474
0.99716
0.13527
0.4801
0.36106
0.7476
0.37696
0.63972
0.075365
0.082133
0.86182
0.35036
0.82544
0.10522
0.90233
1.3695
0.70887
0.3791
0.11559
0.091577
0.25658
0.52793
0.34425
0.14518
0.089581
0.53421
0.097659
1.3673
0.076707
0.65066
1.1735
0.50027
0.35642
0.15362
0.14354
0.79474
0.40938
0.55857
0.14036
0.20958
0.37529
0.080491
0.27568
0.41251
0.68057
0.1131
0.075787
0.65195
0.30002
0.9699
0.20485
0.18783
0.383
0.11278
0.12853
0.86951
0.53257
0.51328
0.064176
0.26907
0.44987
0.21298
0.98472
0.74476
0.12834
1.1342
0.10685
0.62746
0.12457
0.16663
0.064832
0.57673
0.1307
0.27679
0.070288
0.10027
0.58913
0.40831
0.1701
0.40982
0.09725
0.30393
0.73326
0.082772
0.36532
0.14763
0.57277
0.093879
0.32025
0.95495
0.2788
1.0208
0.15893
0.17466
0.32256
0.13172
0.095119
0.23411
0.11324
0.29364
0.62561
0.38639
1.52
0.098582
0.1308
0.060934
0.077313
0.7031
0.10022
0.28581
0.14305
1.2126
0.77236
0.075591
0.74851
0.96555
0.1511
0.80208
0.35283
0.089131
0.3591
0.49793
0.59105
0.69251
0.12762
0.49084
0.16158
1.196
0.16714
0.086062
0.18552
0.077186
0.31943
0.4827
0.085182
0.2195
0.09273
0.56185
0.99197
0.83459
0.15219
0.28161
0.21652
0.30589
0.11638
0.37844
0.071059
0.26809
0.81228
0.42737
0.23407
1.0582
0.10831
0.38289
0.1434
0.18513
0.22255
0.068482
1.2877
0.2931
0.091541
0.69314
0.91966
1.0433
0.58731
0.1077
0.13911
0.14245
0.35733
1.5126
1.0948
0.17883
0.083584
1.0198
0.13556
0.13597
0.64961
0.30377
0.39197
0.07426
0.16448
0.2393
0.30261
0.74238
0.60234
0.18946
0.12999
0.087679
0.20148
0.43838
1.0578
0.12887
0.36306
1.3002
1.0709
0.35884
0.12503
0.23526
0.086608
0.10423
0.56514
0.15253
0.83527
0.49047
0.14226
0.16451
0.81746
0.089158
0.6894
0.38424
0.56843
0.12473
1.1389
0.1278
0.088179
0.97706
0.13862
1.2384
0.20787
0.17691
0.10056
0.16566
0.6207
0.12784
1.3901
0.063576
0.095733
0.58972
0.68482
0.53471
0.38605
1.1653
1.0178
0.77051
0.40497
0.38533
0.22488
0.27733
0.40902
0.17614
0.091781
0.4195
0.15454
0.24725
0.12213
0.70239
0.13354
0.081431
0.55032
0.5389
0.18358
0.20315
0.72121
0.13772
0.50013
0.10268
0.3859
0.82394
0.066479
1.151
0.81029
0.089142
0.27754
0.11133
0.14872
0.51686
0.2912
0.23554
0.6503
0.11984
0.8343
0.24572
0.961
0.34814
0.13793
0.25986
0.67288
0.85553
0.099674
0.26607
0.72249
0.50791
1.2833
0.7665
0.13915
0.75451
0.51923
0.34844
0.27414
0.36548
0.40749
0.075616
0.51681
0.50483
0.23801
0.14169
0.29623
0.50869
0.75621
0.16723
0.095861
0.2843
0.49203
0.30149
0.33087
0.96246
0.48056
0.1606
0.18706
0.36724
0.65709
0.10244
0.077793
0.14514
0.39105
0.17287
0.17515
0.18867
0.1001
0.17182
0.13432
0.62639
0.37066
0.12828
0.45879
1.0938
0.15046
1.2575
0.11152
0.58753
0.12447
0.10676
0.10507
0.96076
0.44775
0.90098
0.3706
0.15489
0.16871
0.10916
1.2651
0.18346
0.13143
0.77265
0.095252
0.15713
0.18347
0.086602
0.29475
0.12443
0.090436
0.44426
0.38572
0.39934
0.16389
1.3053
0.65948
1.156
0.36062
0.074421
0.62331
0.2105
0.15003
0.21855
0.09493
0.34157
0.35589
0.14666
0.54264
0.094936
0.11269
0.2737
1.2039
0.08797
0.42595
0.23582
0.18376
0.70331
0.36756
0.10057
0.23788
0.10549
0.32062
0.071856
0.55619
0.17796
0.67591
0.35564
0.079482
0.20516
0.60956
0.34086
0.10142
0.14522
0.1503
0.099403
0.52721
0.84047
0.1039
0.58703
0.23927
1.0716
0.96354
0.56733
0.68959
0.72616
0.63046
0.23638
1.2122
1.2421
0.15089
0.71972
0.23953
0.69624
0.15141
0.78026
0.37603
1.0382
0.64719
0.29845
0.22903
0.4007
0.66624
0.14826
0.93086
0.2469
0.27267
0.21665
0.62974
0.8087
0.90486
0.18823
0.27023
0.94271
0.47896
1.1188
0.11609
0.27417
0.29562
0.76618
0.12677
0.36726
0.1185
1.1451
0.1791
0.085379
0.67489
0.26628
0.080975
0.30808
0.25157
0.92925
0.39794
0.67156
0.16926
0.10164
0.10763
0.30652
0.34138
0.29668
0.10355
0.26433
0.30468
0.11055
0.27819
0.19531
0.27781
0.26988
1.6857
0.46124
0.098059
1.149
0.33279
0.20671
0.68299
0.59819
0.52218
0.086759
0.15166
0.91981
0.068613
0.1668
0.089348
0.91179
1.3003
0.59426
1.2053
0.15861
0.30449
0.24578
0.087832
0.12356
0.26142
0.87658
0.84142
0.26534
0.15498
1.2497
0.70941
0.18823
0.22522
0.10497
0.23844
0.81588
0.42581
0.20137
0.41532
1.1264
0.13769
1.063
1.0275
0.91204
0.79037
0.32941
0.20315
1.0035
0.77678
0.85304
0.24513
0.26856
0.35935
0.12285
0.66404
0.43711
0.15048
0.25939
1.1292
0.23761
0.50965
0.42003
0.15341
0.31057
0.11356
0.13786
0.73998
0.081369
0.11829
0.51288
0.13819
0.12778
0.26011
0.23137
0.56927
0.13063
1.0479
0.31285
0.36519
0.27892
0.22334
0.098672
1.0259
0.26504
0.623
0.11167
0.351
0.46384
1.576
0.39127
0.16653
0.6093
0.23814
0.78196
0.11628
0.89981
0.24226
0.15468
0.71794
0.12334
0.17313
1.1142
0.21637
1.0531
0.1749
0.26112
0.13698
0.0873
0.80988
0.12566
0.34412
0.17151
0.81845
1.2313
0.24373
1.1864
0.90716
0.11425
0.94969
0.3657
0.32937
0.14854
0.13182
0.33689
0.34792
0.092617
0.41689
0.71836
0.76207
0.21559
0.13885
0.62145
1.0497
0.42839
0.80841
0.49047
0.78743
0.64217
1.1024
0.081939
0.6703
0.97492
0.91767
1.0264
0.53514
1.0719
0.090619
0.1091
0.079954
0.14177
0.17961
0.86734
0.16973
0.67594
1.2241
1.3498
0.91724
0.10981
0.92311
0.24325
1.1945
0.5605
0.32844
0.099865
0.35726
0.19423
0.078087
0.15465
0.10873
0.074682
0.073588
0.26973
0.35687
0.12082
0.37379
0.1585
0.32932
1.0983
0.22267
0.47652
0.20356
0.17247
0.15064
0.2452
0.18218
0.98369
0.070833
0.11231
0.73728
0.45554
0.39599
0.10779
0.23344
0.4124
0.37638
0.40694
0.12725
0.99222
0.4159
0.31877
0.48376
0.59438
0.26879
0.3748
0.10683
0.1699
0.56787
0.20966
0.53573
0.85171
0.21534
0.64499
0.063832
0.38842
0.47817
0.31894
0.35058
0.11983
0.11361
0.098945
0.31921
0.084485
0.089483
0.44677
0.51368
0.22332
0.96131
0.40141
0.15154
0.89894
0.077386
0.1183
0.20411
0.12683
0.18429
1.088
0.091905
0.13367
0.1602
0.070777
0.47554
1.6557
0.18872
0.38204
0.11601
0.093932
0.27825
0.10268
0.41308
0.69586
0.56632
0.80559
1.1296
0.061191
0.24914
0.18452
0.81304
0.19637
0.69761
0.13658
0.61825
0.2215
0.70145
0.28701
0.635
0.16452
0.34526
0.14483
0.20498
1.2232
0.10476
0.18347
0.52118
0.754
0.09047
0.17282
0.3589
0.10909
0.086195
0.88183
0.14766
0.29332
0.57373
0.081197
0.97034
0.54548
0.54152
0.14386
0.4605
0.7671
0.42424
0.12861
0.07264
0.097301
0.19244
0.25814
0.20912
0.089667
1.0527
0.50064
1.1778
0.052956
0.31511
0.18724
0.13981
0.16437
1.2388
0.21206
0.1449
0.40006
0.24169
0.10109
0.20341
0.074524
0.58949
0.9479
0.12503
0.11461
0.53463
0.29605
0.075773
0.32452
0.18152
0.092738
0.40114
0.92534
0.33326
0.086815
1.1084
0.16777
0.17341
0.11101
0.13744
0.1544
0.18769
0.085632
0.12334
0.1747
0.52175
0.11385
0.54428
0.068785
0.17033
0.083295
0.88388
0.56269
1.1013
0.79065
1.0174
0.50878
0.95737
0.17337
0.1071
0.11839
0.40857
0.15514
1.1745
0.094309
0.091792
1.1783
0.083341
0.46854
0.14571
0.095708
1.0184
0.16346
0.53388
0.44014
0.91429
0.11902
1.009
1.2907
1.1806
0.12928
0.26682
0.12317
0.096999
0.23476
0.11101
0.17127
0.082494
0.49485
0.093478
0.4782
0.31448
0.14422
0.62938
1.45
1.2018
0.12825
0.22014
0.12927
0.32009
0.078364
1.137
0.35114
0.33712
0.18325
0.18508
0.077149
0.74692
1.4256
0.57834
0.25929
0.90274
0.12884
0.72242
0.16959
0.20927
0.54837
0.66596
1.0655
0.72214
0.19603
0.14604
0.50067
0.12386
0.11308
0.17372
0.37933
0.89336
0.48923
0.77606
0.22075
0.32911
0.52813
0.19063
0.13683
1.0207
0.81759
0.37482
0.48318
0.41119
0.09246
1.0565
0.15802
0.33052
0.1583
0.12607
0.47265
0.41626
0.92936
0.19333
0.13496
0.98685
0.20741
0.067988
0.1131
0.64745
0.13061
0.86804
0.53583
1.0996
0.71242
0.98848
0.53228
0.46967
0.34487
0.1891
0.16059
0.72061
0.24941
0.093218
0.1481
0.081092
0.10033
0.28643
0.3595
1.0195
0.17722
0.10475
0.31648
0.33654
0.30218
0.35792
0.081201
0.2431
1.011
1.5987
0.96936
0.13568
0.17253
0.067438
0.53365
0.21609
0.29815
1.128
0.24704
0.26346
0.44796
0.92519
0.11805
1.1981
0.45554
0.41
0.10818
0.09334
0.22525
0.40618
1.3103
0.54218
0.12002
0.29617
0.51883
0.084986
0.78425
0.50242
0.39348
0.46065
0.14929
0.078683
0.26375
0.38226
0.44707
0.1159
0.95305
1.0313
0.087866
0.20064
0.44531
0.33492
0.079222
1.0561
0.12851
0.54276
0.15632
0.7099
0.60441
1.1341
0.1027
0.33225
0.074941
0.25986
0.14272
0.97336
1.5923
1.1745
0.28421
0.10396
0.23155
0.24135
0.54745
0.17508
0.70112
1.0985
0.096213
0.10845
0.25871
0.36413
0.19028
0.48872
0.16983
0.27039
0.49511
0.1826
0.097654
0.119
0.41198
0.23527
0.35715
1.0288
1.2358
0.17575
1.5355
0.8776
1.2862
0.29209
0.082401
0.33751
0.65179
0.11149
0.11476
0.41476
0.413
0.20099
0.07516
0.68611
0.21065
0.067337
0.5926
0.13187
0.7558
0.26651
0.14621
0.36617
0.17184
0.52613
1.0863
1.2149
0.10655
0.11772
1.1137
0.42244
0.75397
0.1505
1.1986
0.71711
0.89794
0.068829
0.55034
0.67765
1.1565
0.1708
0.15711
0.71687
0.26847
1.2975
0.74875
0.16094
0.90315
0.36782
0.40567
0.55921
1.1101
0.20512
0.85841
0.47129
1.6414
0.81449
0.14428
0.29461
1.2053
0.12224
0.40767
0.18204
0.16544
0.87685
0.10304
0.12866
0.53086
0.11427
0.10776
0.12551
0.49167
0.14788
0.076644
0.25192
0.28601
1.7157
0.36295
1.1752
0.79509
0.26324
0.1823
1.1076
1.0134
0.099624
0.53682
0.072018
0.18323
0.16041
0.14163
0.427
1.1796
0.50621
0.13105
0.15953
0.1768
0.10491
0.23665
0.79522
0.23945
1.1072
0.83746
0.91289
1.4185
0.17255
0.41645
0.32978
0.64048
0.074515
0.086542
0.18164
0.55332
0.064445
1.1523
0.56452
0.1404
0.27886
0.76508
0.5322
0.3098
0.13828
0.30059
0.1301
0.50126
0.14407
1.2685
1.1467
0.13939
0.082891
0.76324
0.52591
0.16209
0.3434
0.64017
0.35698
0.08461
0.17807
0.36855
0.38276
0.63738
0.57092
0.09024
0.12454
1.1005
0.098159
0.85752
0.08167
0.39466
0.1175
0.067747
0.6572
0.95278
0.076999
0.58183
0.17355
0.1272
0.31047
0.10447
0.18209
0.90641
0.22757
0.11067
0.17245
0.11692
0.075986
0.10775
1.2939
0.084598
0.34393
0.095808
0.23101
0.51927
0.21925
0.14618
0.095112
0.30219
0.11382
0.12502
0.20433
0.16285
0.062292
0.083244
0.81795
0.69405
0.67876
1.2955
0.14081
1.0389
0.32345
0.29037
1.4759
0.3386
0.83784
0.13905
0.082806
0.52757
0.25215
0.88043
0.15837
0.23832
0.6917
1.1391
1.2594
0.44391
0.07297
1.144
0.51851
1.1662
1.1676
0.92176
1.0799
0.42292
0.16272
0.4504
0.50403
0.085498
1.1544
0.47865
0.39388
0.16686
0.14598
0.73504
0.16602
0.35753
0.7158
1.1939
0.3654
1.404
0.71463
0.30401
0.767
0.1632
0.3159
1.1568
1.4035
0.26613
0.13963
0.71016
0.11736
1.0648
0.23002
0.34991
0.25012
0.13079
0.39556
0.21213
0.28454
0.91338
0.056092
0.44408
0.12152
0.50933
0.61495
0.48156
1.0961
0.084272
1.4575
0.32573
0.19103
1.1879
0.89188
1.0853
0.43918
0.10884
1.2106
0.44491
0.48493
1.2648
0.48515
0.1537
0.33202
0.33926
0.21713
1.0034
0.079821
0.88611
0.12759
0.10504
0.45222
0.58533
0.16844
0.15093
0.094588
0.53086
0.50417
1.4084
0.46247
0.94215
0.9339
0.14376
0.39333
0.40666
0.6455
1.6033
0.89301
0.38415
0.60166
0.080464
0.49891
0.11094
0.13827
0.098022
1.7585
0.26347
0.10612
0.092438
0.077242
0.57028
0.31123
0.092565
0.15898
0.39107
0.72529
0.60335
1.4734
0.66876
0.12968
0.2188
1.5259
0.19887
0.57017
0.22954
0.14848
0.61037
0.80011
0.27588
1.071
0.17987
0.14925
0.21056
0.17545
0.073754
0.53815
0.75675
1.0546
0.49894
0.58897
1.2096
0.11085
0.080346
0.43117
0.11168
0.31904
0.58071
0.4526
0.4072
1.2908
0.39848
0.82093
0.88571
0.19537
0.15271
0.20383
1.0239
0.093351
0.23006
1.039
1.1508
0.46604
0.083162
0.28358
0.12951
0.20061
0.11034
0.41241
0.16426
0.089364
0.53624
0.70847
0.55955
0.64706
0.60796
0.084248
0.11994
0.24987
0.13078
0.089039
0.72205
0.29989
0.81675
0.10596
0.587
0.17044
0.23132
0.60573
0.27116
0.66738
0.38682
1.1132
0.43013
0.10047
0.089716
0.1898
1.026
1.1527
0.23806
0.57587
0.52307
0.11041
0.28885
0.97158
0.34569
0.25488
1.1725
0.17895
1.1308
1.0554
0.10531
0.74815
0.081709
0.51819
0.17078
0.6179
0.14277
0.35864
0.19719
0.71389
0.25471
0.0856
0.85611
0.16437
0.77074
1.1237
0.64761
0.091354
0.64425
0.1442
0.38101
0.16464
1.1132
0.2932
0.20093
0.14303
0.090486
0.56528
0.81739
0.71712
0.095013
0.25402
0.070069
1.2222
0.36317
0.15235
0.56747
1.0926
0.21437
0.41881
0.31434
0.76083
0.57171
0.29316
0.16792
0.14318
0.86197
0.14788
0.38754
1.125
0.11086
0.070604
0.19527
0.1896
0.55863
0.23714
1.0649
0.26452
0.1845
0.20482
1.0072
0.12549
0.10645
0.10583
0.15559
0.070696
0.49813
0.11509
0.16825
0.47035
0.87919
0.32535
0.84659
0.12696
1.1299
0.23325
0.70152
1.2208
0.20608
0.42749
0.55331
0.11342
0.55456
1.2029
1.0662
0.42577
0.29322
0.96712
0.26791
0.24499
0.36924
0.11203
0.098925
0.74517
0.33451
0.089625
0.11934
1.0952
0.13776
1.077
0.76615
0.17782
0.12615
1.1219
0.39992
0.67961
0.3549
0.18931
0.30293
0.89352
0.55974
1.2052
0.56262
0.078133
0.088341
0.10916
0.11983
0.38321
0.19299
0.32853
0.10727
0.2429
0.1947
0.096625
0.51574
0.17302
1.1178
0.1674
1.0069
0.17824
1.3606
0.17448
0.44866
0.094898
0.18812
0.082848
0.082101
0.082301
1.3575
0.20537
1.0541
1.0401
0.66873
0.1455
1.0871
1.1037
0.90382
0.10471
0.67756
0.36686
0.55648
1.3681
0.37961
0.6986
0.17046
0.28488
0.45602
0.29797
0.1234
0.80474
0.10638
0.20464
0.34801
0.51937
0.16992
0.28329
0.11944
0.3755
0.54435
0.19075
0.15126
0.12972
0.9118
0.92644
0.085849
0.81501
0.62071
0.61383
0.13672
0.10316
0.80914
0.32673
0.59626
0.90105
0.51088
1.0476
0.4685
1.0965
0.30345
0.17452
0.11558
0.15734
0.12884
0.21123
1.0577
0.1044
0.098354
1.2108
1.0969
0.537
0.99738
0.073309
0.078222
0.077122
0.21563
0.96419
0.39515
0.15725
0.10431
0.16606
0.12003
0.28375
0.81685
0.18204
0.66376
1.0855
0.18426
0.52345
1.1736
0.12355
0.10555
0.081858
1.1192
0.16652
0.30538
0.39033
0.38539
0.58514
0.15867
0.15628
0.18388
1.2223
1.1749
0.098776
0.10028
0.16427
0.059046
0.10905
0.73711
0.090146
0.08327
1.1331
0.12864
0.31034
0.227
0.088843
0.1399
0.18292
1.1567
0.61243
0.57351
0.31963
0.15487
0.088269
0.11159
0.62712
0.25174
1.1337
0.22206
1.1282
0.80865
0.084261
0.31759
0.80994
0.19469
0.085712
0.081651
0.17472
0.15657
0.90026
0.19013
0.086523
0.43786
1.2944
0.13344
0.88257
0.53445
0.58744
0.30458
0.68392
0.37853
0.51454
0.10608
0.40344
0.26886
1.076
0.129
0.11998
0.17146
0.082893
0.59614
0.13822
0.20633
0.29562
0.13249
0.27946
0.12685
0.10366
0.49063
0.099926
0.35454
0.85488
0.2022
0.9115
0.44099
0.57575
0.49624
0.086366
0.091565
0.10439
0.1151
0.12002
0.56769
0.85048
0.43291
0.11617
0.57745
1.097
0.17289
0.10547
0.5176
0.69957
0.1977
0.15563
0.78171
0.13282
0.18394
0.18187
0.43476
0.14763
0.7064
0.52532
0.89387
0.33517
0.24267
0.12682
0.18588
0.54701
0.11501
0.14361
0.3399
0.32378
0.072791
0.57865
1.1972
0.34213
0.4981
0.11077
0.11664
0.17286
1.1375
0.30642
1.1285
0.11158
0.46241
0.32912
1.1652
0.2017
0.13532
0.31959
0.27467
0.13079
0.28333
0.46441
0.38576
0.30015
0.36475
0.27676
0.4232
0.39148
0.41897
0.11505
0.41736
0.83975
0.71403
1.152
0.14052
0.097303
0.069159
0.16924
0.11719
0.5029
0.11258
1.0187
0.11537
0.29392
0.079116
0.29288
0.13428
0.4437
0.076189
1.1243
1.1585
1.0419
0.75789
0.69219
1.3059
1.0135
0.53723
0.815
0.61641
0.82294
0.070553
0.4963
0.4001
0.12973
0.65162
0.40174
0.09603
0.099847
1.1833
1.1256
0.08685
0.88957
0.16479
0.18119
1.2125
0.089926
0.91904
1.2401
1.1387
0.2373
0.1974
0.078764
0.12841
0.35635
0.10937
0.068924
0.085185
0.31265
0.36557
0.10735
0.48167
0.1662
0.15385
1.4453
0.20166
0.28775
0.22217
0.28773
0.34047
0.18337
0.14911
0.20875
0.30478
0.39736
0.5311
0.70235
0.5572
0.41782
0.68062
0.73733
0.18551
1.0763
0.095063
0.78834
0.10741
0.084652
0.13205
0.9959
0.18662
0.11338
0.48226
0.30839
0.14186
0.21274
0.15952
0.85024
0.14495
0.19122
0.14706
0.62766
0.41562
1.1747
0.51055
0.21131
0.43089
0.099963
0.24395
0.32856
0.15475
1.2335
0.27562
0.081177
0.3868
0.080639
0.11835
1.3041
0.35915
0.22367
0.54443
0.16028
0.57554
0.87574
0.067624
0.70982
0.52596
0.42228
0.18184
0.896
0.10804
1.359
0.22443
0.57222
0.10114
0.14149
0.81292
0.084154
0.36834
1.0976
0.12146
0.2769
0.12236
0.17639
0.1657
0.068941
0.92861
0.7951
1.0237
0.10011
0.12663
0.45267
0.12165
0.076258
0.19609
0.15424
1.1604
0.14323
0.38338
0.11717
1.044
1.2235
0.21796
0.58009
0.18192
0.17825
0.076839
0.93698
0.30267
0.11753
0.9603
0.13351
0.17486
0.2062
0.61397
0.35037
0.29424
0.24715
0.15668
0.63134
0.28049
0.52276
0.13088
0.6022
0.1045
0.13724
0.65697
0.13582
0.20266
0.29046
0.49377
1.2365
0.27758
0.25421
0.55749
0.13203
0.62621
0.12554
0.47418
0.27658
0.42845
0.99717
0.78666
0.71677
0.078423
0.38756
0.085964
1.4805
0.19745
0.14582
0.08712
0.12621
0.25362
0.10055
1.3386
0.70335
0.20801
0.070789
0.15224
0.12847
0.37706
0.21799
0.38515
0.1325
0.40613
0.34858
1.3429
1.0547
0.59105
0.88803
0.15841
0.1417
0.14438
1.0711
0.21985
0.44742
0.66643
0.33575
0.10874
1.4519
0.41094
0.12913
0.80189
0.14291
0.71196
0.84123
0.30026
0.10528
0.13985
0.18684
0.87366
0.77992
0.084604
0.1183
0.095197
0.13428
0.36423
0.19386
0.34071
0.11034
0.075709
0.58491
0.18224
0.094993
1.0382
0.077117
0.22849
0.19459
0.18206
0.16599
0.20339
0.97763
0.37975
1.1481
0.82068
0.18
1.0881
0.23369
1.2624
0.14816
0.17751
0.19166
0.16076
0.11302
0.59808
0.6717
0.068921
0.40609
0.12492
0.25843
0.089234
0.070392
1.1997
0.11974
0.37368
0.15037
0.68159
1.2633
0.25681
0.30386
0.25603
0.36909
0.94767
0.076251
0.57603
1.1131
0.087871
0.29309
0.49798
0.10471
0.61932
0.25086
0.16287
0.75735
0.073879
0.26016
0.12914
1.1183
1.6569
0.902
0.15985
0.41799
0.75305
0.11302
0.10536
0.96192
0.11744
0.12397
0.16394
0.16191
0.46558
0.15252
0.425
0.19926
0.6268
0.14626
0.46352
0.57708
0.67399
0.25433
0.58339
0.11065
0.62451
0.25498
0.89449
0.074584
1.1075
0.36056
0.10993
0.19875
0.206
1.0099
0.13957
0.15986
0.19652
1.1817
0.10652
0.092454
0.83988
0.43033
0.3102
0.4327
0.22063
0.11988
0.13039
0.12838
1.0329
0.54259
0.20655
0.20615
0.45028
1.2155
0.051951
0.084268
1.3439
0.088263
0.19201
1.2391
0.26723
0.52557
0.72864
0.41326
0.79228
0.26677
1.1739
0.079364
0.24287
0.65602
1.0243
0.14693
0.079382
0.73236
0.083564
1.0008
0.30738
0.16064
0.6692
0.59302
1.1135
0.24799
0.090891
0.18437
0.97583
0.17466
0.3869
0.15038
0.48442
0.46151
0.18001
1.2248
0.67047
0.48928
0.30007
0.27771
0.091631
1.568
0.13536
1.4089
0.09672
0.30732
0.10133
0.18425
0.34653
0.77697
0.73736
0.43034
0.073938
0.56431
0.19001
0.090074
0.58578
0.36833
0.66813
0.45782
1.0099
0.16534
0.07612
0.25835
0.72434
1.3976
0.26966
0.081488
0.19482
1.2588
0.21513
0.11771
0.19815
0.14393
0.10263
0.57312
0.47057
0.73079
0.074923
0.15677
0.91811
0.50346
0.24582
1.0827
0.11324
0.12205
0.27369
0.20696
1.3454
1.1941
0.91647
0.61106
0.76718
0.3818
0.54849
0.65666
0.10433
0.92509
0.1508
0.25646
0.3684
0.2635
1.0292
0.24382
0.12339
1.3235
0.2606
0.24967
0.13157
0.79423
0.68025
0.98
1.3458
0.13483
0.13663
0.37932
0.074668
0.13286
0.095318
0.086974
0.073026
0.1559
0.14458
0.16911
0.15629
0.11194
0.22235
0.29949
0.24619
0.2322
0.21536
1.0789
0.72959
0.42641
0.12193
0.15102
0.10418
0.14716
0.11743
0.054919
0.31686
0.2668
0.505
0.34935
0.61731
0.17014
0.069326
1.0563
0.076504
0.23955
0.67109
0.28387
0.25283
0.5811
0.13264
0.1149
0.09211
0.099551
0.090004
0.71882
0.1106
0.30963
0.086327
0.16018
0.094987
0.19714
0.14683
0.13188
0.75185
0.44005
1.0004
0.35136
0.38186
0.61687
1.529
0.62639
1.0954
0.56075
1.2942
1.5357
0.13459
0.48273
0.84976
0.079822
1.0191
1.0443
0.33626
0.20446
0.21438
0.39398
0.064854
0.15632
0.49056
0.26951
0.16153
0.4256
0.37351
0.68506
0.18669
0.095764
0.27419
0.096423
0.10135
0.11298
0.10414
0.082108
0.32073
0.41614
0.47712
1.2652
0.24308
0.21856
0.16135
0.081201
0.2093
0.74961
0.12294
0.41013
0.14917
0.14219
1.3076
0.10422
0.12522
0.11056
0.066805
0.34362
0.73871
0.40426
0.54457
0.39144
1.284
0.56729
0.19694
0.11526
0.50472
0.17651
0.08334
0.23519
0.090085
0.48943
0.75844
0.86147
0.14696
0.16072
0.19629
0.088069
0.26961
0.44972
0.10051
0.1024
0.097954
0.45975
0.45694
0.40616
0.50831
0.11355
0.10551
0.67485
0.39861
0.1884
0.12079
0.14962
0.56906
0.34695
0.21479
0.19511
0.67899
0.13257
0.14629
0.14095
0.22654
0.32404
0.27749
0.19655
0.11162
0.82793
0.99437
0.08582
0.59505
1.0009
0.19418
0.15886
1.6085
0.23413
0.12183
0.12073
0.91616
0.58922
0.16938
0.10115
0.18823
0.15413
0.16379
0.21857
0.5718
0.1021
1.2799
0.11328
0.25458
0.71838
0.28245
0.47267
0.19657
0.39835
0.26175
0.063126
1.0768
0.4322
0.10759
0.18535
0.13354
0.30002
0.19057
0.11238
0.26961
0.22082
0.11923
0.47912
1.0083
0.59036
0.17801
0.18547
0.66115
0.44362
0.61483
0.54968
0.30554
0.89356
0.26612
0.46753
0.12136
0.33963
1.1367
0.21122
0.3901
0.16445
0.26634
0.18369
0.13948
1.1964
0.19859
0.07473
0.39493
0.094414
0.50366
0.90844
0.18162
0.92808
1.4595
0.32756
0.15142
0.096704
0.85075
0.62789
0.31976
0.40611
1.1267
0.53179
1.1046
0.88005
0.10398
1.2449
0.77131
0.13824
0.71057
0.11848
0.49777
0.33376
0.64374
0.13072
0.40572
0.95396
0.96463
0.12465
0.5008
0.087383
0.11351
0.10601
0.20102
1.627
1.335
0.12719
0.10484
0.35762
0.12279
0.16467
0.1799
0.88892
0.076753
0.17033
0.22407
0.24719
0.80256
0.49547
0.8428
0.29424
0.13139
0.099926
0.1115
0.34228
0.21504
0.53192
0.10255
0.3471
0.16269
0.36291
0.29214
1.2145
0.16237
0.21452
0.14116
0.51157
0.99846
0.85669
0.31808
0.23013
0.15731
0.35752
0.077924
0.58346
0.098274
0.25731
0.14317
0.77167
0.48528
0.11736
0.49161
0.24851
0.38296
0.58867
0.5634
0.52507
0.45721
0.48096
0.091451
0.29728
0.45187
1.1183
0.25487
0.077574
0.9631
0.093376
0.098591
1.0665
0.1731
1.197
0.097422
0.45024
0.21742
0.61011
0.3803
1.0754
0.10694
1.2388
0.1251
0.26482
0.22896
0.075951
0.095946
0.38399
0.68432
0.28178
1.2149
0.51518
0.16097
1.0532
0.084647
0.19061
1.268
0.17773
1.0954
0.37516
0.13794
0.30998
0.71636
0.15597
0.23699
0.86517
0.36818
0.19918
0.543
0.93116
0.20516
0.13669
0.54198
0.48956
1.07
0.35138
0.19998
0.77496
0.44785
0.0988
0.1439
0.17224
0.72242
0.97684
0.2594
0.10364
0.26481
0.24127
1.0836
0.41976
0.24856
0.2306
1.1559
0.22571
0.308
0.07136
1.152
0.12301
0.25334
0.52365
0.28977
0.21817
0.42739
0.12577
0.084176
0.25239
0.10251
0.19361
0.14991
0.20814
0.70034
1.4571
0.97421
0.25395
0.29733
0.38823
0.33105
0.11838
0.34111
0.67955
1.2494
0.61609
0.69202
0.1714
0.12433
0.1535
0.24858
0.1013
0.1909
0.28918
0.20649
1.0189
0.11369
0.3791
0.35767
1.0996
0.25658
0.086265
0.092463
0.16095
0.16365
0.53421
0.3668
1.0111
0.59101
0.12866
0.34378
0.16085
0.35642
0.32375
0.4909
0.13692
0.11247
0.55857
0.2132
0.62624
0.94209
0.098222
0.34292
0.37721
0.15904
0.43186
0.86476
0.86099
0.074094
0.3122
0.22153
0.18783
0.070368
1.0426
0.27209
1.1137
0.23376
0.51328
0.099577
0.53209
0.25144
0.15755
0.11407
0.74476
1.2062
0.49541
0.19956
0.087289
0.41795
0.33529
0.64404
0.32766
0.95581
0.25868
0.18768
0.084039
0.30643
0.40831
0.1701
0.090505
0.10393
0.24707
0.07406
0.21443
0.11184
0.14763
0.65435
0.58535
0.97252
0.95495
0.29176
0.37176
0.43329
0.088521
0.11455
0.23104
0.095119
0.79648
0.11324
0.20722
1.1984
0.71497
0.26864
0.2331
0.17328
0.086306
0.077313
0.47428
0.72933
0.20455
0.098229
0.24465
0.17444
0.069035
0.32036
0.3169
0.068924
0.44971
0.13483
0.1231
0.3816
0.1692
0.1526
0.15221
0.13582
0.11975
0.16158
1.1458
0.85658
0.76923
0.27372
0.5136
0.080547
0.091419
0.96913
0.2195
0.095455
0.56185
0.99197
0.12256
0.52531
1.1655
0.1187
0.56447
0.11638
0.37844
0.23474
0.20442
0.81228
0.42737
0.23407
1.0582
0.10831
0.38289
0.1434
0.18513
0.22255
0.068482
1.2877
0.2931
0.091541
0.69314
0.91966
1.0433
0.58731
0.1077
0.13911
0.14245
0.35733
1.5126
1.0948
0.17883
0.083584
1.0198
0.13556
0.13597
0.64961
0.30377
0.39197
0.07426
0.16448
0.2393
0.30261
0.74238
0.60234
0.18946
0.12999
0.087679
0.20148
0.43838
1.0578
0.12887
0.36306
1.3002
1.0709
0.35884
0.12503
0.23526
0.086608
0.10423
0.56514
0.15253
0.83527
0.49047
0.14226
0.16451
0.81746
0.089158
0.6894
0.38424
0.56843
0.12473
1.1389
0.1278
0.088179
0.97706
0.13862
1.2384
0.20787
0.17691
0.10056
0.16566
0.6207
0.12784
1.3901
0.063576
0.095733
0.58972
0.68482
0.53471
0.38605
1.1653
1.0178
0.77051
0.40497
0.38533
0.22488
0.27733
0.40902
0.17614
0.091781
0.4195
0.15454
0.24725
0.12213
0.70239
0.13354
0.081431
0.55032
0.5389
0.18358
0.20315
0.72121
0.13772
0.50013
0.10268
0.3859
0.82394
0.066479
1.151
0.81029
0.089142
0.27754
0.11133
0.14872
0.51686
0.2912
0.23554
0.6503
0.11984
0.8343
0.24572
0.961
0.34814
0.13793
0.25986
0.67288
0.85553
0.099674
0.26607
0.72249
0.50791
1.2833
0.7665
0.13915
0.75451
0.51923
0.34844
0.27414
0.36548
0.40749
0.075616
0.51681
0.50483
0.23801
0.14169
0.29623
0.50869
0.75621
0.16723
0.095861
0.2843
0.49203
0.30149
0.33087
0.96246
0.48056
0.1606
0.18706
0.36724
0.65709
0.10244
0.077793
0.14514
0.39105
0.17287
0.17515
0.18867
0.1001
0.17182
0.13432
0.62639
0.37066
0.12828
0.45879
1.0938
0.15046
1.2575
0.11152
0.58753
0.12447
0.10676
0.10507
0.96076
0.44775
0.90098
0.3706
0.15489
0.16871
0.10916
1.2651
0.18346
0.13143
0.77265
0.095252
0.15713
0.18347
0.086602
0.29475
0.12443
0.090436
0.44426
0.38572
0.39934
0.16389
1.3053
0.65948
1.156
0.36062
0.074421
0.62331
0.2105
0.15003
0.21855
0.09493
0.34157
0.35589
0.14666
0.54264
0.094936
0.11269
0.2737
1.2039
0.08797
0.42595
0.23582
0.18376
0.70331
0.36756
0.10057
0.23788
0.10549
0.32062
0.071856
0.55619
0.17796
0.67591
0.35564
0.079482
0.20516
0.60956
0.34086
0.10142
0.14522
0.1503
0.099403
0.52721
0.84047
0.1039
0.58703
0.23927
1.0716
0.96354
0.56733
0.68959
0.72616
0.63046
0.23638
1.2122
1.2421
0.15089
0.71972
0.23953
0.69624
0.15141
0.78026
0.37603
1.0382
0.64719
0.29845
0.22903
0.4007
0.66624
0.14826
0.93086
0.2469
0.27267
0.21665
0.62974
0.8087
0.90486
0.18823
0.27023
0.94271
0.47896
1.1188
0.11609
0.27417
0.29562
0.76618
0.12677
0.36726
0.1185
1.1451
0.1791
0.085379
0.67489
0.26628
0.080975
0.30808
0.25157
0.92925
0.39794
0.67156
0.16926
0.10164
0.10763
0.30652
0.34138
0.29668
0.10355
0.26433
0.30468
0.11055
0.27819
0.19531
0.27781
0.26988
1.6857
0.46124
0.098059
1.149
0.33279
0.20671
0.68299
0.59819
0.52218
0.086759
0.15166
0.91981
0.068613
0.1668
0.089348
0.91179
1.3003
0.59426
1.2053
0.15861
0.30449
0.24578
0.087832
0.12356
0.26142
0.87658
0.84142
0.26534
0.15498
1.2497
0.70941
0.18823
0.22522
0.10497
0.23844
0.81588
0.42581
0.20137
0.41532
1.1264
0.13769
1.063
1.0275
0.91204
0.79037
0.32941
0.20315
1.0035
0.77678
0.85304
0.24513
0.26856
0.35935
0.12285
0.66404
0.43711
0.15048
0.25939
1.1292
0.23761
0.50965
0.42003
0.15341
0.31057
0.11356
0.13786
0.73998
0.081369
0.11829
0.51288
0.13819
0.12778
0.26011
0.23137
0.56927
0.13063
1.0479
0.31285
0.36519
0.27892
0.22334
0.098672
1.0259
0.26504
0.623
0.11167
0.351
0.46384
1.576
0.39127
0.16653
0.6093
0.23814
0.78196
0.11628
0.89981
0.24226
0.15468
0.71794
0.12334
0.17313
1.1142
0.21637
1.0531
0.1749
0.26112
0.13698
0.0873
0.80988
0.12566
0.34412
0.17151
0.81845
1.2313
0.24373
1.1864
0.90716
0.11425
0.94969
0.3657
0.32937
0.14854
0.13182
0.33689
0.34792
0.092617
0.41689
0.71836
0.76207
0.21559
0.13885
0.62145
1.0497
0.42839
0.80841
0.49047
0.78743
0.64217
1.1024
0.081939
0.6703
0.97492
0.91767
1.0264
0.53514
1.0719
0.090619
0.1091
0.079954
0.14177
0.17961
0.86734
0.16973
0.67594
1.2241
1.3498
0.91724
0.10981
0.92311
0.24325
1.1945
0.5605
0.32844
0.099865
0.35726
0.19423
0.078087
0.15465
0.10873
0.074682
0.073588
0.26973
0.35687
0.12082
0.37379
0.1585
0.32932
1.0983
0.22267
0.47652
0.20356
0.17247
0.15064
0.2452
0.18218
0.98369
0.070833
0.11231
0.73728
0.45554
0.39599
0.10779
0.23344
0.4124
0.37638
0.40694
0.12725
0.99222
0.4159
0.31877
0.48376
0.59438
0.26879
0.3748
0.10683
0.1699
0.56787
0.20966
0.53573
0.85171
0.21534
0.64499
0.063832
0.38842
0.47817
0.31894
0.35058
0.11983
0.11361
0.098945
0.31921
0.084485
0.089483
0.44677
0.51368
0.22332
0.96131
0.40141
0.15154
0.89894
0.077386
0.1183
0.20411
0.12683
0.18429
1.088
0.091905
0.13367
0.1602
0.070777
0.47554
1.6557
0.18872
0.38204
0.11601
0.093932
0.27825
0.10268
0.41308
0.69586
0.56632
0.80559
1.1296
0.061191
0.24914
0.18452
0.81304
0.19637
0.69761
0.13658
0.61825
0.2215
0.70145
0.28701
0.635
0.16452
0.34526
0.14483
0.20498
1.2232
0.10476
0.18347
0.52118
0.754
0.09047
0.17282
0.3589
0.10909
0.086195
0.88183
0.14766
0.29332
0.57373
0.081197
0.97034
0.54548
0.54152
0.14386
0.4605
0.7671
0.42424
0.12861
0.07264
0.097301
0.19244
0.25814
0.20912
0.089667
1.0527
0.50064
1.1778
0.052956
0.31511
0.18724
0.13981
0.16437
1.2388
0.21206
0.1449
0.40006
0.24169
0.10109
0.20341
0.074524
0.58949
0.9479
0.12503
0.11461
0.53463
0.29605
0.075773
0.32452
0.18152
0.092738
0.40114
0.92534
0.33326
0.086815
1.1084
0.16777
0.17341
0.11101
0.13744
0.1544
0.18769
0.085632
0.12334
0.1747
0.52175
0.11385
0.54428
0.068785
0.17033
0.083295
0.88388
0.56269
1.1013
0.79065
1.0174
0.50878
0.95737
0.17337
0.1071
0.11839
0.40857
0.15514
1.1745
0.094309
0.091792
1.1783
0.083341
0.46854
0.14571
0.095708
1.0184
0.16346
0.53388
0.44014
0.91429
0.11902
1.009
1.2907
1.1806
0.12928
0.26682
0.12317
0.096999
0.23476
0.11101
0.17127
0.082494
0.49485
0.093478
0.4782
0.31448
0.14422
0.62938
1.45
1.2018
0.12825
0.22014
0.12927
0.32009
0.078364
1.137
0.35114
0.33712
0.18325
0.18508
0.077149
0.74692
1.4256
0.57834
0.25929
0.90274
0.12884
0.72242
0.16959
0.20927
0.54837
0.66596
1.0655
0.72214
0.19603
0.14604
0.50067
0.12386
0.11308
0.17372
0.37933
0.89336
0.48923
0.77606
0.22075
0.32911
0.52813
0.19063
0.13683
1.0207
0.81759
0.37482
0.48318
0.41119
0.09246
1.0565
0.15802
0.33052
0.1583
0.12607
0.47265
0.41626
0.92936
0.19333
0.13496
0.98685
0.20741
0.067988
0.1131
0.64745
0.13061
0.86804
0.53583
1.0996
0.71242
0.98848
0.46915
0.37467
0.1652
0.37818
0.35381
0.59992
0.38836
0.093218
1.3043
1.2098
0.11946
0.28643
0.25489
0.12654
0.66783
0.10475
0.12824
0.52323
0.13807
0.25021
0.28164
1.1459
0.083042
0.75889
0.50493
0.19237
1.1089
1.3077
0.28549
0.074252
0.29815
0.20026
0.090816
0.56398
0.14537
0.37501
0.29204
0.27045
0.67939
0.3069
0.6246
0.37236
0.14123
0.40618
0.49189
0.21456
0.096322
0.69941
0.49942
0.31017
1.2514
0.58701
0.27913
0.067305
0.14929
0.19378
0.29204
0.1889
0.083787
0.65612
0.15772
0.66539
0.1632
0.63399
0.31677
0.33492
0.74294
0.26919
0.74736
0.17944
1.3593
0.43776
0.16644
0.14694
0.13656
0.1512
0.86042
0.15634
0.76514
0.1274
1.0453
1.6591
0.30798
0.36127
0.2662
0.088431
1.0938
0.17269
0.17596
0.72374
0.51792
0.10845
0.092907
0.1772
0.10427
0.12473
0.16983
0.41108
0.49511
0.61391
0.1794
0.093891
0.13067
0.076274
0.70662
0.14072
0.14432
1.1989
0.062557
0.92779
0.21607
0.14974
0.3841
0.33751
0.65179
0.25764
0.43098
0.10931
0.22496
1.7575
0.28691
0.46323
0.23609
0.32286
0.2431
0.25205
0.6748
0.4212
0.1058
0.11749
0.6723
0.16453
1.0863
0.10957
1.0939
0.46662
0.66214
0.24077
0.08923
1.0315
0.083775
1.1369
0.13561
0.13848
0.12331
0.17811
0.29396
0.33939
0.09796
0.23565
0.072006
0.21602
0.091296
0.071566
0.40093
0.079553
0.80171
1.0801
0.69839
1.2595
0.20346
0.55095
0.27198
0.30999
0.21749
0.15298
0.31807
0.19766
0.10532
0.13009
0.81078
0.087276
0.91389
0.14076
0.87465
0.41779
0.10776
1.0512
0.06376
0.39894
0.26768
0.48484
0.5223
1.7157
0.36295
0.2618
0.21055
0.20079
0.10449
0.33182
0.23414
1.3923
0.17581
0.19465
0.17858
0.15429
0.86031
0.43599
0.38
0.21098
0.65523
0.10741
0.1768
0.10491
0.23665
0.3871
0.39816
0.37186
0.27966
0.14478
1.1716
0.17255
0.14848
0.16617
0.73549
0.14541
0.086542
0.20541
0.30721
0.096858
1.1154
0.073398
0.12945
0.23944
0.082097
1.1474
0.33698
0.64485
0.081842
0.90515
0.62871
1.0701
0.14444
0.0815
0.078924
0.32581
0.70203
0.59641
0.22437
0.3434
0.64017
0.44562
1.059
0.48616
0.35583
0.059332
0.099661
0.071085
0.09024
0.95003
0.27403
0.12712
0.6084
1.0006
0.66095
0.28183
0.068576
0.50592
0.22608
0.076999
0.10369
0.97665
0.36178
0.31047
0.97592
0.26271
0.099286
0.077003
0.48846
0.067717
0.21213
0.48987
0.22806
0.10109
0.096064
0.12354
0.095808
1.1794
0.93128
0.4766
0.24501
0.14181
0.41742
0.11382
0.48499
0.33589
0.63385
0.062292
0.096937
0.098279
1.129
0.11537
0.32588
0.54946
0.65468
0.92655
0.39032
0.8123
0.35372
0.16967
0.42698
0.3351
0.59243
0.8382
0.50063
0.1904
0.52647
0.6917
0.17127
0.60898
0.19696
1.0079
0.85487
0.51851
1.0515
0.18886
0.12742
1.2752
0.42292
0.44931
0.10015
1.5157
0.18414
0.090111
0.13941
0.17024
0.17588
0.12163
1.171
0.2644
0.81515
0.25723
1.1939
0.11564
0.83112
0.20454
0.15373
0.11173
0.53403
0.26332
1.1568
0.10046
0.54418
1.0099
0.71016
0.20146
1.0648
0.25863
0.33657
0.34145
0.12445
0.16025
0.21213
0.19117
0.19078
0.17827
0.17047
0.11442
0.49421
0.97368
0.48156
0.13515
0.1222
0.4167
0.11648
0.32177
1.0663
0.16527
0.64768
0.20583
0.12953
0.40183
0.27512
1.0276
0.085348
0.32771
0.36408
0.87695
0.19862
0.21713
0.56151
0.079821
0.88611
1.2049
0.39917
0.43669
0.57417
0.90342
0.89725
0.52261
0.46818
0.35973
0.19058
1.5149
0.9157
0.08325
0.09374
0.32282
0.087911
0.43469
0.11001
0.90389
0.85634
1.0739
1.1409
0.49891
0.3198
0.13827
1.2377
0.53679
1.0293
0.14065
0.14392
0.72366
0.15173
0.14248
0.13139
1.1578
0.14597
0.1073
0.33685
0.16754
0.073747
0.18139
0.2188
0.10572
0.31537
0.10695
0.45911
0.4152
0.11626
0.80011
1.0546
0.21272
0.074617
0.64965
0.23569
0.91748
1.1644
0.14413
0.1547
1.0546
0.28822
0.30035
0.41718
0.15135
0.21775
0.18777
0.13107
0.22077
0.079518
0.77346
0.82391
1.2908
0.26004
0.18577
0.1605
1.1792
1.1799
0.83362
0.13444
0.19327
0.23997
1.039
1.1886
0.46604
0.083162
1.1273
0.5527
0.10303
0.27474
0.41241
0.19709
0.70427
0.53107
0.72544
0.55955
0.89428
1.1846
0.94685
0.076191
0.22678
0.87425
0.089039
0.72205
0.32095
0.13151
0.95503
0.33646
0.08928
0.27302
0.11869
0.36854
0.21941
0.2279
0.13889
0.11185
0.92957
0.16496
0.1898
0.48757
1.1527
0.17245
0.093063
0.63721
0.31167
0.15501
1.0661
0.18471
0.17019
0.7152
0.21134
0.26729
0.3492
1.1195
0.13593
1.5411
0.93661
0.20004
0.10025
0.34863
0.37654
0.093207
0.083205
0.54698
1.075
0.2916
0.072551
0.062741
0.43525
0.77466
0.54857
0.64425
0.13555
0.49648
0.48864
1.0355
0.2932
1.1177
0.15658
0.101
0.1269
0.25271
0.58217
0.34824
0.39659
0.26798
0.23173
0.32282
1.0192
0.62184
0.25522
0.36862
1.3677
0.18838
0.76083
0.11805
0.87863
0.16792
0.14318
0.16785
0.099743
1.0543
0.1539
0.42721
0.16146
0.39273
0.064982
1.1413
0.069584
0.43849
0.12082
0.1845
0.084893
0.081586
0.38692
0.17829
0.15625
0.173
1.0611
0.19054
0.11509
0.16825
0.14522
0.11148
0.34747
0.088193
0.46872
0.26328
1.2112
0.64272
0.33167
0.20608
0.24564
0.1418
0.31405
0.24384
0.93814
0.092707
0.49782
0.29322
0.60713
0.26791
0.15512
0.091282
0.48352
0.098925
0.12931
0.6019
0.081077
0.31153
0.16157
0.10541
0.6413
0.76615
1.0619
0.2151
0.38793
0.94943
0.33464
0.3549
1.1857
0.14511
0.27225
0.27412
0.079376
0.08944
0.078133
0.093542
0.46488
0.52984
0.43582
0.13672
0.20937
0.85383
0.1152
0.18798
0.955
0.36012
1.1098
0.13053
0.082901
0.20923
0.17824
0.092211
0.19636
0.09324
0.70595
0.63114
1.0874
0.45517
0.10853
0.24624
0.27815
0.18594
0.95858
0.083147
0.1455
1.1317
1.0824
0.14071
0.46699
0.19432
0.36686
0.11892
0.10865
0.37961
0.5788
0.38746
0.12065
0.25655
0.35209
0.1234
0.47975
0.81044
0.26376
0.42905
0.8868
0.55534
0.14035
0.45327
0.82185
0.54435
0.19075
0.15126
0.28992
0.10078
0.2173
1.0719
0.081276
0.44881
0.61383
0.11704
0.10316
0.68515
0.89795
0.1717
0.2609
0.59609
0.13648
0.55113
0.69654
0.89345
0.17452
1.1883
0.10833
0.83209
0.52507
0.32263
0.10525
0.091069
0.37239
0.34772
1.2827
0.24134
0.7814
0.081403
0.1645
0.9487
0.065424
0.57756
0.14617
1.0719
0.62243
0.12003
0.073428
0.54057
0.59392
0.30515
1.0855
1.0081
0.2469
0.13364
0.90531
0.17603
0.34362
0.092839
0.89143
0.74103
0.077175
0.70084
0.58514
0.15867
0.51736
1.0441
0.12162
1.1749
0.51935
0.53561
0.4937
0.059046
0.25728
0.28752
0.99457
0.10198
0.16248
0.09094
0.12418
0.70677
0.77182
0.093489
0.3723
0.45353
1.2492
0.10833
0.205
0.24266
0.18687
0.11159
1.1211
0.8311
0.090708
0.12659
0.89807
0.54824
0.45052
0.41423
0.10518
0.11364
0.090997
1.1329
0.57645
0.92965
1.3159
0.19013
0.21699
0.7288
0.15359
0.067184
1.6061
0.084014
0.31722
1.1208
0.080803
0.15182
0.34431
0.13812
0.093423
0.26886
0.36364
0.129
0.41446
0.1302
0.28053
0.64331
0.28206
0.1297
1.0778
0.70289
0.10844
0.55815
0.23372
1.1669
0.4296
0.77818
1.1862
0.58442
0.8319
0.21909
0.19265
0.20765
1.3188
0.56983
1.0787
0.18248
0.62883
0.093277
0.50975
1.1028
0.73078
0.57745
0.59344
0.56084
0.094123
1.2856
0.98994
0.57688
0.076167
0.78171
0.2255
0.12432
0.93628
0.18487
0.14763
0.7064
0.58205
1.0159
0.40111
0.46449
0.12682
0.17233
0.14137
0.52207
0.92981
1.1543
1.0103
0.2427
0.57865
0.62278
0.094125
1.5409
0.57537
1.1846
1.3533
1.3019
0.17222
0.070077
0.1978
0.43331
1.0993
0.14735
0.30304
0.42168
0.21835
0.20008
0.12846
0.14351
0.46441
0.91946
0.16109
0.36475
0.248
0.30566
1.1322
0.14441
0.32177
0.41736
0.74043
0.71403
0.56161
0.099658
0.081068
0.13237
1.1334
0.90363
0.5029
0.11258
0.12937
0.26209
0.43207
0.14625
0.40683
0.11183
1.0049
0.15263
0.12556
0.10566
0.1195
0.16031
0.21422
0.61085
0.81495
0.13136
0.11359
1.3517
0.82294
0.092956
0.5274
0.19346
0.13914
0.63794
0.40174
0.43019
0.099847
0.31084
0.38641
0.58474
0.34266
0.16479
0.67346
0.076939
0.37538
0.082301
0.10172
0.63529
0.39633
0.36547
0.14356
0.30536
0.087189
0.10937
0.17647
0.1683
0.077621
0.36557
0.065994
0.11088
0.6296
0.8825
0.10129
1.2559
1.1023
0.22217
0.38499
0.3239
0.97395
1.1036
0.95988
0.21419
0.39736
0.73037
0.14818
0.12443
0.065539
0.68062
0.50803
0.18551
0.48592
0.53143
0.57816
0.10741
0.21433
0.11671
0.074313
0.12534
0.87893
0.11704
0.21004
0.47539
1.1671
0.82319
0.11762
1.0609
0.47842
0.14706
0.35859
0.56354
0.7027
0.0736
0.40434
0.072855
0.08765
0.10482
0.20392
0.15412
0.546
0.27562
0.087982
0.85329
0.080639
0.52096
1.3041
0.27859
0.081724
0.8388
0.10068
1.1862
0.87574
0.27053
0.20024
0.10488
0.19783
0.93096
0.11527
0.31176
0.30396
0.21107
0.1852
0.36094
1.035
0.19509
0.42638
0.74176
0.85789
0.15366
0.082762
0.86879
0.098136
0.19907
0.068941
0.16843
0.7951
0.10637
1.5269
0.56896
0.31869
0.37928
0.30952
0.52624
0.19059
0.66072
0.3207
0.090969
0.4899
1.044
0.17776
0.19247
1.0745
0.15371
0.1233
0.45345
0.14852
0.37591
0.25088
0.123
0.29802
0.15274
0.33306
0.24279
1.0033
1.1323
0.24715
0.33742
0.53925
0.91993
0.28638
0.2093
1.2387
0.24118
0.19274
0.07913
0.16893
0.20266
0.18539
0.55814
0.74172
0.27758
0.1265
0.29503
0.29081
0.65263
0.39664
1.0223
0.067747
0.9027
0.28022
0.78666
1.3405
0.32505
1.1126
0.16376
0.89868
0.085307
0.44827
0.8735
0.12621
0.59991
1.0227
0.096235
0.098816
0.11642
0.20398
0.22454
0.31955
0.56455
0.21799
0.70912
0.15743
0.45488
0.88966
0.53451
0.19792
0.65816
0.056767
0.64579
0.69679
0.12372
0.11163
0.45196
0.20208
0.52606
0.88659
0.16819
0.5846
0.38273
1.1871
0.39679
0.089136
0.71196
0.14056
0.30025
0.31972
0.13216
0.49726
1.3348
0.27573
0.23733
0.14054
0.42313
0.19734
0.36423
0.43923
0.28422
0.86461
0.075709
0.15898
0.14785
0.083837
0.11907
0.45
0.13189
0.49386
0.11346
0.14874
0.11232
0.064204
1.1844
0.98028
0.061639
0.18
1.0097
0.29188
0.4632
0.13679
0.52641
0.54563
1.237
0.15935
0.72496
0.6717
0.11266
0.40609
1.6055
0.13138
0.47396
1.2659
1.1599
0.24838
0.37368
0.22485
0.51934
0.14143
1.1947
1.1938
0.096234
0.84663
0.22683
0.86644
0.093082
0.079564
0.17762
0.21376
0.13966
0.094641
0.5518
0.21126
0.080977
0.44848
1.1521
0.61437
0.38292
0.10269
1.2963
0.902
0.15446
0.12834
0.15425
0.098454
0.2645
0.45283
0.1997
0.12397
0.3163
0.10196
0.55021
0.33699
0.425
0.12213
0.38594
0.62323
0.86328
0.12197
1.3003
0.25433
0.53515
0.30681
0.09776
0.22272
0.89449
0.62472
0.87281
0.12008
0.074011
0.32062
0.082006
0.30112
0.13957
0.55708
0.32488
1.1219
0.47494
0.34267
0.40549
0.12653
0.57967
0.12929
0.21173
0.21803
0.22065
0.081062
0.24858
0.73552
0.31605
0.20132
1.0138
0.35928
0.62036
0.53526
0.34572
0.088263
0.37829
1.2391
0.18365
0.74457
0.42399
0.15386
0.11173
0.14531
0.63275
0.1966
0.4819
0.20007
0.29458
0.39308
0.171
0.95545
0.70302
0.16563
0.45793
0.19015
0.40336
0.20721
0.17582
0.20832
0.52896
0.2196
0.14548
0.12449
0.096941
0.15038
0.48442
0.078352
0.30298
0.21956
0.2339
0.1186
0.18253
0.41342
0.67038
1.1922
0.25533
0.70991
0.45339
1.0581
0.92592
0.39203
0.24522
0.14844
0.3733
0.1912
0.070944
0.13141
0.11711
0.26001
0.15129
0.063673
0.10738
0.1055
0.52392
0.15331
0.76397
0.2126
0.081819
0.32623
0.092393
0.32758
0.27904
0.094691
0.11172
0.10669
0.16478
0.10972
0.10014
0.16567
0.47057
0.73079
0.78248
0.15677
0.29026
0.15321
0.10286
0.89258
0.32236
0.079492
0.27549
0.65724
0.22781
0.13424
0.71944
0.89671
0.32697
0.14442
0.2869
0.3563
0.1073
0.55682
0.43728
1.1649
0.3684
0.18258
0.062608
0.73169
0.37147
0.84213
0.84872
0.24967
0.15545
0.43387
0.85431
0.066888
0.57544
0.1224
0.13663
0.085402
0.80224
1.2174
0.43555
0.36429
0.32439
0.12996
0.84963
0.44301
0.28989
0.11194
0.15441
0.15531
0.9545
0.10146
0.069146
0.088221
0.51428
0.12354
0.11582
1.3144
0.10418
0.32792
0.24284
0.14856
0.78159
0.99494
0.16031
0.19075
0.27351
0.17014
0.13408
0.19393
0.57566
0.23955
0.67109
0.064973
0.091716
0.1307
0.13264
0.1149
0.09211
0.099551
0.26081
0.21443
0.22335
0.30963
0.15067
0.096418
0.44932
1.0164
0.93669
1.019
0.22962
0.87109
0.26271
0.12858
0.14998
0.13979
0.65713
0.73472
0.071224
0.79844
0.15108
1.2117
1.0905
0.22534
0.60249
0.16013
0.28065
0.28094
0.36146
0.15666
0.097005
0.27006
0.1481
0.097711
0.10593
0.096707
0.12298
0.37963
0.31719
0.095665
0.77921
0.19861
0.27419
0.12542
0.10102
0.079928
1.2547
0.20686
0.20387
0.16172
0.11992
0.093926
0.1207
0.32847
0.18992
0.57561
0.33387
1.3691
0.099684
0.15512
0.091576
0.28171
0.15199
0.77816
0.75889
0.43376
0.17237
0.1276
0.08156
0.40426
0.54457
1.0885
0.18856
0.13449
0.46598
0.242
0.82013
0.42245
0.13983
1.4176
0.4026
0.1228
0.75844
0.29111
0.6861
0.37917
0.53423
0.26058
0.3092
0.11671
0.23219
0.14657
0.14508
0.88098
0.20728
0.11522
0.10244
0.38959
0.31248
0.91701
0.22047
0.27996
0.12079
0.090083
0.11097
0.30696
0.17644
0.21235
0.56977
0.57502
0.14629
0.85287
0.69212
0.23243
0.089246
1.2012
0.074713
0.95643
0.99437
0.18344
0.73933
0.10504
0.19418
1.039
1.6085
0.23413
0.26233
0.32551
0.14997
0.58922
0.25693
0.10115
0.20904
0.26062
0.26308
0.74384
0.08544
0.28146
0.33498
0.38689
0.35321
0.98947
0.69543
0.47267
0.66464
0.27227
0.72255
0.53602
0.09736
0.4322
0.27937
0.92826
1.0196
0.2352
0.19057
0.11238
0.16858
0.13511
0.88524
0.30368
0.71227
0.29283
0.17801
0.28277
0.16741
0.084475
0.23169
0.36078
0.85819
0.097746
0.61857
0.50717
0.3579
0.30891
0.10618
0.087317
0.44034
0.13855
0.42024
0.18369
0.30977
0.57449
0.097927
0.17794
0.39493
0.20176
0.23213
1.1553
0.65479
0.086727
0.81675
0.089222
0.18298
1.2076
0.71647
0.18464
0.086329
0.24188
0.17344
0.096328
0.54529
0.16124
0.25726
1.089
0.51319
0.25141
0.37763
0.32307
0.56816
0.72328
0.71016
0.090734
0.082803
1.0097
0.38254
0.8612
0.10769
1.2108
0.31945
0.52725
0.29981
0.18877
0.48422
0.7828
0.78269
0.22207
1.433
0.20495
0.11695
0.14166
0.093242
0.0655
0.45764
0.82783
0.12927
0.095757
1.2728
0.075081
0.33604
0.07808
0.18174
0.2084
0.12522
0.24018
0.20174
0.21735
0.12195
0.36291
0.29214
1.2145
0.32079
0.21904
0.083975
0.19984
0.70176
0.85669
0.31808
0.089922
0.15731
0.39637
0.14572
1.1777
0.12424
0.074825
0.25857
0.11648
0.13645
0.97737
0.80123
0.27341
0.38296
0.58867
1.1699
0.3031
0.38937
0.47276
0.23013
0.68607
0.3996
0.95909
0.25826
0.19438
1.057
0.12676
0.098591
0.086476
0.10163
0.92887
0.098737
0.46397
0.56264
0.11271
0.80392
0.11173
0.33315
0.28503
0.21962
0.85166
0.34285
0.093519
0.10112
0.11032
0.091352
0.13897
0.23113
0.31825
0.16097
0.4742
0.09007
0.59976
0.27801
1.3856
0.073347
0.26719
0.15599
0.096242
0.62477
0.15597
0.3243
0.168
0.67263
0.19918
1.1227
1.5983
0.27009
0.12748
1.0516
0.15066
1.1465
0.37941
0.19998
0.086972
0.09467
0.43054
0.12648
0.17224
0.37255
0.11685
0.50152
0.15157
0.1206
0.20224
1.1444
0.46861
0.14551
0.21195
0.075463
0.12478
0.12924
0.9229
0.76379
0.27712
0.31192
0.067442
0.54714
0.38047
0.27545
0.097282
0.2318
0.25239
0.10251
0.504
0.21815
0.10028
0.076511
0.13344
0.27282
0.81833
0.38218
1.1224
0.3546
0.36709
0.15351
0.67955
1.2494
0.31663
0.27099
0.087332
0.27801
0.12973
0.57794
0.1013
0.22411
0.18914
0.58158
0.1349
0.1995
0.50366
0.25582
0.24566
0.78506
0.229
0.13482
0.18611
0.16365
0.14982
0.39509
0.56066
0.42472
0.12719
1.0354
0.31483
0.13674
0.15981
0.1572
0.31287
0.76821
0.55857
0.0763
0.66084
0.91375
0.56038
0.34292
0.48998
0.1799
0.37997
0.86476
0.12979
0.21149
0.65575
0.20861
0.40348
0.61363
0.37495
0.27209
0.10044
0.27178
0.37727
0.18026
1.2033
0.18541
0.39925
0.15143
0.10078
0.88184
0.23557
0.42717
0.17953
0.18332
0.71795
0.094288
1.3903
0.22848
0.097832
0.27066
0.54134
0.52946
0.73149
0.096951
0.42029
0.3171
0.26635
0.3219
0.081293
1.2163
0.48404
1.2305
0.15715
0.99774
0.27821
0.29176
0.084552
0.12927
0.088521
1.169
0.60445
0.18719
1.1189
0.058328
0.20722
0.24223
0.46849
0.85078
0.092474
0.17328
1.1668
0.067936
0.81108
1.6253
0.74022
0.17024
0.14783
0.73525
0.13226
0.086147
0.15101
0.27097
0.14031
0.084247
0.15981
0.3816
1.1921
1.0291
0.34418
0.20082
0.52434
0.47869
0.1061
1.3276
1.693
0.27372
0.066665
0.16089
1.0952
0.1138
1.1113
0.16151
0.1374
0.1093
0.35626
0.22728
0.1023
0.21321
0.75976
0.2248
0.59533
0.14813
0.53148
0.073148
1.0608
0.25947
1.0582
0.10831
0.17645
1.5293
0.21828
1.318
0.3706
1.2877
0.11955
0.10212
0.28826
0.91966
0.87152
0.60354
0.34497
0.081073
0.14245
0.32843
0.35562
1.2892
0.11645
0.083584
0.20008
0.3393
0.54141
1.0587
0.1835
1.3561
0.79072
0.2158
0.80923
0.26427
0.28937
0.6647
0.18946
0.29041
0.86712
0.16886
0.31684
0.10117
0.30039
0.44502
0.42735
0.1116
0.3569
0.13171
0.82318
0.29568
0.18695
0.56514
0.12623
0.084938
0.12971
0.41811
0.26251
0.28318
0.074349
0.15523
0.44715
0.18905
0.25582
1.1389
0.16876
0.088179
0.68647
0.13844
0.28217
1.2
0.17691
0.097735
0.33244
0.92697
0.17183
0.22254
0.10297
0.5669
0.11565
0.51331
0.13113
0.20923
1.1653
1.0178
0.068428
0.45869
0.13207
0.33519
0.34914
1.1466
0.23475
0.091781
0.47172
0.79389
0.24725
0.23368
0.23402
0.7057
0.21391
0.19499
0.5389
0.092396
0.19484
0.27832
0.09417
0.25414
0.067864
0.3859
0.32035
0.21399
0.17284
0.81029
0.4906
0.26248
1.3777
0.09504
0.13793
0.21863
0.40336
0.96302
0.17503
0.14034
0.23466
0.82515
0.42976
0.36655
0.12105
0.36391
0.17517
0.099674
0.33227
1.4072
0.10081
0.12083
0.1649
0.13915
0.90449
0.14841
0.13722
0.14298
0.67902
0.10996
0.075616
0.1599
0.245
0.066694
0.23371
0.44854
0.88121
0.42799
0.11202
0.88769
1.3854
1.1297
0.13387
0.3276
0.13891
0.072325
0.14167
0.2416
0.96912
0.071789
1.2827
0.25657
0.15556
0.66126
1.0028
0.41961
1.4591
0.1001
0.10892
0.17425
0.29393
0.17061
1.1519
0.45879
1.0938
0.19765
0.3081
0.5318
0.76877
0.42584
0.24165
0.37077
1.0693
0.11536
0.46067
0.09295
0.10311
0.38875
0.24055
1.2651
0.43482
1.021
0.77265
0.20821
0.12087
0.1045
0.086602
0.10578
0.84298
0.29309
0.35657
0.1214
0.66839
0.49747
0.87621
0.79281
0.20055
1.24
0.76138
0.19844
0.16403
0.68255
0.14358
0.51123
1.0618
0.097516
1.4414
0.22026
0.50655
0.089726
0.35345
0.2661
1.2043
0.38328
0.22041
0.09946
0.56561
0.38135
0.70189
0.085286
1.3286
1.2415
0.23302
0.38438
1.2277
0.091424
0.30907
0.15973
0.64699
0.37487
0.14314
0.85023
0.15141
0.51398
0.24744
1.0421
0.066191
1.1991
0.064523
0.85966
0.23927
0.37334
0.48726
0.1411
0.78185
0.12492
0.72616
0.63046
0.13124
0.16518
0.26446
0.080036
0.656
0.16227
0.68806
0.99796
0.38271
0.79062
0.15927
0.59525
1.0382
0.093789
1.1142
0.19667
0.29892
0.12099
0.26961
0.29537
0.2469
1.1819
1.029
1.0819
0.8087
0.26735
0.16411
0.27991
0.076967
0.13486
0.47896
0.62704
0.072919
1.061
0.33184
1.0723
0.15155
0.50232
1.3291
0.6268
0.78357
0.24371
0.20051
0.54935
0.13756
1.5767
0.2798
1.0718
0.43945
0.40783
0.21701
0.51269
0.1256
0.10164
1.5033
0.20223
0.18311
0.25775
0.10355
0.24681
1.5366
0.38813
0.11055
0.6114
0.085428
1.1735
0.17503
0.45367
0.070693
0.85383
0.098059
0.070518
0.12382
0.1294
0.20671
0.093676
1.4234
0.52218
0.47171
0.12148
0.080588
0.1321
0.18619
0.41988
0.20945
0.15832
0.3636
0.10367
0.37533
0.22594
0.29942
0.31622
0.41655
0.30449
0.89746
0.077183
0.092568
0.10189
0.77068
0.48837
0.7998
0.93425
0.14541
0.34666
0.18823
1.1086
0.1037
0.5129
1.1385
0.8397
0.20137
0.87392
0.12864
0.20009
0.11824
1.4347
0.1064
1.0603
0.12058
0.1362
0.070597
0.88213
0.2244
0.40081
0.11234
0.18731
0.10442
0.18647
0.17803
0.66404
0.57272
1.2971
0.36932
0.22391
0.3146
0.11896
0.16699
0.87126
0.54798
1.1327
0.24547
0.17134
0.086264
0.33461
0.27845
0.13758
0.081369
0.22534
1.3024
0.28857
0.31312
0.26011
0.23137
0.178
0.11024
0.2109
0.87134
0.090643
0.090656
1.1456
0.14593
0.11066
0.1308
0.3289
0.14487
0.071781
0.10439
1.576
0.2802
0.18663
0.53733
0.30906
0.1593
0.15771
0.344
0.7839
0.45379
0.71039
0.15251
0.40326
0.93332
0.17313
0.15872
0.32801
0.92274
1.0589
0.14978
0.56719
0.067954
0.13698
0.11261
0.77173
0.096335
1.0301
0.089861
0.51978
0.2893
0.084119
0.14038
0.088338
0.12612
0.45144
0.43024
0.70329
0.18664
0.70274
0.14854
1.0795
0.14011
0.19162
0.092617
1.1244
1.2388
0.49458
0.42941
0.71747
0.20057
0.09463
0.53946
1.2742
0.19991
0.84265
0.27827
1.2419
0.16198
1.1759
0.73172
0.91767
0.24433
0.23625
0.2591
0.71895
0.72417
0.59911
0.08935
0.17961
0.37665
1.2279
0.46505
0.2921
0.11919
0.19818
0.09523
0.92311
0.33366
1.0057
0.09699
0.1986
0.099865
0.22902
0.33775
1.2408
0.158
0.090782
0.23518
0.78305
0.23667
0.3081
1.2052
0.35687
1.0739
0.11012
0.6698
0.21411
0.10819
0.30746
0.078538
0.22579
0.20356
0.26161
0.42745
0.09735
0.087142
0.28924
0.14435
0.53745
0.88416
0.3951
0.45554
0.61415
0.56091
0.49258
0.075605
0.92343
0.22425
0.40694
0.12725
0.17012
0.27423
0.10747
1.2034
0.18237
1.1644
0.13046
0.74181
0.20837
0.32796
0.38479
0.080559
0.10301
0.21246
0.19467
0.64499
0.93556
0.11679
0.46229
0.26297
0.58527
0.59356
1.2156
0.34707
0.5027
0.83192
0.19132
0.6087
0.86454
0.12755
0.096308
0.65432
1.3699
0.11027
0.25739
0.13751
0.22353
0.20411
1.1791
0.12142
0.19285
0.65409
1.0449
0.45338
0.11429
1.1169
0.17604
1.1123
0.1373
0.13272
0.096988
0.38204
0.079724
0.087777
1.2227
0.39017
0.5096
0.11405
0.22405
0.80559
0.6614
0.15885
0.601
0.24548
0.83979
0.28419
0.14949
0.71592
0.98769
1.5882
0.40733
0.089253
0.17733
0.28321
0.40078
0.24974
0.66747
0.33342
0.083079
0.36917
0.18347
1.4549
0.7296
0.16098
0.37176
1.0313
0.29589
0.080772
0.16013
0.14766
0.56262
0.29609
1.0356
1.0281
0.062769
0.28949
0.089833
0.50439
1.5148
1.434
0.094733
0.080807
0.093185
0.35621
0.19244
0.1585
1.0818
0.089667
1.1882
1.5127
1.1948
0.57937
0.2169
0.15984
0.083874
0.16437
0.064866
0.31174
0.094692
0.36755
0.6126
0.47365
0.20341
0.11457
1.2897
0.52118
0.52175
0.71584
0.10927
0.12764
0.17614
0.612
0.29342
0.14219
0.089945
0.42261
0.5213
0.7981
1.061
0.086815
0.99404
0.15001
0.74852
0.61374
0.39904
0.15359
0.42653
0.89387
0.65707
0.12334
1.0046
0.52175
0.19663
0.12903
1.2939
1.1337
0.73525
1.5471
0.081865
0.94778
1.1881
0.79065
0.33962
0.30736
0.41236
1.0229
0.13936
1.2689
0.11776
0.92523
0.5311
0.79985
0.53654
0.22856
0.47381
0.18266
0.46854
0.099098
0.10185
0.3655
0.46284
0.34119
0.42969
0.33752
0.234
0.59287
0.093414
0.093721
0.62854
0.32245
0.26682
0.12317
0.32245
0.28487
0.34862
0.086222
0.52215
0.0759
0.093478
0.12256
0.9463
0.6477
0.085287
0.18207
0.29068
1.2018
0.21964
0.22014
0.57408
0.48243
0.078364
0.11397
1.1557
0.33712
0.22363
1.1322
0.28521
0.27058
0.39633
0.16573
0.88696
0.084111
1.2312
0.14203
1.3168
0.58087
0.087271
0.23362
0.097954
0.33433
0.23077
0.94611
0.26693
0.19162
1.2015
0.073126
0.11445
0.43272
0.17372
0.90437
0.40335
0.084573
1.18
0.14225
0.58301
0.20648
0.28274
0.099016
0.32135
0.13683
0.2442
0.09492
0.33876
0.24254
0.10913
0.082369
0.19123
0.23735
0.10391
0.62605
0.16879
0.42022
0.11721
0.31106
1.06
0.92363
0.091458
0.13496
0.27238
0.1575
0.083093
0.22846
0.1131
0.40803
0.22993
0.70822
1.5706
0.17531
0.71242
0.17752
1.0161
0.10457
0.65099
0.22192
1.1327
0.080386
0.073791
0.45014
0.098534
0.068871
0.27128
0.064251
0.095139
1.3426
0.080719
0.13814
0.36472
0.92496
0.85577
0.27783
1.0307
0.36716
0.14466
1.2349
0.89649
0.11214
0.069587
0.78729
0.095171
0.26183
0.15646
0.50998
0.055812
1.1433
0.20421
0.13997
0.13629
0.85478
0.44546
0.12661
0.11039
0.59344
0.13175
0.095783
0.091604
1.0754
0.078678
0.87339
0.20283
0.37428
0.11572
0.54256
0.44658
0.21933
0.33983
0.98278
0.09889
0.19416
0.11007
0.72792
0.12256
0.85885
0.25086
0.90298
0.45303
0.33333
0.10546
0.25839
0.10253
0.081086
0.80435
0.13796
1.2063
0.27777
0.08716
0.15236
0.86308
0.1314
1.095
0.72838
0.59939
0.096167
0.22772
0.053936
0.91547
0.11628
0.11363
0.45159
0.90222
0.92959
0.16008
0.77435
0.43683
0.33931
0.14688
0.3697
0.20312
0.19096
0.24003
0.35726
0.34679
0.076446
0.098518
0.69356
0.78921
0.13085
0.41511
0.69942
0.13587
0.15409
0.79902
0.25433
0.49144
0.36328
0.49476
0.15006
0.63923
0.13354
0.10656
1.0763
0.15652
0.83966
0.097647
0.12573
0.21576
0.12835
0.10925
0.36814
0.10517
0.69399
0.18383
0.66653
0.27288
0.17699
0.34741
0.66
0.19447
0.11174
1.1798
0.25206
0.46641
0.17698
0.80855
1.1413
0.33138
0.57537
0.068462
0.8126
0.16352
0.809
0.90763
0.099623
0.98561
0.20419
0.94094
0.099101
0.51108
1.0394
1.0963
0.073611
0.88121
0.74659
0.88951
0.16042
0.11662
0.068181
0.12277
0.99207
0.40171
0.50363
0.11649
0.47999
0.13592
0.45035
0.81411
0.54154
0.29221
0.28251
0.11518
0.44454
0.091473
0.17593
0.49541
0.83867
0.78895
0.21496
0.28601
0.75943
0.1802
0.61329
0.73606
0.54911
0.61421
0.57534
0.39684
0.23108
0.57795
0.79804
0.10875
1.1318
0.31828
0.079859
0.49348
0.077474
0.42054
1.3425
0.13723
0.27962
1.596
0.087393
0.88344
0.2575
0.12663
0.080849
0.2195
0.48896
0.35453
1.1908
0.52934
0.32261
0.11354
0.25878
1.1132
0.22997
1.4043
0.94201
0.12145
0.12654
0.66783
0.14984
0.28576
0.52323
0.42101
0.14375
0.16549
0.13795
0.25679
0.39977
0.30712
0.10737
1.1089
0.81775
0.64119
0.76319
0.10514
0.75517
0.14161
0.66315
0.8206
0.089411
0.1418
0.26854
0.043502
0.1013
0.6246
0.90745
0.208
1.1529
0.25192
0.21456
0.71818
0.58178
0.49942
0.39204
1.5185
0.085294
0.23648
0.097145
0.12034
0.3348
0.44286
0.17368
0.49955
0.36622
0.36405
0.21705
0.81665
0.14487
0.14322
0.56668
0.15665
0.5669
1.3467
0.12985
0.4909
1.0682
1.0409
0.67921
0.39084
1.0959
0.793
0.49474
0.18858
0.27875
0.15156
0.60349
0.47387
0.23589
0.16569
0.24838
0.28629
0.13088
1.2971
0.77558
1.2373
0.52119
0.56731
0.098272
0.7589
0.38597
0.14677
0.67457
0.90036
0.51734
0.17413
0.15476
0.28593
0.25493
0.15418
0.52109
0.17539
0.8786
0.91106
0.11524
0.15253
0.14025
0.15476
0.33751
0.10669
0.25764
0.081127
0.10931
0.090616
0.40683
0.82479
0.92856
0.094559
0.092057
0.10177
0.24201
0.071674
0.11923
0.28047
0.11749
0.6723
0.16453
0.50506
0.15666
0.9425
0.22662
0.12148
0.26496
0.20584
0.083409
0.13754
0.098674
0.12898
0.081307
0.12331
0.19232
0.73798
0.33939
0.090568
0.79058
0.2508
1.1816
0.24366
0.23874
0.40093
0.17479
0.12407
0.42983
0.98242
0.75343
0.29624
1.3049
0.10571
0.30894
0.29362
0.1358
0.2047
0.25685
0.18017
0.083183
1.2016
1.3133
0.22273
0.086414
0.72995
0.41779
0.18543
1.0512
0.06376
0.26561
1.2009
0.38728
0.5223
0.13397
0.25768
1.2196
1.3716
0.20079
1.2668
1.499
1.1395
0.2178
0.17799
1.1429
0.094862
0.15429
0.15903
0.11761
0.44449
1.422
0.24503
0.9428
0.072529
0.18044
0.1405
0.3871
0.1932
0.96458
0.27966
0.14478
1.4079
0.97139
0.10234
0.49444
0.73549
0.84679
0.20449
0.43074
1.1638
0.84125
0.20721
0.42287
0.14768
0.68736
0.12309
1.1945
0.33698
0.41338
0.072749
0.90515
0.083963
0.19242
0.097859
0.39133
0.090489
0.39251
0.43347
0.32624
0.22541
1.0123
0.087837
0.78506
0.24602
0.48616
1.289
1.0963
0.35844
1.2749
0.59646
0.1097
0.13695
0.98239
0.080345
0.13912
0.10374
0.84049
0.068576
0.17256
0.29002
0.067686
0.31733
0.34151
0.36178
0.1229
0.37095
0.63219
0.69548
0.27347
0.15705
0.9604
0.32161
0.11532
0.22806
0.16364
1.2113
0.12354
1.0832
0.22407
0.8724
0.16047
0.973
0.1194
0.33729
0.28038
0.18434
0.17486
0.72634
0.49688
0.30226
0.73319
1.1888
0.81551
0.43202
0.083744
0.090006
0.13498
0.37341
0.75745
1.0884
0.16967
0.096478
0.15168
0.1023
0.37334
0.22224
0.1904
0.63834
1.2413
0.47553
0.60785
0.071834
0.1859
0.2382
1.1092
0.089242
0.99237
0.27125
0.14637
0.26761
0.15952
0.73514
1.5157
0.43585
0.31999
0.23428
0.2262
0.17588
0.12163
0.59592
0.61141
0.10558
1.2561
1.1939
0.37432
0.61045
0.87938
0.085048
1.0444
0.13573
0.23442
0.62804
0.10197
1.18
0.30274
1.3388
0.43173
0.5931
0.4454
0.54285
1.2875
0.12445
0.17596
0.63996
0.19117
0.086184
0.98197
0.12382
0.075638
0.1961
0.87147
0.75481
0.2614
1.073
0.26824
0.18751
0.086115
1.1349
0.090935
0.40749
0.063183
0.10481
0.70086
0.28703
0.16779
0.95466
0.17894
0.36408
1.1655
1.068
1.1138
0.15046
0.27045
1.3725
0.15407
0.11959
1.0019
0.46226
0.24785
0.085656
1.0894
0.59324
0.10236
0.68854
0.99734
1.0375
0.091539
0.27587
0.20191
0.10992
0.63313
0.20784
0.16125
0.11116
0.43273
0.078873
0.26074
0.73554
0.1012
0.42555
0.19549
0.1284
0.19841
0.17918
0.28491
0.28382
0.12385
1.1688
0.55897
0.10833
0.4421
0.87266
0.11907
0.42515
0.16798
0.38695
0.93347
1.0932
0.10695
0.45911
0.4152
0.19802
0.40777
0.18906
1.1628
0.073017
1.1782
0.56705
0.33485
0.27507
0.11632
0.087064
0.36571
0.095587
1.1979
0.86545
0.14377
0.11911
0.13139
0.34668
0.59126
0.079518
0.26431
0.29334
0.71919
0.26004
0.61189
0.14344
0.076957
0.075057
0.25554
0.16475
0.19327
1.024
0.45588
0.22104
0.46604
0.076529
1.1273
0.4081
0.11738
0.10568
0.43461
0.3395
0.12655
0.95595
0.83649
1.1233
0.89428
0.12341
0.94685
0.90719
0.087707
0.12341
0.15744
0.12358
0.13242
0.33919
1.0645
1.0578
0.13471
0.2795
0.98434
0.60534
0.48625
0.16531
0.09758
0.47998
0.88911
1.1881
0.16475
0.48757
0.19935
0.17245
0.20018
0.33036
0.3657
0.18939
0.14625
0.10612
0.10872
0.17937
0.81239
0.20915
0.68336
1.1624
0.23084
0.64327
0.35165
0.49976
1.2129
1.043
0.63947
0.067837
0.64291
0.78707
0.72616
0.60485
0.19025
0.062741
0.43525
1.0066
0.69644
0.17423
0.13555
0.17039
1.0779
1.0087
0.2932
0.3499
0.20046
0.22078
0.1269
1.1139
0.58217
1.1551
0.39659
0.2891
0.23173
0.30767
1.2167
0.91234
1.0954
0.78974
0.28007
0.10715
0.19385
0.11805
1.1466
0.31202
0.55496
0.90619
0.10877
0.82937
0.2472
0.75623
0.72587
0.39273
0.49042
0.49822
0.98811
0.082471
0.12082
0.64444
0.3105
0.13852
1.2214
0.41424
0.18775
0.39229
0.47493
0.36226
0.33072
0.22091
0.30063
0.1246
0.63451
1.6462
0.19842
0.29125
0.64078
0.81214
0.16165
0.59388
0.12756
0.43752
0.96437
1.0476
0.93814
0.33145
0.39071
0.41904
0.60713
0.4894
1.1235
0.47105
1.0335
0.098925
0.12931
1.1514
0.46502
0.75117
1.1656
1.1327
1.1461
1.1141
1.0619
0.61792
0.26357
0.13063
0.06569
0.3549
0.40824
1.0858
0.18679
0.27412
0.36441
1.4559
0.15082
0.87373
0.46488
0.1139
0.43582
0.13672
0.1398
0.085496
0.12726
0.34393
0.075916
0.097206
0.95345
1.2162
1.253
0.33172
0.17824
1.1523
0.18609
0.41007
0.70595
0.80993
0.88225
1.1153
0.10853
0.60369
0.58274
0.66865
0.21985
1.1728
0.80708
0.95346
1.0824
0.42235
0.66577
0.1242
0.36686
0.30356
0.7678
0.59889
0.11077
0.12417
0.12065
0.13369
0.2813
0.089108
0.089709
0.81044
1.3489
0.42905
0.58684
1.1562
0.28183
1.6839
0.45384
0.26309
0.34659
0.30041
0.18318
0.30147
0.10406
1.0719
0.12895
0.094124
0.11501
0.11704
0.16823
0.78221
0.89795
1.2052
0.2609
1.2166
0.13648
0.11643
0.69654
0.20306
0.52543
0.20415
0.21578
0.15959
0.29786
0.32263
1.1927
0.86537
0.25384
0.13605
1.3695
0.36733
0.7814
1.2055
0.8615
0.1594
0.34341
1.1021
0.46136
0.15496
0.62243
0.28492
0.073428
0.8009
0.15504
0.12716
0.77231
0.089402
0.47895
0.97473
0.17562
0.16243
0.34362
0.35865
0.86714
0.076142
0.42806
0.70084
0.68448
0.087855
0.51736
1.2603
0.17628
1.1749
0.12259
0.11618
0.42961
0.074158
0.25728
0.16138
0.42919
0.61355
0.29391
1.0709
0.15074
0.6093
1.1737
0.16684
0.31851
0.41087
0.59602
0.08978
0.29608
0.11587
0.1551
1.0339
1.0918
0.56252
0.092899
0.12063
0.82796
0.2407
0.11626
0.69111
0.5867
0.54646
0.090997
0.097821
0.57645
0.20596
0.11601
1.6252
0.098029
0.11522
0.24338
0.69499
0.080669
0.7014
1.1515
0.91014
0.72111
0.27557
0.37938
0.2362
0.10081
0.28944
0.36364
0.089863
0.78854
0.27122
0.68677
0.64331
1.2242
0.15075
0.19398
0.072502
1.2325
0.1727
0.74906
0.48553
0.14628
0.65651
0.62592
0.58442
0.25618
0.069852
0.1432
0.40093
0.6683
0.22395
0.13603
0.98008
1.0226
0.093277
0.40448
0.2744
0.14946
0.57745
0.59344
0.60831
0.14065
1.2856
0.20772
0.14481
0.2664
0.28787
0.18837
0.12432
0.59761
0.17838
0.14763
0.7064
0.27619
1.3191
0.1145
0.29023
0.18184
0.12652
0.16631
0.12831
0.11659
1.2061
0.86174
0.077381
0.14085
0.62278
0.66994
0.11757
0.73908
0.14464
1.0112
1.1722
0.99535
1.4707
0.44842
1.0683
0.54846
0.14735
0.097685
0.21667
0.21835
0.67888
0.12789
1.1046
0.11448
0.30641
0.1676
0.12017
0.54895
1.0654
1.2285
0.80431
0.080268
0.34985
0.13532
0.23696
0.96612
0.10478
1.7413
0.97418
1.385
0.11633
0.5029
0.1114
0.12937
0.56695
1.1259
0.80806
0.24587
0.97007
0.18383
0.15263
1.2495
0.096224
0.1195
0.76555
0.40317
0.19074
0.11025
0.10046
0.72241
1.4534
1.1227
0.1732
0.33508
0.95292
0.24781
0.59824
0.73976
1.1137
0.26982
0.17754
0.19227
0.092288
0.76476
0.16854
0.097133
0.089038
0.17185
1.1817
0.97134
0.23433
0.14812
0.28811
1.0616
0.6759
0.089623
0.34123
1.1331
0.18572
0.094089
0.36557
0.27186
0.1895
0.28695
0.58916
0.18757
0.17527
0.080861
0.74834
0.080346
0.10952
0.97395
0.62106
0.52296
0.17015
0.13355
1.033
1.1393
0.07489
0.29796
0.93559
0.22768
0.12573
0.2153
0.15847
0.1392
0.82717
0.078972
1.314
0.25773
0.99691
0.29375
0.0724
0.067747
0.36469
1.058
0.15637
0.089247
0.17141
0.11945
0.175
0.10067
0.096444
0.7027
0.0736
0.45279
0.19692
0.29239
0.24467
0.20392
0.21396
0.546
0.27562
0.63137
0.42951
0.10133
1.1514
0.20204
0.13824
1.1366
0.14045
0.19755
0.16742
0.43888
0.1641
0.53597
0.46356
0.19719
0.93096
0.33641
0.11068
1.1014
0.089605
0.15394
0.11767
0.11886
0.29034
0.16745
0.16881
0.22576
0.40585
0.14432
0.39028
0.07725
0.077592
0.46746
1.0387
0.26439
0.097183
1.5269
0.28896
0.31869
0.34629
0.10038
0.15415
0.31882
0.13496
0.3746
1.1034
0.40163
0.53053
0.17776
0.22954
0.18029
0.20458
0.17292
0.5393
0.16077
0.14585
0.2846
0.10529
0.11317
0.45256
0.18972
0.85602
0.40088
1.202
0.12452
0.33742
0.65973
1.1187
0.28638
0.20067
0.31717
0.24118
0.80387
0.5211
0.8671
0.35675
0.12332
0.091996
0.51252
0.26295
0.1265
0.26084
0.39007
0.61993
0.13853
0.71641
0.067747
0.26007
1.2467
0.096368
0.19117
0.067221
0.74165
0.16376
0.89868
0.40091
0.79283
0.16121
0.12621
0.97834
0.088426
1.1509
0.096402
0.19412
0.2842
0.14439
1.4271
0.56455
1.0604
0.70912
1.0396
0.12565
0.78171
0.25592
0.2346
0.46367
0.7461
0.5855
0.069045
0.32716
0.32634
0.14091
0.20208
0.87013
0.63918
0.45986
0.14163
0.34558
0.97238
0.087783
0.089136
0.19423
1.1449
0.60898
0.13978
1.0303
0.1829
1.3139
0.65882
0.23226
0.97143
0.22034
1.1244
0.12074
0.78642
0.20104
1.2202
0.075709
0.084293
1.2606
0.42072
0.33072
0.35729
0.24256
0.18536
0.13233
0.28881
0.095222
0.50202
0.079117
1.01
0.95394
0.18
0.20169
0.096904
0.10491
0.13958
0.73223
1.2567
1.063
0.53302
0.13401
0.2269
0.21637
1.1938
0.50261
1.1131
0.082206
1.2659
1.1322
0.23934
0.31494
0.92857
0.51934
0.2717
0.97092
1.1938
0.11457
1.2124
0.1118
0.2686
0.22458
0.23217
0.4107
0.21376
0.1826
0.29654
0.5083
0.62025
0.21246
0.21034
0.06688
0.83992
0.38292
1.5822
0.81311
0.902
0.16147
0.12834
0.10583
0.62165
0.24982
0.10188
0.1329
1.087
0.3163
1.049
0.24811
0.084891
0.20702
0.12234
0.18358
0.21642
0.13144
0.21279
0.9101
0.21295
1.1725
1.0267
0.09776
0.19408
0.59844
0.62472
0.80698
0.17228
1.1292
0.48842
0.097288
0.27424
0.13957
0.99323
0.38586
0.93715
0.47808
0.83031
0.28584
0.20979
0.10186
0.56936
0.16911
1.1253
0.83738
0.79829
1.2308
1.0289
0.39327
0.20132
0.10107
0.1528
0.14072
0.10191
0.24058
0.38997
0.22684
0.21043
0.87655
0.74457
0.42399
0.21172
0.22433
0.14531
0.23722
0.13853
0.948
0.20007
0.29458
0.25108
0.54581
0.22289
0.14946
0.7377
0.45793
0.39897
0.11829
0.12782
0.11237
0.20832
1.1651
0.2196
0.2002
0.095843
0.42925
0.43259
0.57458
0.52288
1.274
0.39757
1.023
0.1186
1.0483
0.090322
0.67427
0.13723
0.25533
1.011
0.12096
0.47271
0.61424
0.24664
1.4527
1.3386
0.3733
0.15013
0.22106
0.16288
0.081824
0.11754
0.32059
0.83897
1.1386
0.098596
0.53983
0.41887
1.1537
0.41063
0.63864
1.0756
0.42024
0.073266
1.1312
0.094691
0.22655
0.64696
0.13146
0.19463
0.10014
0.16567
1.3614
1.1397
1.0048
0.52883
0.68935
0.20465
0.33462
0.27698
0.32236
0.65456
0.35639
0.099676
0.22781
0.12011
0.22194
0.30152
0.9967
0.18019
0.12711
0.33632
0.70221
0.81736
0.13851
0.68931
0.41172
0.18208
0.14877
1.6865
0.088199
0.84213
0.48693
0.075347
1.3048
0.43387
0.16095
0.11648
0.57544
0.51119
0.069253
0.092677
0.1123
1.2174
0.23483
0.46911
0.12169
0.2327
0.38907
1.0642
0.65354
0.11194
0.17085
0.42097
0.10821
0.37395
0.93907
0.3224
0.11585
0.19169
0.12294
0.2647
0.5057
0.7779
0.1243
0.27781
0.64043
0.86958
0.18132
0.50964
0.51816
0.16826
0.32929
0.098009
0.092687
0.68606
0.12771
0.064973
0.1083
0.1307
1.1734
0.76307
0.34223
0.40974
0.39923
0.092698
0.51789
0.65598
0.14984
0.096418
0.47954
1.0164
0.44072
1.171
0.14429
0.96801
0.26271
0.97604
0.073403
0.47534
0.35513
0.35789
0.10634
0.19198
0.29628
0.082363
0.2056
0.22103
0.094373
0.51861
0.24759
0.28094
0.36146
1.2729
0.34398
0.27006
1.3562
0.74274
0.088981
0.74766
0.090212
0.38989
0.11477
0.095665
0.19771
0.22107
0.4663
0.0879
0.26011
0.12468
0.33422
1.2464
0.67998
0.091299
0.31438
0.48496
0.46855
0.26775
0.14504
0.21881
0.33387
0.49448
0.14702
0.15156
0.12817
0.48927
0.10423
0.34861
0.75889
1.7272
0.99834
0.28618
0.3184
0.40426
1.1019
0.22208
0.14638
0.34428
1.3663
0.1044
0.95954
0.12821
0.12296
0.58177
0.7511
0.23391
0.24395
0.11879
0.80762
0.17134
0.23868
0.17303
0.38653
0.88746
0.23219
0.31284
0.83029
1.2368
0.11773
0.11182
0.45314
0.44724
0.34713
1.1587
0.10289
0.14179
0.12989
0.2813
0.10169
0.090635
0.24006
0.13116
0.42783
0.21556
0.7794
0.85287
0.45665
0.40422
0.17376
0.12897
0.097122
0.07361
0.20332
0.083547
0.13729
0.09198
1.4503
1.039
0.1444
0.28976
0.31804
0.39309
1.2003
0.3566
0.53619
0.25017
0.48251
0.25872
0.13273
0.74384
0.52402
0.72032
0.25234
0.14905
0.093373
1.1464
0.69543
0.15469
0.77837
0.1074
0.63166
0.2478
0.79864
0.30588
0.089424
0.13912
0.12562
0.24826
0.083141
0.37264
0.17761
0.15487
0.48755
0.2741
0.52628
0.20047
0.25118
0.71372
0.11015
0.15401
0.17771
0.68233
0.22684
0.25948
0.61857
0.14755
0.53927
1.1677
0.56418
0.17462
0.32527
0.067998
0.18315
0.18474
0.14537
0.15632
0.6371
0.91108
0.38655
0.086333
0.40324
0.10353
1.2188
0.33624
0.81675
0.97044
0.062181
0.24831
0.13686
0.52276
0.086329
0.98319
0.17344
0.19818
1.3403
0.56156
0.18781
0.3082
1.2688
0.18383
0.22676
0.95447
0.11052
0.12684
0.16545
0.090734
0.16722
1.0097
0.51449
0.81447
0.36196
0.95564
0.34024
0.38669
0.73422
0.23348
0.14148
0.1132
0.093916
0.79575
0.1485
0.3648
0.19355
0.70729
1.14
0.1083
0.15428
0.82783
1.0593
1.0083
0.064958
0.12054
0.2044
0.082363
0.18174
0.14036
0.55469
0.24659
0.41017
0.21296
0.22184
0.10153
0.10615
1.2145
1.0349
0.13654
1.1741
0.64055
0.91971
0.83928
0.16587
0.79148
0.076643
0.68776
0.28785
0.58113
0.089364
1.0767
0.1461
0.32651
0.45295
1.3491
1.131
1.2092
0.71914
0.32953
0.21727
0.13959
0.63806
0.40693
0.4319
0.95826
0.19936
0.23014
0.5009
0.16374
1.057
0.10717
0.074726
0.9705
0.46858
0.24997
0.098584
0.18219
0.092444
0.14724
1.6353
1.0395
0.16348
0.50669
0.73782
0.075684
0.41763
0.20313
0.088823
0.17297
0.35072
0.19982
0.22585
0.34519
0.11531
0.56203
0.24458
0.094499
0.64106
0.16917
0.96117
0.091605
0.27403
0.096242
0.97613
0.071476
0.11892
0.168
0.36693
1.3783
0.41588
1.5983
0.44311
0.24021
1.3462
0.28873
0.48033
0.14474
0.28076
0.15632
0.55063
0.43054
0.77564
0.17224
0.16225
0.24608
0.16396
0.29073
0.20112
0.099221
0.14765
0.72494
0.077355
0.17584
0.69974
0.12478
0.26785
0.15775
0.76379
0.22117
1.3313
0.1679
0.25112
0.040003
0.3329
0.36935
0.49437
0.12373
0.17661
0.76276
0.9471
0.29628
0.40144
0.41153
0.27282
0.43616
0.38218
0.13308
0.15906
0.1434
0.15426
0.19858
1.2494
0.31663
0.95597
0.31603
0.64977
0.097563
1.1279
0.20689
0.704
1.1359
0.26932
0.36967
0.22896
0.58384
0.15612
0.49388
0.78261
0.229
0.75882
0.099121
0.078313
0.1151
0.1404
0.31518
0.14865
0.080341
0.16235
0.16341
0.39927
0.063947
0.29654
0.20563
0.18946
0.86991
0.33206
0.086978
0.57898
0.77355
0.074892
0.48998
0.1799
0.29157
0.55594
1.2155
0.52237
0.95141
0.20861
0.20757
0.17813
0.078027
0.27209
0.8395
1.0737
0.10745
0.29348
0.072796
0.18541
0.16156
0.1603
0.19179
0.55761
0.23557
1.0824
0.25037
0.10918
0.7937
1.0806
0.23111
0.22848
1.1203
0.13604
0.51388
1.4238
0.13991
1.2314
0.096976
0.076313
0.25054
1.0981
1.104
0.3207
0.48404
0.40096
0.2882
0.57542
0.13303
0.20945
0.48537
0.30508
0.088521
0.17812
0.66765
0.26769
0.16091
0.50882
0.67622
0.32245
0.14091
0.25857
0.81826
0.7344
0.10313
0.60318
0.26608
0.78376
1.0382
0.43575
0.14783
0.13303
0.36551
0.21165
1.2694
0.55393
0.66529
0.95781
0.61487
0.96738
0.76536
0.13927
0.1379
0.20082
0.49933
0.75027
1.0388
0.17888
0.43472
0.9003
0.066665
0.089985
0.99499
0.083981
0.096177
0.42292
1.058
1.2498
0.06998
0.17762
0.46612
0.43348
0.12578
0.30824
0.22881
0.75871
0.083849
0.19995
1.0232
1.0328
0.28933
0.27296
0.24921
0.1631
0.32318
0.15953
0.76767
0.1945
0.69763
0.20597
0.28826
0.082462
0.19928
0.82712
0.31012
0.66649
0.14245
0.32843
0.35562
0.69708
0.1195
0.30954
0.088637
0.1401
0.29357
0.1888
0.1835
0.32722
0.064978
0.11593
0.20411
1.0187
0.25502
0.6647
0.39017
0.67401
0.86118
0.1281
0.78402
0.32685
0.30039
0.070241
0.42735
0.19116
0.52647
0.18072
0.82318
0.1607
0.093967
0.32022
0.77295
0.43665
0.11567
0.084506
0.33854
0.12107
0.33294
0.20418
0.44715
0.095703
0.42881
0.30607
0.16876
0.095009
0.82801
0.13844
0.12499
0.11171
1.2553
0.087699
0.23974
0.9996
0.20502
0.22254
0.10297
0.71223
0.2933
0.97288
0.30842
0.18327
0.2895
0.32502
0.27343
0.14318
0.19758
0.12527
0.26549
0.43141
0.24983
0.12372
0.15583
0.55501
0.38284
0.25801
0.24011
0.7057
0.21391
0.26569
0.12048
0.80253
1.0543
0.24671
0.11632
0.25414
0.10378
0.18959
0.27168
0.36603
0.13441
0.3319
0.52472
0.068996
0.23223
1.3923
0.079616
0.094332
1.2336
0.07669
1.1792
0.3904
0.36929
0.17412
0.43599
0.55412
0.22902
0.095869
1.0529
1.2371
0.069531
0.27852
0.21365
0.16625
0.1649
0.10303
0.098331
0.11643
0.97059
0.27318
0.13811
0.090441
0.095978
0.1599
1.0943
0.066694
0.44491
0.51793
0.14309
0.85971
0.47121
0.79977
1.3854
0.38415
0.088896
0.15438
0.67589
0.10863
0.1109
0.74696
1.0894
0.071789
0.37595
1.4431
0.83193
0.095902
0.77294
0.17678
0.74695
1.2971
0.19931
0.8134
0.42863
0.69175
0.1732
0.45879
0.6668
0.25674
0.15306
0.11968
0.41827
0.42584
0.12688
0.11083
0.12915
0.36057
0.14865
0.24949
0.12189
0.26343
0.64141
0.13246
0.66506
0.50289
0.43794
0.40509
0.1983
0.77828
0.089282
0.16684
0.23624
0.086057
0.49691
0.071207
0.12359
0.096591
0.1097
0.10543
0.12174
0.085281
0.077674
0.45912
0.28167
0.88604
0.74632
0.11344
1.0618
0.49314
0.088966
1.3106
0.23348
0.92757
0.26194
0.2661
0.18736
0.14819
0.35296
0.088114
0.094151
0.18336
0.5718
0.21632
0.44511
0.16323
0.29661
1.1121
0.21664
0.091424
0.32685
0.59082
0.64699
0.37487
0.29183
0.44802
0.25904
0.10514
0.14265
1.1568
0.26327
0.083204
0.064523
0.11062
0.11629
0.84077
0.10008
0.49461
0.26835
0.3664
0.11424
0.9979
0.8057
0.16518
0.19644
0.30717
1.0052
0.53645
0.3471
0.41612
0.14812
0.28344
0.11826
0.77034
0.28346
0.2715
1.1142
0.28374
0.087554
0.17813
0.25118
0.14099
0.091221
0.38942
1.029
0.99459
0.44189
1.2374
1.1147
0.27991
0.18794
0.80069
0.77227
0.15036
0.76293
0.48218
0.18785
0.17539
0.98205
0.48548
0.31262
0.23054
0.37248
0.40377
0.29389
0.11652
0.36557
0.16162
0.2798
0.94384
0.083757
0.6915
0.58823
0.12132
0.35043
0.16218
0.084269
0.16745
0.18311
0.12204
0.35352
0.1591
0.69161
0.99529
0.11733
0.12022
0.085428
1.1028
0.32938
0.52951
0.083862
0.13595
0.11344
1.1567
0.18446
0.1294
1.2295
1.1388
0.18712
0.11738
1.2104
0.63036
0.080588
0.14918
0.34545
0.3141
0.11788
0.49405
0.3636
0.66314
0.81164
0.51306
0.071978
0.31622
0.098724
0.08126
0.13971
0.16096
0.20805
0.25405
0.47045
0.16676
0.45598
0.14283
0.1951
0.2089
0.15104
0.85269
0.83629
0.15131
0.1217
1.1083
0.20137
0.17054
0.1908
0.15584
0.34215
0.36113
0.098637
0.17263
0.17395
0.14582
0.095919
0.46387
0.32437
0.082878
0.079302
1.1878
0.26176
0.32788
1.1267
0.82241
0.43948
0.18982
0.16909
0.082306
0.44795
0.30186
0.16699
0.87126
0.7845
0.11962
0.88817
0.1335
0.086264
0.99255
0.70047
0.57016
0.64015
0.71582
0.58158
0.2357
0.31312
1.445
1.1347
0.178
0.14083
1.3718
1.2288
0.96209
0.14951
0.51512
0.1997
0.13556
0.10958
0.17052
0.097409
1.0068
0.11977
0.29343
1.1614
0.2412
0.20951
0.29749
0.18189
0.87688
0.12094
0.39518
0.13718
0.2439
0.16464
0.25593
0.95086
0.33716
1.3247
0.10588
0.30812
0.84609
0.082331
0.065535
0.071574
0.16357
0.47938
0.099999
0.9468
1.0301
0.21268
0.4358
0.2588
0.57662
0.90652
1.2488
1.1496
0.48562
0.10483
0.12387
0.082575
0.70274
0.20985
0.54204
0.16757
0.66635
0.4237
0.21605
0.45471
1.0609
0.11819
0.62904
0.97238
0.1422
1.2486
1.1374
0.19991
0.29698
0.1341
0.37422
0.69245
0.85716
0.3354
0.12468
0.64667
0.23625
0.079918
0.63747
0.87798
0.16461
0.08935
0.12709
0.14318
0.24083
0.22942
0.37567
1.1024
0.53022
0.19857
0.33911
0.15875
1.009
0.11461
0.14757
0.31346
0.13044
0.15166
0.12494
0.2172
0.18668
0.086294
0.40207
0.34314
0.46414
0.13182
0.065976
0.38683
0.20465
0.6698
0.20762
0.21931
0.43376
0.11987
0.24748
0.18322
0.091185
1.1707
1.1
0.36314
0.72206
0.39938
0.15183
0.50576
0.75301
0.066859
0.11886
0.56091
0.096879
0.10994
0.15647
0.13547
1.0111
0.39988
1.2395
0.35409
0.85054
0.31377
0.41066
0.10093
0.19706
0.091997
0.083417
1.6193
0.81414
0.59457
0.23999
0.46948
0.94308
0.1405
0.18998
0.68111
0.34901
0.33561
0.26297
0.58527
0.20141
1.203
0.32453
0.10219
0.83192
0.30898
0.56415
0.55608
0.44814
0.35706
0.17436
0.11645
1.4965
0.11215
0.95643
0.13249
0.19276
1.0964
0.15626
0.78
0.151
1.6522
0.45338
0.27516
0.1124
0.10276
1.0106
0.1373
1.4318
0.60334
0.38204
0.079724
0.31809
1.2106
0.29341
0.5096
1.0818
0.22405
0.71476
0.1545
1.4565
0.074423
0.601
0.32923
0.09032
0.1376
0.25616
0.12721
0.15815
0.26371
1.0313
0.36119
0.18972
0.19506
1.0465
0.34493
0.53778
0.29015
0.94986
0.73271
0.16806
0.58261
0.7296
0.11282
1.6259
0.49282
0.2204
0.08453
0.23819
0.78612
1.1105
0.45269
0.29609
0.17276
1.0253
0.73188
0.932
0.93302
1.1214
0.10726
0.42288
0.13254
0.17139
0.43457
0.21762
0.90833
0.1585
0.15871
0.11992
0.55322
0.19579
0.77966
0.089636
0.1544
0.16472
0.14399
0.34872
0.08531
0.18269
0.7592
0.29821
0.14387
0.3563
0.13854
0.29702
1.2897
0.70732
0.20874
0.37119
0.10927
0.16262
0.45324
0.85097
0.29285
0.20806
0.089945
0.10506
0.156
0.51327
0.26254
0.26642
0.097273
0.16336
0.13616
1.163
0.79197
0.33836
0.23869
0.12994
0.99409
0.31188
0.33631
0.10121
0.75333
0.80645
0.094894
0.17671
0.74492
0.096231
0.10676
0.34777
0.08344
0.16749
0.49784
0.10694
0.11626
0.76669
0.1239
0.61875
0.11058
1.1747
0.23137
0.54019
1.1335
0.80666
0.08681
0.20046
0.58237
0.42972
0.60538
0.49509
0.10026
1.2667
1.1564
0.062402
0.2948
0.25653
0.55183
0.90569
0.75721
0.31971
1.0421
0.67459
0.18515
0.32828
0.3647
0.14346
0.6758
0.52215
0.36239
0.25173
0.98287
0.086884
0.9463
0.13838
0.1075
0.062679
0.13218
0.20001
1.2505
0.1085
0.14014
0.67815
0.34087
0.14258
0.11914
0.22956
0.22363
0.71142
0.47465
0.47716
0.10263
1.1525
0.15177
0.38724
0.1168
0.14203
0.78806
0.58087
0.27278
0.27952
0.49092
0.44015
0.074568
1.0971
0.16405
0.19162
1.2015
0.073126
0.09419
0.10316
1.004
0.22845
0.17269
0.084573
0.37171
0.17577
1.0491
0.064065
0.47615
0.32815
0.68643
0.15812
0.085638
0.49518
0.78531
0.79124
0.50413
0.12835
0.96334
0.23735
0.65118
0.20851
0.28665
0.76051
0.11721
0.38788
1.1737
0.18823
0.091458
0.18604
0.86723
0.099058
0.083093
0.10658
0.41006
0.11779
0.22993
0.13143
0.3565
0.37837
0.25239
0.16417
1.169
0.071645
0.25209
0.15644
0.36508
0.15968
0.080386
0.7588
0.57597
1.1312
0.055804
0.27128
0.23007
1.2753
1.3426
0.10177
0.13839
0.98859
1.0287
0.36839
0.74933
0.3085
1.286
0.18305
1.0163
1.2349
0.38975
0.29766
0.15906
0.25707
0.84034
0.11275
1.1187
1.351
0.37352
0.30448
0.99087
0.20421
0.33629
0.21702
0.089409
0.087709
0.26816
0.16406
0.63604
0.42895
0.44577
1.0784
0.066308
0.19885
1.2476
0.43388
0.232
0.3941
0.19159
0.14335
1.1639
0.2561
0.17253
0.21933
0.15284
0.98278
1.2232
0.23308
0.33743
0.77752
0.16428
0.40348
0.95826
0.74345
0.12897
0.12959
0.90298
0.45303
0.089891
0.53703
0.084366
1.4348
0.62847
0.081086
1.0795
0.66006
1.2063
0.31818
0.40339
0.80606
0.75172
0.41411
0.34471
0.35702
0.16506
0.42802
0.29008
1.1292
0.88885
0.383
0.086489
0.21124
0.8974
1.1035
0.15754
0.345
0.5837
0.37911
0.85973
0.089881
0.40667
1.1878
1.1065
0.40462
0.10907
0.098997
0.1583
0.16045
0.85001
0.48683
0.18688
0.11579
0.69356
0.78921
0.73233
1.1125
0.11726
1.1341
0.51803
0.15409
0.79902
0.099403
0.27577
0.7333
0.1745
0.08384
0.88391
0.56186
1.1401
1.0763
0.30897
0.10186
0.5208
0.14544
0.13976
0.096406
1.3794
0.39626
0.08087
0.39343
0.31144
0.10225
0.1859
0.21445
1.2343
0.10541
0.075277
0.35535
1.6495
0.81966
1.2191
0.25662
0.17139
0.097566
0.80855
1.079
0.074291
1.3039
1.3089
0.78953
1.1099
0.80475
0.13418
0.20925
0.54752
1.201
0.25425
0.94094
0.19201
0.083747
0.10011
0.34245
0.45405
1.0816
0.22939
0.74659
0.24122
0.25465
0.13886
0.48164
0.12277
1.3188
0.15254
0.79083
0.18231
0.45662
0.22167
0.13592
0.35873
0.59085
0.27623
0.11592
0.23287
0.23133
0.38713
0.44454
0.50184
1.712
0.2554
0.10004
0.3942
0.39522
0.30604
0.23458
0.35498
0.39232
0.32693
0.1768
0.54911
0.25542
0.19672
0.80796
0.1244
0.57795
0.32269
0.20364
1.1393
0.31828
0.86832
0.49348
0.3146
0.074396
0.26454
0.15575
0.06714
0.20445
0.11705
0.12473
0.067047
0.2575
0.83015
0.12663
0.068816
0.62671
1.1314
0.11955
0.44298
0.30163
0.10919
0.19257
0.66407
0.28295
0.25776
0.43003
0.83706
0.6398
0.2084
0.69538
1.4906
0.5917
0.14616
1.1483
0.99923
0.1465
0.9969
0.91035
1.1901
0.18227
0.56229
0.52488
0.33204
0.090976
1.55
0.21587
0.11171
1.0871
0.15344
0.14564
0.18514
0.16516
0.1027
0.73877
1.0577
0.21493
0.96202
1.2428
0.35003
1.0105
0.072339
0.14527
0.67023
0.40146
0.48122
0.094788
0.16722
0.27801
0.86989
0.27907
0.23852
0.45747
0.49011
0.1229
0.099013
0.31691
0.12125
0.48251
0.092222
0.16855
0.10759
0.13168
0.16502
0.24969
0.11045
0.75836
0.75947
0.65333
0.11002
0.74354
0.56108
0.50302
0.7713
0.082133
0.37598
1.1241
0.24699
0.80486
0.20117
0.11624
0.45865
0.32389
0.36337
0.33234
0.084762
0.1455
0.16036
0.79284
0.17008
0.33672
0.3438
0.3441
0.12789
0.28565
0.15886
0.70566
0.22435
0.44533
0.091229
0.43174
0.45124
0.15743
0.25045
0.52954
0.11333
0.17991
0.68108
0.61865
0.10453
0.7474
0.11674
0.35613
0.60873
0.11529
0.34069
0.20731
1.1892
0.78485
0.15586
0.4388
0.16545
0.2431
0.14483
1.1507
0.05716
0.68685
0.17358
0.16624
0.77161
0.16282
0.36704
0.12052
0.38173
0.08854
0.085994
0.62254
0.28812
0.080728
0.68817
0.27175
1.0882
0.071458
0.12826
0.1329
0.82744
0.45895
1.2122
0.22241
0.23918
0.20458
0.57264
0.2029
0.51042
0.086239
0.29337
0.16338
0.09136
0.27143
0.13817
1.0463
0.09457
0.19599
0.52934
0.12201
1.1551
1.3782
0.14106
0.56483
0.87235
0.11491
0.087169
0.2445
0.22879
0.14446
0.10392
0.99878
0.51541
1.1474
0.090868
0.98149
0.25679
0.30008
0.12213
0.13183
0.23749
0.2275
0.10746
0.25277
0.10514
0.21381
1.2109
0.41942
0.36098
0.35236
0.59038
0.87796
1.1678
0.45148
0.56471
0.53317
0.57686
1.0498
0.27994
0.21969
0.71818
0.91332
0.2625
0.15019
0.18066
0.085294
0.33617
1.3525
0.69942
0.3348
0.44286
0.31483
1.1362
0.501
0.15125
0.849
0.2551
0.46919
0.63767
0.13521
0.3181
0.37628
0.21889
1.039
0.53824
0.86951
1.0409
0.082157
0.50803
0.12015
0.97328
0.92375
0.53501
0.79212
0.15156
0.60349
0.47387
0.25438
1.1794
0.20286
0.51024
0.13088
1.2971
0.31538
1.2373
0.14932
0.13932
0.72966
0.24039
0.087538
0.18396
0.071037
0.20902
0.18172
0.29814
1.2212
0.20183
0.62425
0.19987
0.52109
0.21671
0.14246
0.15327
1.2338
0.068854
0.14025
0.19257
1.0595
0.10302
0.60125
0.58337
0.24259
0.25765
0.37279
0.14574
0.98213
0.54161
1.1552
0.21581
0.77262
0.73301
0.19193
0.13124
0.11749
0.64889
1.0493
0.50506
0.34849
0.67303
0.094732
0.055039
0.38487
0.10137
0.083409
0.15144
0.83484
0.14942
0.12671
0.73852
0.13802
0.73798
1.0759
0.18323
0.30228
0.35971
0.17885
0.30427
0.2475
0.20255
0.31796
0.29013
0.42983
0.10277
0.75343
0.188
0.38255
0.26609
1.324
0.25831
0.093639
0.14913
0.13254
1.057
0.28666
1.0945
1.3133
0.36808
0.63145
0.50314
0.13742
0.18543
0.28226
0.2155
0.45297
0.1136
0.64498
0.15056
0.31093
1.1337
0.69939
1.0494
0.20079
0.13576
0.85211
1.1395
0.11639
0.55454
0.32525
0.43369
0.13546
1.1248
0.12387
0.22578
0.8186
0.22814
0.18321
0.14314
0.10249
0.30548
0.18539
0.20623
1.2754
0.30603
0.40071
1.3289
0.85145
0.28569
0.62461
0.11125
0.10253
0.15486
0.43271
0.23659
0.27418
0.50722
0.44475
0.13573
0.24158
0.25178
0.40486
0.33698
0.41338
0.2114
0.53908
0.083963
1.0841
0.42546
0.272
0.07861
0.80782
0.18471
0.96453
0.40466
0.23867
0.47484
0.43337
0.73376
1.2407
0.60596
1.0963
1.0199
0.13291
0.23604
0.76448
0.67591
0.22903
0.30817
0.15921
0.53778
0.84049
0.30507
0.1152
0.09882
0.17985
0.2062
0.41251
0.2299
0.2447
0.33289
0.37854
0.33085
0.64328
0.62783
0.44826
0.16409
0.485
0.093802
0.22085
0.095369
0.12594
1.0832
0.22912
0.8724
0.16047
0.94911
0.24847
1.1749
0.28038
0.23573
0.18356
0.12307
0.19771
0.097053
0.8735
0.072194
0.12945
0.11644
0.13196
0.19895
0.82507
0.6041
1.157
0.13693
0.17448
0.16548
1.2364
0.096154
0.17835
0.23094
0.1904
0.45344
0.1965
0.32579
0.79011
1.0647
0.10615
0.09369
0.64487
0.67251
0.53614
0.56505
0.51969
0.3709
0.15952
0.49128
1.5157
0.43585
0.10819
0.13646
0.17319
0.17588
0.32008
0.37711
0.75639
0.12581
1.2208
1.428
0.45215
0.25713
0.067891
0.45961
0.64904
0.13573
0.25124
0.46361
0.49293
0.35825
0.39428
0.14897
0.37323
0.5931
0.086841
0.54285
0.43016
0.38318
0.10746
0.28997
1.1445
0.15434
1.6754
1.174
0.19985
0.54766
0.21276
0.34089
0.26155
0.25297
0.82555
0.49819
0.87648
0.71105
0.35056
0.14603
0.063183
0.92925
0.17098
0.12632
0.20492
0.15006
0.10915
0.17793
0.5689
0.6115
0.067408
0.44835
0.10567
0.90593
0.1948
1.1739
0.34111
0.39316
0.10959
0.1917
0.37979
1.1175
0.29841
0.18793
0.99734
0.13224
0.34676
0.27587
0.71605
0.10992
0.21174
0.20784
0.18141
0.11116
0.43273
0.17725
0.26074
0.27376
0.13047
0.11262
0.45726
0.11452
0.27757
0.14997
1.1356
0.28382
0.12385
1.1688
0.29141
0.25202
0.20611
0.26677
0.60805
0.37003
0.14597
0.27497
0.6844
0.13423
1.1512
0.080544
0.70624
0.31374
0.11363
0.17338
0.081327
0.33498
0.080905
0.98113
0.52398
0.39919
0.30781
0.087064
0.35273
1.229
0.54129
0.43738
0.64979
0.10659
0.36321
0.20076
0.23495
0.13244
0.194
0.16468
0.08797
0.23183
0.27483
0.096137
0.27197
0.099125
0.42068
0.079555
0.066585
0.15236
0.98642
0.11213
0.46604
0.10877
0.57882
0.20968
0.1024
0.62795
0.36092
0.3395
1.6494
1.2195
0.090554
0.56439
0.64426
0.29035
0.84694
0.09915
0.086638
0.89603
0.21654
0.43107
0.13242
1.2885
0.29792
0.11079
0.75907
1.1041
0.79544
1.0277
0.20849
0.37335
0.099965
1.1552
0.1175
1.179
0.28996
0.18797
0.19256
0.47536
0.21666
0.11995
0.095619
0.34108
0.34335
0.091754
0.22453
1.223
0.13571
0.20028
0.35566
0.68968
0.20336
1.0247
0.8552
0.49976
0.35431
1.1661
0.25408
0.88746
0.20433
0.60805
0.98939
0.60485
0.19025
0.53136
0.098793
0.20893
0.35674
1.0767
0.2712
0.12117
0.078287
0.67124
1.1678
0.18479
0.56756
0.68721
0.49255
0.73948
0.39473
1.6326
0.74514
0.17083
0.080608
0.79545
0.3175
1.0016
0.27863
0.22455
0.17785
0.37634
0.077254
1.2529
0.094577
0.41212
0.16445
0.44967
0.10877
0.82937
0.28569
0.095534
0.18368
0.51865
0.89646
0.27368
0.98811
0.082471
0.26552
0.14764
0.21728
0.12192
0.79272
0.15385
0.53329
0.074579
0.9041
0.68616
0.73522
0.49331
0.51787
0.27196
0.10236
1.327
0.13646
0.29125
0.08272
0.32078
0.062722
0.87044
1.5949
1.1679
0.37477
0.23382
0.23307
0.15938
0.70913
0.47474
0.12505
0.16754
1.2626
0.45771
1.2182
0.098925
0.37557
0.1363
1.0506
0.1843
0.20713
0.11443
1.1461
0.26559
0.80955
0.37889
0.12062
0.53013
0.13769
0.13116
0.40824
0.1125
0.61915
1.1279
0.36441
1.4559
0.53512
0.26013
1.1437
0.20131
0.46833
0.17514
0.59241
0.085496
0.082405
0.22007
0.18479
0.12648
0.094392
0.090018
1.253
0.3548
0.068812
0.16344
0.18269
0.063881
0.70595
0.23749
0.13012
0.25385
0.18664
0.53325
0.071431
0.66865
0.16003
0.5253
0.35834
1.1552
1.0824
0.38084
0.37107
0.1242
0.14428
0.70267
0.10273
0.59889
0.11077
0.12417
0.22263
0.13369
0.071909
0.89168
0.12315
0.11218
0.25904
0.22003
0.52361
0.082803
0.86701
0.27658
0.62862
0.26309
0.092904
0.098784
0.84134
0.46616
0.95248
0.96168
0.67618
0.24712
0.1153
0.10903
0.34135
0.27331
0.89795
0.18092
0.2609
1.2166
0.13648
0.49646
0.20304
0.16359
0.09912
0.39513
0.22439
0.99849
0.92405
0.32263
0.14521
0.066398
0.25384
0.66262
0.40116
0.13955
0.14087
0.13428
0.4034
0.071755
0.28192
0.22238
0.12205
1.1233
0.98003
0.37398
1.1049
0.31644
1.0184
0.17699
0.13494
0.089402
0.44344
0.3527
0.3165
0.16487
0.66893
1.0603
0.42898
1.1622
0.78134
0.1965
0.16827
0.26742
0.33103
0.19711
0.072669
0.3062
0.12259
0.11618
0.085116
0.20614
0.21767
0.44149
1.1185
0.61355
0.15563
0.87327
0.50466
0.57475
0.18785
0.07421
0.5031
0.25586
1.1455
0.6868
0.84708
0.074088
0.13608
0.11005
0.97504
0.34522
0.27678
0.78214
1.1044
0.99208
0.27691
0.27776
0.74046
0.21692
0.071765
0.10736
0.14745
0.07528
0.2317
0.72528
0.10178
0.30764
0.28943
0.15297
0.64856
1.1611
0.090531
0.21347
0.11
0.1943
0.9734
0.2362
0.97261
0.64389
0.28172
0.26412
0.78854
0.3298
1.0856
1.089
1.2242
0.15075
0.19398
0.31422
0.13283
0.72488
0.068641
0.84754
0.24441
0.10859
0.084981
0.42922
0.44401
0.18595
0.16232
0.40093
0.6683
0.37853
0.25542
0.076407
0.30519
0.25592
0.87117
0.38608
0.91477
1.0841
0.096311
0.31647
0.092896
0.16403
1.2222
0.12134
1.0231
0.087446
0.39433
0.20803
0.13502
0.24532
1.2053
0.10185
0.14261
1.3191
0.66705
0.41498
0.22275
0.48814
0.15585
0.22605
0.73088
0.48125
1.2522
0.35659
0.16666
0.69194
0.32268
0.082989
0.44517
0.491
0.14588
1.4894
0.16778
0.19801
0.15776
0.062857
0.32126
0.31498
0.14452
0.43818
0.51644
0.25502
0.12789
0.42364
0.23967
0.44587
0.7063
0.12017
0.28701
0.13259
0.15937
0.2908
0.67078
0.26522
0.57902
1.1513
0.54244
0.12215
0.88917
0.97418
1.385
0.27668
0.11085
0.078898
0.37324
1.1018
0.15186
0.20914
0.87579
1.0161
0.18383
0.21119
0.59485
0.096224
0.15636
0.61642
0.21666
0.30668
0.097291
0.10046
0.10427
0.27262
0.15749
0.33878
0.10656
0.086985
0.88485
0.13665
0.093349
0.56955
0.26302
0.57438
0.19227
0.90359
0.30517
0.26273
0.68174
0.089038
0.66461
0.77044
0.28389
0.11003
0.22363
0.41788
0.3486
0.70774
0.11698
0.2732
0.48347
0.28859
0.094089
1.1699
0.13668
0.19791
0.28695
1.2231
0.31519
1.1294
0.18516
0.40395
0.088386
0.26902
0.35551
0.87311
0.31318
0.17015
0.13355
0.2831
1.1393
1.0628
0.11612
1.2014
1.3706
0.22716
0.19408
0.71636
0.56307
0.2536
0.17451
0.56927
0.88483
0.78039
0.18459
0.32281
0.078683
0.23811
0.44457
0.15637
0.083251
0.29649
0.16759
0.20996
0.10067
1.0867
0.12507
0.81325
0.3085
0.12073
1.1263
0.48571
0.13369
0.45409
0.10304
0.38155
0.25967
0.68144
0.20199
0.085948
0.39757
0.13824
0.1277
0.14045
0.081359
0.21876
0.17422
0.13949
0.701
0.46356
0.75004
0.11966
0.36419
0.11379
0.075898
0.48149
0.36206
0.86608
0.79896
0.66281
0.14032
0.16168
0.094253
0.40585
0.16296
0.61971
0.27802
0.2216
0.46746
0.12868
0.28031
1.1623
0.13385
0.28896
0.21616
0.43958
0.33632
0.95611
0.12431
0.90661
0.3746
0.66907
0.35218
1.1632
0.49264
0.22954
0.14238
0.14741
0.63345
0.068623
1.2652
0.18509
0.88425
0.1001
0.11317
0.30347
1.128
0.46131
0.40088
0.27179
1.3613
0.23179
0.6663
1.1187
0.12708
0.92316
0.12994
1.104
0.97921
0.82251
0.39736
1.1032
0.18909
0.96488
0.51252
0.26295
0.41746
0.29186
0.15512
0.29698
0.35089
0.67868
0.10464
0.80145
0.1515
0.672
0.1788
0.45141
0.10751
0.11781
0.46331
0.13769
0.076571
0.16121
0.17911
0.26389
0.088426
0.20417
1.1213
1.4638
0.36602
0.49201
0.19234
0.42447
1.0604
0.12543
0.33184
0.076782
0.086106
0.090997
0.13118
0.96592
1.1671
0.35688
0.069045
0.43087
0.32634
0.17211
0.14407
0.19009
0.19256
1.2039
0.14163
0.40671
0.39666
0.63436
0.5981
0.19423
0.13832
0.60898
0.53562
1.0245
0.087143
0.14854
0.31983
0.16308
0.17306
1.1591
0.077693
0.12074
0.78642
0.1595
0.089802
1.0828
0.29538
0.32352
0.24363
1.112
0.091216
1.5841
0.10155
0.13233
1.0589
0.36578
0.30992
1.1753
0.17463
0.064445
1.0204
0.11138
0.2007
0.31094
0.18144
0.083003
0.41434
0.093794
0.31911
0.10119
1.0925
0.66986
1.1938
0.76627
1.1131
0.24179
1.3923
1.1322
0.41477
0.15495
0.072651
0.12756
0.57233
0.14631
0.61549
0.51069
0.28212
0.12605
0.22871
0.11145
1.2458
0.54168
0.091568
0.11103
0.29654
0.5083
0.2087
0.21246
0.33444
0.16423
0.58395
0.95781
1.5822
0.38688
0.10551
0.43975
1.0626
0.16097
0.17854
0.2912
0.15191
0.36252
0.098047
1.136
0.15284
0.24811
0.22254
0.19735
0.12234
0.18358
0.53504
0.1477
0.22699
0.54805
1.6164
0.71282
0.83648
0.25829
0.94001
0.099388
0.20464
0.12855
0.16918
0.66906
1.2161
0.11783
0.51611
0.14184
0.99323
0.16018
0.38352
0.40767
0.83031
0.26334
0.08298
0.15406
1.0313
0.15216
0.37291
0.16278
0.79829
1.2308
1.0289
0.66738
0.29276
0.13014
0.097349
0.90283
0.24825
0.31816
0.063211
0.38719
0.28777
0.38649
0.10019
0.4167
0.65233
0.090247
0.14531
1.0476
0.13792
0.090515
0.31501
0.091275
0.67702
0.1661
0.41658
0.14946
0.75312
0.45793
0.96412
0.37827
1.1667
0.52626
0.19248
0.14844
0.72657
0.2002
0.13328
0.079626
0.19629
0.97427
0.52288
0.11243
0.7055
0.66564
0.72581
0.34561
0.75042
1.0905
0.82678
0.25056
0.22869
0.2383
0.10392
0.62662
0.56901
0.79977
0.83171
0.089466
0.13276
0.17309
0.42581
0.18764
0.48286
0.22625
0.59472
1.0324
0.71276
0.81311
0.22887
0.26997
0.085446
0.18944
0.072491
0.23233
1.0646
0.16931
0.25366
0.22655
0.078539
0.11164
0.57205
0.08468
0.63706
0.83657
0.59745
1.0048
0.91783
0.87378
0.20465
0.37573
0.27698
0.13617
1.2852
0.39971
0.62214
1.1146
0.50073
0.22194
0.74964
0.19088
0.55603
0.11767
0.19549
0.23763
0.81736
0.13851
0.18542
0.12225
0.10919
0.48156
0.2931
0.17234
0.5495
0.11002
0.25613
0.32711
0.15258
0.11894
0.087629
0.80377
0.082126
0.21765
0.32707
0.090562
0.1033
0.067599
0.30068
0.51747
0.14865
0.82238
0.5484
0.45038
0.20257
0.8442
0.64105
0.10821
0.11963
0.22674
1.0896
1.1036
0.082262
0.12222
0.56029
0.17648
0.18377
0.1506
0.16418
0.096436
0.20689
0.77473
0.77438
1.1813
1.0294
0.28841
0.071437
1.1643
0.10445
1.5562
0.11475
0.1225
1.0287
0.2564
1.0945
0.85003
1.0144
1.3603
0.18702
0.24373
0.12111
1.027
0.17551
0.22156
1.0249
0.074294
0.72499
0.10867
0.15528
0.1022
0.97604
0.094137
0.23876
0.31381
1.2811
0.078337
0.1102
0.068352
0.082363
0.31523
0.22103
1.0432
0.21234
0.94622
0.28094
0.13505
0.5096
0.20403
1.2078
1.0862
0.62243
0.091093
0.069308
0.32851
0.17827
0.14648
0.61764
0.15472
0.48369
0.4663
0.37256
0.90571
0.12468
0.33422
0.091797
0.091852
1.1648
0.10185
0.39028
0.79074
0.38148
0.23714
0.50916
0.1043
0.99299
0.31791
0.29566
1.119
0.48927
0.10423
0.17047
0.1406
1.0102
1.4895
1.4903
0.47296
0.76194
0.18515
0.61612
0.24342
0.34428
0.35299
0.23996
1.1586
1.3396
0.6461
0.58177
0.12398
0.22054
0.91622
0.30113
1.1034
0.47305
0.17002
0.17303
0.076389
0.33223
0.2099
0.98408
0.18818
1.2368
0.10462
0.24897
0.35003
0.20609
0.17799
1.0377
0.31464
0.10906
0.12085
0.45668
0.57436
0.29096
1.0326
0.073089
0.17296
1.1947
0.7794
0.85287
0.45665
0.13819
1.0319
0.45232
0.097122
0.092024
0.092845
0.16178
0.13729
0.15046
0.1147
0.53222
0.079579
0.17686
0.777
0.58943
0.35624
0.25943
0.48964
0.15747
0.77417
0.098703
0.21347
0.30994
0.52402
0.10226
0.34413
0.83709
0.093373
0.58986
0.49124
0.47149
1.0245
0.13864
0.15631
1.129
0.16218
0.28271
0.33215
1.2001
0.21809
0.08446
0.30775
0.16459
0.9759
0.15012
0.48755
0.21347
1.2039
1.4585
1.0052
0.42669
0.067476
0.16226
0.33681
0.68233
1.2268
0.37834
0.4837
0.94376
1.0156
0.31161
0.1244
0.17462
0.93079
0.42709
0.13283
0.18692
0.28285
0.15632
0.34453
0.12348
0.39839
0.18737
1.2165
0.059613
0.39728
0.31592
1.1329
0.36949
0.062181
0.84911
0.08572
0.12937
0.41196
0.43608
0.63872
0.10332
0.38168
0.72723
0.44381
0.12971
0.42738
0.16466
0.11795
0.95447
0.43397
0.13674
0.16553
0.10704
0.12336
0.091052
1.2056
0.1152
0.087216
0.95564
0.48108
0.38669
0.17096
1.2736
0.11304
0.15939
0.093916
1.0133
0.18439
0.87742
0.24996
0.70729
0.2344
0.24437
0.3193
0.38719
0.30336
0.33428
0.19884
0.10534
0.2044
1.0448
0.64488
0.28093
0.46048
0.24659
0.20581
0.21296
0.22184
0.33144
0.17353
0.34517
0.13438
0.55689
1.5056
0.067517
0.18887
0.155
0.81737
0.14129
0.72057
0.1144
0.14262
0.58113
0.9843
0.10075
0.25894
1.1628
1.2318
0.54715
0.6813
1.2092
0.71914
1.2621
0.080618
1.1746
0.082456
0.093077
0.16039
0.95826
1.2344
0.62796
0.17011
0.10373
1.0784
0.94881
0.075022
0.24346
0.46858
1.1097
0.1522
0.77896
0.15414
0.18664
0.97656
0.28915
1.1882
0.50669
0.73782
0.11949
0.27322
0.17847
0.34842
0.87084
0.13601
0.19982
1.1943
1.0612
0.3754
1.1057
0.36581
0.21452
0.39649
0.71912
0.96117
0.076008
0.15368
0.096242
0.33638
0.22698
0.83738
0.12865
0.37825
0.34515
0.41588
0.14607
0.55505
0.82815
1.3462
0.53563
1.2122
0.14474
0.44291
0.36504
0.20551
0.3364
0.20347
0.57674
0.16225
0.48393
0.16396
0.29073
0.29472
0.63705
0.18244
0.15391
1.0364
0.83303
1.0954
0.066577
0.26785
1.2166
0.90301
0.26058
1.0363
0.99133
0.24801
0.040003
0.11208
0.16416
1.0148
0.54749
0.62279
0.080817
0.49472
0.91986
0.14437
0.26001
0.12407
1.1029
0.15687
0.13145
0.15906
0.17105
0.75938
0.14719
0.078718
0.10623
1.2577
0.63359
0.17915
0.76573
0.13746
0.0947
0.095381
0.10874
0.82863
1.1846
0.55941
0.20943
0.12055
0.64699
0.55428
0.060123
0.7071
0.083006
0.22106
0.56606
0.28033
0.86324
0.52133
0.10112
0.36995
0.060356
0.82426
0.30267
0.31565
0.75217
0.52957
0.86991
0.24508
0.17398
0.57898
0.29274
1.2142
0.27083
0.2018
0.47491
0.28739
1.0554
0.12356
0.10843
0.37037
0.17869
0.24963
0.19606
0.083069
0.22421
0.17877
1.3708
0.93235
1.064
0.21129
0.074404
0.1532
0.19179
0.60081
0.58787
0.62693
0.52084
0.13177
0.15273
0.1313
0.64844
0.56674
0.17262
1.1206
0.51388
0.22276
0.26756
0.83012
1.6193
1.155
0.7948
0.83916
0.69986
0.077781
0.13665
0.13878
0.2882
0.85489
0.20421
0.22762
0.97179
0.77922
0.8937
0.13682
1.2383
0.25836
0.35881
0.4182
0.8876
0.10946
0.19083
0.20357
0.3122
0.13019
0.099624
0.082076
0.26608
0.25784
0.239
0.83734
0.26481
0.29401
0.10529
1.1952
1.1484
0.55393
0.57808
0.13396
0.12251
0.15148
0.16169
0.94131
0.099763
0.20082
0.10435
0.12121
0.11321
1.1437
1.2456
0.9003
0.16443
0.089985
0.19441
0.083981
0.13101
0.11761
0.26215
1.2308
0.21939
0.088825
0.3475
0.93484
0.12797
0.82083
0.225
0.11632
0.7984
0.19061
0.69387
1.0328
1.0535
0.94381
0.27519
0.14434
0.076744
0.46963
0.23691
1.1461
0.10984
0.20597
0.65153
0.54197
0.19939
0.82712
0.084655
0.35035
0.77435
0.1256
0.33996
0.93065
1.5421
0.28624
0.15461
0.7624
0.084793
0.089876
0.17841
0.16206
1.1381
0.34551
0.54761
1.0276
0.676
0.06977
0.21136
0.065975
0.14039
0.1281
0.78402
0.17276
0.30039
0.10801
0.23106
0.19116
0.24183
0.32946
0.34589
0.4713
0.14599
0.57012
0.27016
0.11783
0.83693
1.0935
0.10367
0.20696
0.37494
0.4289
0.76171
0.20274
1.2012
0.18961
0.1661
0.13201
0.49487
0.52187
1.1683
0.078652
0.15466
0.31518
0.84079
0.63839
0.69878
0.2222
0.96106
0.77965
0.2933
0.97288
0.30842
0.13471
0.35439
0.32502
1.144
0.64259
0.73867
0.12527
0.98888
0.5439
0.29297
0.12372
0.15583
0.18691
0.20571
0.80112
0.65502
0.54402
0.98823
0.26569
0.2999
0.20346
0.39016
0.24671
0.098845
1.0314
0.10378
0.12295
0.81576
0.28029
0.97879
0.43045
0.1578
0.30043
1.195
0.14022
0.36262
0.11956
0.099918
0.44054
0.23204
0.52391
0.36929
0.17412
0.19932
0.69881
0.074659
0.12031
1.131
1.1837
0.39858
0.16218
0.37678
0.11633
0.3732
0.15046
0.3692
0.55354
0.20269
0.88919
1.1198
0.090441
0.57191
0.97994
0.10311
0.10089
0.11145
0.2395
0.13592
0.076256
0.44463
0.66662
0.23421
0.63625
0.088896
0.13046
0.70738
0.3676
0.16731
0.11364
0.96248
0.10463
0.26407
0.87175
0.40795
0.095902
0.4948
1.5889
0.48839
0.080775
0.27329
1.0538
0.42863
0.24566
1.1088
0.45879
0.39871
0.085409
1.1559
0.13791
0.78469
0.42584
0.093333
0.67779
0.15515
0.0967
1.1391
0.82947
0.81759
0.88368
0.64141
0.17766
0.92375
0.15422
0.18759
0.867
0.13653
0.45723
0.76869
0.15468
0.18531
0.097166
1.152
1.0561
0.25613
0.5978
0.38097
0.10881
0.82665
0.42467
0.32774
0.21174
0.1115
0.2351
0.10462
0.089566
0.1929
0.96666
0.19061
1.3106
0.081773
0.69475
0.14633
1.1194
0.18736
0.69054
0.25907
0.51013
0.24135
0.087558
0.23431
0.37913
0.19462
0.068781
1.2561
1.1121
0.96306
0.16177
0.25187
0.12773
0.55843
0.49844
0.87219
1.2744
1.066
0.59928
0.38496
0.1125
0.23957
0.086039
0.291
0.29398
0.11662
0.84077
0.61512
0.3313
0.26835
0.64754
1.09
0.39331
0.28519
0.14061
0.92659
0.13735
1.5002
0.18581
1.1001
1.4711
0.08523
1.0603
0.11254
0.83406
0.43771
0.2715
1.1142
0.50314
0.60456
0.1017
0.25118
1.0387
1.0162
0.98446
0.52184
1.1336
1.3035
0.56062
0.19733
0.32598
0.18829
0.19324
0.074433
0.15036
0.69623
1.1624
0.18785
0.39102
1.172
0.65045
0.12773
0.14266
0.19726
0.47455
0.60105
0.42869
0.19028
0.21878
0.2798
0.94384
0.18435
0.30492
0.27001
0.10822
0.62153
0.3153
0.084269
0.25374
0.14898
0.47232
0.53844
0.1591
0.26496
0.39701
0.22572
0.1424
0.59249
0.07601
0.15561
0.44283
0.28199
0.36427
0.50853
0.50782
0.86219
0.83801
1.6764
0.52597
0.4038
0.13745
1.1986
0.40984
0.09964
0.10228
0.37537
0.927
0.35274
0.49405
0.087376
1.3747
0.25933
0.14551
1.4415
0.087333
0.17379
0.25181
0.32978
0.68534
0.14729
0.1151
0.17507
0.30227
0.15241
0.3093
0.84066
1.2945
0.92252
0.77944
1.2319
0.7981
0.41226
0.11884
0.57337
0.2137
0.27473
0.15584
0.6103
0.6618
0.51287
0.43482
0.097666
0.97443
1.263
0.086958
0.13455
0.082878
0.10963
0.196
0.26176
0.32513
0.72441
0.82241
0.5869
0.53241
1.6071
0.4397
0.99081
0.30186
0.16699
0.22712
0.7845
0.11363
0.12369
0.1335
0.086264
0.19878
0.087012
0.43633
0.25666
0.26503
0.20885
0.31793
0.48108
0.86463
0.27544
0.89741
0.1533
0.85381
1.1541
0.27751
0.086061
0.22922
0.065466
0.13556
0.10958
0.659
1.1645
1.0068
0.19874
0.29542
0.21721
0.24519
0.20951
0.098893
0.64234
1.1694
0.10365
0.10722
0.37982
0.19191
0.31358
0.52967
0.48206
1.1637
0.10874
1.1151
0.30812
0.84609
0.95542
0.18302
0.071574
0.11491
0.12937
1.1759
0.56866
1.0301
0.91958
0.071131
0.12875
0.36587
0.1283
0.093001
1.1496
0.50853
0.2305
0.309
0.25635
0.17004
0.1346
0.59699
0.60586
0.24793
0.91265
0.13158
0.44225
0.17487
0.10706
0.62904
0.90929
0.27948
1.2995
0.23166
0.52013
0.14546
0.1341
0.19
0.13305
0.10186
1.1214
0.22668
0.17004
0.29837
0.10683
0.11966
0.87798
0.11316
0.19767
0.86287
0.71818
0.16407
0.3202
0.15035
0.99061
0.42335
0.68793
0.076763
0.11345
1.3111
0.81764
0.22307
0.31346
0.13044
0.75823
1.1666
0.21131
0.4066
0.11766
1.2585
0.34314
0.40623
1.0402
0.065976
0.38683
0.072911
0.85138
0.08087
0.22903
0.094163
0.61583
0.35968
0.10647
0.17604
0.18302
0.13317
0.13844
0.17563
0.085173
1.2348
0.28257
0.64159
0.066859
0.35188
0.21141
0.99316
0.10994
0.10959
0.1164
0.1657
0.85586
0.4892
0.12688
0.11211
1.324
0.083324
0.12041
0.099069
0.21851
1.0636
1.1985
0.25509
0.59483
1.1045
0.46948
0.30515
0.39421
0.26955
0.13208
0.34371
0.44917
0.12886
1.092
1.1716
1.203
0.35602
1.0671
0.58958
0.23443
0.22163
0.55608
0.44814
0.74812
0.29428
0.097292
0.24804
0.11215
1.0179
0.21897
0.58611
1.0964
0.15626
0.2041
0.10473
0.0917
0.24413
0.47099
1.3375
0.076842
1.0106
0.1373
0.12174
0.074205
0.20101
0.81747
0.83673
0.30913
0.16532
0.82529
0.45036
0.25608
0.25921
0.44771
0.081583
0.82988
0.088641
0.32923
0.37625
0.66655
0.25616
0.12474
0.34249
1.1009
0.1025
0.078734
0.80325
0.088603
0.93701
0.48989
0.95178
1.6012
0.43766
0.73271
0.1691
0.17037
0.7296
0.63434
0.10353
0.16484
0.072295
1.3447
0.46115
0.14419
0.3373
0.57109
0.1282
0.17276
0.081079
0.11085
0.37646
0.91994
0.53945
0.15135
0.10388
0.90225
0.17139
0.21766
0.30983
0.11939
0.15147
1.0093
0.080177
0.10849
0.14305
0.38852
0.083006
0.31943
0.16472
0.27361
0.085167
0.16404
0.18269
0.7592
0.49934
1.1568
1.0317
0.080475
0.30761
0.80569
0.065683
0.64195
1.2414
1.0793
0.33798
0.48949
0.20914
0.12262
0.19832
0.3966
0.51206
0.2341
0.51327
0.26138
0.7662
1.0692
1.2157
0.13616
0.075846
0.22036
1.2216
0.28064
0.12994
0.29406
0.1096
0.52703
0.1461
0.75333
0.8337
0.58434
1.1075
0.11309
0.13751
0.088223
0.152
0.37111
1.4765
0.11848
0.11485
0.55148
0.1716
0.1324
0.076662
0.15517
1.1747
0.4832
0.20533
0.59368
0.1153
0.5413
0.20046
1.0717
0.42972
0.077441
0.48017
0.12219
0.99256
0.17053
1.0935
0.14412
0.25653
0.55183
0.086726
0.12179
0.88117
1.2275
0.21988
0.37427
0.79581
0.32552
0.14346
1.0146
0.12677
0.11131
0.061069
1.0765
0.34254
0.35471
0.094682
0.27352
0.19143
0.11602
0.49881
0.12117
0.13824
0.085089
0.10407
0.34087
1.0926
0.1142
0.069797
0.28908
0.1739
0.47465
1.0071
0.16692
1.1525
0.75015
0.38724
1.0499
0.24131
0.11565
1.0514
0.16157
0.076152
0.3371
0.44166
0.1805
0.33701
0.81385
0.20652
0.37981
0.084548
0.10729
0.55794
1.004
0.9544
0.10897
0.20971
0.12783
0.07438
1.1304
0.17603
0.13837
0.1233
0.23245
0.15812
0.36899
0.071034
0.10542
0.14329
0.54349
1.139
0.38586
0.13966
0.42563
0.1798
0.08992
0.17053
1.1158
1.1593
0.76995
0.69762
0.31656
1.0577
1.2088
1.5168
0.95616
0.11724
1.052
0.11779
0.088458
0.20435
0.57888
0.11382
1.3403
0.17766
0.093051
0.23181
1.061
0.12392
0.2921
0.73085
0.33244
0.093364
1.0489
0.25372
0.56548
0.92488
0.44947
0.55726
0.7464
0.44703
0.13839
0.28283
0.098839
0.36839
0.37845
0.12839
0.080019
1.176
0.93519
1.1158
1.2993
0.19667
1.7216
0.20814
0.82779
0.18773
0.19514
0.077803
0.23272
0.80909
0.23885
0.48223
0.19602
0.70443
0.22646
1.3204
0.41086
1.6057
0.9013
0.23096
0.14588
0.15027
0.19858
0.2404
0.94919
0.3934
0.45743
0.8655
0.18641
0.13724
0.18667
0.15452
0.29155
0.52438
0.41397
0.40641
1.0662
0.98278
0.13034
0.67182
0.50456
0.37633
0.14357
0.2009
0.14182
0.14187
0.8738
1.1337
0.060731
0.87918
0.12845
1.1467
1.1357
0.11691
0.14062
0.11086
0.1169
0.64957
0.14766
0.11152
0.3743
0.055877
1.2995
0.41411
0.55253
0.40922
1.1028
0.15397
0.295
0.10383
0.097302
0.18192
0.07743
0.14258
0.92021
0.29209
0.26537
0.35797
0.77121
0.10058
0.16412
0.33856
0.17073
0.13186
0.078659
1.2048
0.93398
0.11829
0.31163
0.59643
0.3586
0.85001
0.081174
0.5604
0.11579
0.38696
0.085348
0.58591
0.69548
1.4663
0.46861
0.20115
0.15006
1.0507
0.91312
0.63393
0.93922
0.1745
0.08384
0.6504
0.12706
0.74519
0.6135
0.76908
0.98694
0.25351
0.60342
0.49457
0.15247
0.16327
0.2827
0.084172
0.08087
0.11151
0.12023
0.83079
0.11044
1.3406
1.1203
0.10998
0.22603
0.25649
0.35535
1.4285
0.070098
0.12184
0.25662
0.1818
0.12799
0.21147
1.079
0.12789
1.3039
1.1115
0.23734
0.27082
0.80475
1.2566
0.11102
0.56054
0.093713
0.48572
0.68751
0.53141
0.49883
0.14056
0.085019
0.1451
0.52717
0.35926
0.362
0.11912
1.0031
0.4756
0.94065
0.48164
0.235
1.1228
0.55072
0.15511
0.61783
0.091399
0.11173
0.1095
0.13592
0.22183
0.24543
0.86874
0.84077
0.16815
0.2943
0.38713
0.58275
0.14799
0.094558
0.32828
0.2035
0.22358
0.2181
0.11286
0.082732
0.31278
1.2091
0.75147
0.44343
0.89623
0.11928
0.12054
0.071444
0.10275
0.15089
1.2498
0.62241
0.44328
0.46919
0.86832
0.1437
1.6288
0.34577
0.20135
0.15575
0.2516
0.20445
1.1775
0.12473
0.067047
0.2575
0.14597
0.12008
1.0291
0.31934
0.096184
1.1006
0.20773
0.30163
0.10919
0.11471
0.25942
0.10029
0.25776
0.16538
0.18159
0.38758
0.10164
0.64105
0.87148
1.5853
0.077755
0.25591
1.0966
0.39698
0.3258
0.44008
1.22
0.8094
0.61727
0.26711
1.0048
0.85538
0.34151
0.12442
1.0992
0.53377
0.12822
0.20933
0.38019
0.12789
0.14564
0.21862
0.71637
0.1027
0.39476
0.40516
0.63052
0.92499
0.19032
0.22836
0.0719
0.3157
0.25139
0.18684
0.14527
0.068616
0.36063
0.11835
0.23715
0.16613
0.34973
0.16722
0.70748
0.98105
0.16263
0.16734
0.88768
0.73509
0.18409
0.11681
0.31691
0.12211
0.14651
0.3316
0.28536
0.10759
0.094367
0.51671
0.1189
0.24663
0.18817
0.75947
0.97792
0.65333
1.0186
0.20518
0.37376
0.61749
0.10578
0.73979
0.58402
0.26347
0.93044
0.13565
0.20864
0.16864
0.22034
0.1192
0.69296
0.15734
0.31634
0.34258
0.443
0.36337
0.17576
0.33234
0.067492
0.079051
0.079942
0.30531
0.17698
0.72659
0.1686
0.49765
0.35325
0.14538
1.0507
0.15676
0.3893
0.060913
0.13988
0.44533
0.59116
0.21772
0.16439
0.1814
0.1118
0.25045
0.2572
0.57414
0.11809
0.13295
0.089855
0.22474
0.62036
1.2051
0.22974
0.17388
0.40549
0.19032
0.19107
0.56991
0.1289
0.089609
0.15878
0.35722
0.61272
0.38386
0.30582
0.1462
0.05716
0.1434
0.29626
1.1825
0.36479
0.42118
0.51907
0.11367
0.73403
0.20067
0.10398
0.29203
0.90988
0.080024
0.40856
0.52282
0.86912
1.1272
0.07543
0.10036
0.57398
1.187
0.78977
0.4424
0.59754
0.59524
0.10105
0.27734
0.20458
0.57264
0.2029
0.51042
0.086239
0.29337
0.16338
0.09136
0.27143
0.71433
0.34492
0.16623
0.12209
1.097
0.67094
0.093238
0.30903
0.11989
0.17192
0.27129
0.15601
0.37009
0.74962
1.222
0.2836
1.1322
0.45255
0.19119
0.14027
0.38884
0.43789
0.25767
0.12043
0.44829
0.43389
0.19802
0.14334
0.081915
0.89562
0.059233
0.62557
0.33482
0.064778
0.14818
0.10693
0.59038
0.81338
0.27351
0.49809
0.070209
1.0099
0.242
0.7105
0.27994
0.17684
0.18419
0.51218
0.080714
0.74323
0.11317
0.19329
1.0662
0.91786
0.10375
0.25394
0.21555
0.27664
0.87417
0.501
0.24829
0.27301
0.12977
0.15223
0.46643
0.097085
0.26457
0.80495
0.67506
1.1422
0.53824
0.3106
0.77289
0.21481
0.13272
0.12015
0.13757
0.11026
0.27954
0.39924
0.15156
0.63275
0.47387
0.11235
0.49494
0.20286
0.21679
0.15494
1.3016
0.12455
0.10548
0.7173
0.20215
0.2845
1.0135
0.51166
0.75865
0.74334
0.36539
0.55664
0.29998
0.20793
0.21912
1.6307
0.13539
1.0692
0.21671
0.48058
0.095908
0.1089
0.76463
0.44428
0.43284
0.11103
1.1517
0.24061
1.1663
1.0898
0.36974
0.37809
0.36911
0.41766
0.20473
0.59306
0.93714
0.77262
0.41528
0.19193
0.81013
0.11749
0.64889
0.28902
0.15744
0.79573
0.1584
0.086848
0.068372
0.53207
0.39432
0.083409
0.11973
0.11104
0.25787
0.4381
0.26535
0.1825
0.071444
0.088261
0.60264
0.67235
0.17508
0.15405
1.1616
0.07206
0.090022
0.10152
0.37171
0.12845
0.34132
0.11879
0.32365
0.22736
1.0348
0.24499
0.077393
0.10153
0.21182
0.10339
0.2039
0.16485
0.28208
0.10683
0.065965
0.16279
1.2559
0.12428
0.18715
0.08341
0.26439
0.11181
0.10365
0.2015
0.84459
0.15183
0.22895
0.82571
0.85416
0.20772
1.1733
1.2622
1.346
0.11639
0.10094
0.099505
0.95118
1.2042
0.3052
0.12387
0.23897
0.34541
1.2703
0.24038
0.21172
0.10249
0.14214
0.095487
0.3832
0.67382
0.77628
0.15189
0.8472
0.16942
0.1928
0.40206
0.16094
0.4483
0.20584
0.771
0.22698
0.61843
0.57197
0.28131
0.31664
0.25081
0.87734
0.40486
0.28157
0.47938
0.2114
1.381
0.12628
0.72499
0.28808
0.12891
0.07861
0.29984
0.12856
0.24749
0.11509
0.30791
0.18749
0.23378
0.11946
1.1232
0.28477
0.13091
0.94629
0.36202
0.83623
0.54522
1.204
0.86176
0.17363
0.15287
0.41156
1.1876
0.079622
0.1152
0.13726
0.25706
0.90572
0.11209
0.09585
0.23092
1.1689
0.37854
0.14936
0.11539
0.40237
0.24857
0.08255
1.1214
1.02
0.46172
0.1393
0.12594
0.74355
0.9341
0.15263
0.11956
0.97801
0.41188
0.14603
0.077906
0.34661
0.24271
0.074891
0.12562
0.91704
1.0396
0.18634
0.068393
0.15408
0.40011
0.59248
0.95471
0.36341
0.44677
0.18563
0.19563
0.11474
1.2364
0.53585
0.41721
0.63257
0.10488
0.076786
0.41833
0.36605
0.13907
1.1062
0.19172
1.0987
0.60393
0.67251
0.53614
0.079603
0.13023
0.50275
1.0626
0.46313
0.093993
1.4844
0.10819
0.13646
0.17319
0.52381
0.58429
1.0636
0.19883
0.69942
0.75004
0.37692
0.17429
0.97521
0.16704
0.50112
0.48525
0.20595
0.09142
0.46361
0.34898
0.35533
0.075539
0.14897
0.20362
0.096146
0.084331
0.13811
0.43016
1.0004
0.13445
0.49767
1.0436
1.1441
1.6754
0.15198
0.19985
0.15982
0.19982
1.0472
0.3483
0.25297
0.39976
0.3384
0.33431
0.71105
0.284
0.16916
0.067389
0.55039
0.45258
0.15339
0.10963
0.07498
0.39872
0.18374
0.26224
0.70435
1.5577
0.074465
0.38289
0.90593
0.1561
0.36165
0.10409
0.1318
0.42368
0.1648
1.1836
0.37989
1.0592
0.9498
0.12198
0.49753
0.43914
0.095783
0.39601
0.27245
1.1666
0.089371
0.18141
0.096729
0.36797
0.35514
0.26074
0.10579
0.19835
0.50371
0.17361
0.3094
0.2034
0.14997
0.47351
0.5988
0.22421
0.18253
0.078702
0.8258
1.0319
1.0335
1.1993
0.30589
0.93787
0.88476
0.69559
0.59149
0.4049
1.4993
0.1806
0.77386
0.11363
0.1282
0.42537
1.0816
0.10773
0.67145
0.062225
1.0717
0.49826
0.12589
1.0077
1.0944
1.2111
0.074998
0.33042
0.086084
0.058547
1.03
0.23287
0.64646
0.1244
0.4869
1.1173
0.17352
0.63117
0.21588
0.40165
0.097806
1.0184
0.89709
0.66975
0.12957
0.16103
1.7592
0.46604
0.48888
0.20742
0.20968
0.12254
0.19407
1.1384
0.2725
0.20767
1.2043
0.20353
0.13856
0.21435
1.0769
0.33626
0.21267
0.086638
0.35376
0.7369
0.093021
0.10403
0.78828
0.29792
0.51198
0.3812
0.99526
0.17138
0.69184
1.0248
0.37335
0.46065
0.12689
0.28712
0.26228
0.14022
0.17084
0.73524
0.11198
0.093541
0.20635
0.55878
0.10864
0.51619
0.39669
1.1635
0.57458
0.56014
0.6556
0.27845
0.22835
0.86618
0.28341
0.2588
0.49744
0.42997
0.56448
0.26293
1.0819
0.10104
0.60805
0.94732
0.1826
0.19025
0.15933
0.14682
1.3175
0.23136
0.14648
0.90551
0.12117
0.093494
0.16619
0.25755
0.42921
0.7761
0.11024
0.62607
0.73948
0.47092
0.5555
0.10919
0.17083
1.0698
0.23143
0.14592
0.43155
0.29624
0.97639
0.13149
0.48809
0.30487
1.2529
0.17217
0.41212
0.18819
0.97756
0.2192
0.82937
0.11414
1.0583
0.34878
0.42543
0.89646
0.74571
0.96632
1.1774
0.18458
0.14764
0.41874
1.1379
0.16466
0.23286
1.039
0.45295
0.53191
1.1626
0.73522
0.4432
0.10566
0.27917
0.079198
0.44567
0.087774
0.21277
0.61295
0.082136
0.37925
0.17835
0.24322
0.1087
0.37477
0.65464
1.105
0.15938
0.12429
0.40975
0.093538
0.50023
1.3301
0.13418
0.3383
0.46456
1.0029
0.27426
0.35984
1.1783
1.1058
0.1997
0.38839
0.3492
0.80955
0.7844
0.11028
1.0756
0.76052
1.6321
0.66947
1.1384
1.347
1.1279
0.36441
0.19096
1.0897
0.11311
0.095619
0.15224
0.75211
0.65631
1.0768
0.41219
1.1366
0.11087
0.18974
0.17395
0.24948
0.30002
0.66547
0.43047
0.27109
0.15888
0.61592
0.063881
0.2283
0.37107
0.17087
0.36342
0.77451
0.11746
0.14251
0.66865
0.13888
1.1686
0.87122
0.33173
1.0824
0.38084
0.12686
0.37051
0.29209
0.074044
0.22889
0.071045
1.5914
0.12208
0.15243
0.90059
1.2112
0.081408
0.32583
0.87918
0.17167
0.08047
0.52361
0.2589
0.12474
0.19976
0.6684
0.19321
0.32965
1.178
0.086038
0.17033
1.1818
0.11483
0.32902
0.12126
1.0161
1.1164
0.34135
1.1611
0.45323
0.10489
1.0357
0.47606
0.25495
0.17128
0.72057
0.35767
0.37324
0.26703
0.175
0.99849
0.086612
0.14036
0.45883
0.14767
0.18479
0.093795
0.13707
0.078584
0.35512
0.82874
0.2131
0.31769
1.4469
0.22238
0.29414
1.0871
0.98003
0.09302
0.18819
0.9645
0.67628
0.14954
1.0696
0.77532
0.44344
0.42978
0.81964
0.58559
0.27331
1.0603
0.11638
0.41245
1.1027
0.29673
0.99482
0.51904
0.33103
0.24335
0.1846
0.13712
0.23772
0.096274
0.14464
0.21214
0.45803
0.25185
1.1185
0.097839
0.13121
0.27344
0.50466
0.80738
0.18785
0.11632
0.24628
0.25586
0.11626
0.25913
0.32063
0.51639
0.20337
0.091115
0.45808
0.34522
0.21078
0.10434
0.17179
0.17033
0.43288
0.17325
0.42719
0.21692
0.89967
0.15264
0.70267
0.20701
0.077908
0.46873
0.084473
0.40528
0.28943
0.23063
0.24926
0.94402
0.11683
0.66625
0.98203
0.95091
1.3241
1.0482
0.065453
1.262
0.84288
0.71111
0.78854
0.94498
1.2042
1.089
0.082103
0.15075
0.19398
0.69175
0.10783
0.53763
0.12568
0.84754
0.32862
0.37612
0.08397
0.68429
0.096501
0.96852
0.10304
0.1929
0.27189
0.078023
0.45272
0.28171
0.10171
1.2958
0.29652
0.91799
0.15095
0.07011
0.69645
0.17557
0.16963
0.54815
1.0031
0.083509
0.7015
0.49101
0.26152
0.11794
0.12602
0.27882
0.23556
0.19196
0.18117
0.18873
1.0602
0.88722
0.086328
0.26264
0.23063
1.1458
0.47876
0.22564
1.2522
0.35659
0.17035
1.2046
0.49563
0.70099
0.3085
0.86865
0.2805
0.12972
0.16778
0.093722
0.19761
0.063595
0.22416
0.33032
0.16912
0.57671
0.10853
1.1759
1.2246
1.1485
0.13491
0.97781
0.44271
0.67207
0.49804
0.13173
0.37696
0.092254
0.87466
0.41857
0.1833
0.095994
0.072926
1.0534
0.57001
0.29349
1.0207
0.40215
0.20558
0.29686
1.0927
0.15345
0.098516
0.14911
0.096223
0.52622
1.0496
0.21119
0.59485
1.1575
1.047
1.6028
0.18279
0.12171
0.27114
0.1434
0.10427
0.13
0.77683
0.088183
0.064945
0.39217
0.51275
1.0526
0.093349
1.2036
0.2252
0.57438
1.4651
0.17157
0.71481
0.99
0.68174
0.089038
0.3124
0.75716
0.28389
1.2801
0.41109
0.41788
0.4529
0.082989
0.08274
0.49839
0.37189
0.28859
0.18431
0.53711
0.14466
0.45496
0.93213
0.92133
0.1317
1.1294
0.15362
0.09093
0.78384
0.26902
0.17751
0.065494
0.068996
0.54116
0.21952
0.5184
0.46178
0.7374
0.10016
0.53411
0.14119
0.22716
0.62332
0.084752
0.086973
0.32142
0.17451
0.46621
0.34503
0.74816
0.095183
0.32766
0.22488
0.25047
0.86753
0.3434
0.13668
0.23907
0.17104
0.11047
0.2202
0.095967
0.366
0.11994
0.20316
0.89233
0.099011
0.40912
0.1604
0.34875
0.12066
0.47557
0.35235
0.49985
0.53015
0.085948
1.2698
0.37976
0.62989
0.076036
0.23639
0.58064
0.34422
0.13949
0.27756
1.1901
0.1146
0.16736
0.40141
0.40227
0.55866
0.25416
0.16583
0.15399
0.39363
0.36326
1.0429
0.16168
0.50231
0.12769
0.16296
0.51745
0.19059
0.97643
0.36988
0.27753
0.28031
0.073721
0.11865
1.1199
0.90898
0.21174
0.10883
0.34768
0.1681
0.45021
0.10643
0.26609
0.35218
0.13984
0.49264
0.13964
0.32261
0.3721
0.084413
0.53993
0.13657
0.18397
0.56844
0.68361
0.63326
0.28086
0.16916
0.51927
0.19366
0.10431
0.13488
0.09381
0.13215
0.15833
0.15017
0.52194
0.19438
0.088399
0.66221
0.1529
0.1081
0.89255
0.094275
0.39634
1.2284
0.93788
0.41746
0.19874
0.086359
0.27542
0.18772
0.17165
0.078425
0.80145
0.53609
0.11393
0.53829
0.081057
0.10751
0.29509
0.29387
0.070675
1.0754
0.10894
0.22788
0.1256
0.24745
0.20601
0.057246
0.074378
0.36602
0.5506
0.19234
0.11377
1.0604
0.2527
0.67709
0.22121
0.55144
0.12536
0.95208
0.62435
0.096655
0.13754
1.1787
0.31699
0.69637
1.0277
0.40641
0.089452
0.21634
0.81626
1.1783
0.40671
0.4236
0.63436
0.5981
0.096223
0.42935
0.089753
1.1023
1.1249
0.087143
0.19533
0.093077
0.09073
1.4536
0.12815
0.92573
0.07526
0.081437
0.1595
0.089802
0.49035
0.80597
0.28721
0.63477
1.2192
0.93506
1.091
0.14488
0.24222
0.47761
0.1017
0.79764
0.36077
0.17463
0.21243
1.0204
0.45541
0.17053
0.098587
0.81099
1.1144
0.083626
0.13227
0.084613
0.29015
0.57542
0.39891
0.21538
0.59034
0.10942
0.37844
0.337
0.38047
0.65397
0.63334
0.072651
0.14382
0.29338
0.077446
0.44261
0.087765
0.48544
0.39755
1.048
0.17507
1.0919
0.18326
0.11633
0.24183
0.36402
0.25181
0.18281
0.14501
0.35634
0.18629
0.49929
0.41086
0.19992
0.16194
0.11587
0.31347
1.0626
0.71787
0.17854
0.73458
0.99365
1.1257
0.58732
0.6017
0.08925
0.12626
0.10609
0.19735
0.2606
0.254
0.092029
0.099914
0.6172
0.17035
0.31588
0.57798
1.0281
1.1018
0.1205
0.099388
0.30219
0.19999
0.54437
0.47687
0.11358
0.50492
0.29081
0.072118
0.99323
0.23214
0.12949
0.42326
1.2393
0.066979
0.15965
0.2142
0.084043
0.69503
0.25395
0.96265
0.79829
0.2482
0.69086
0.12388
0.16912
0.77418
0.097349
0.70573
0.65797
1.1824
0.074865
0.84492
1.2247
0.38649
0.39952
0.3513
0.96932
0.65167
0.12915
0.22425
0.13792
0.51034
0.13316
0.385
1.0897
0.099427
0.10974
0.73217
0.39234
0.11744
0.83405
0.20059
0.34464
1.1565
1.1639
0.051409
0.12046
0.26991
0.13328
0.13968
0.49287
0.56759
0.56846
0.11781
0.13715
0.66028
0.29426
0.34561
0.12797
0.18488
0.099885
0.1684
0.15695
0.22885
0.20364
0.81638
0.56901
0.16213
0.19501
0.1179
0.24376
0.2643
0.18008
0.3449
0.66319
0.17023
0.9958
0.2
0.95466
1.1391
0.22887
0.85903
0.18719
0.11947
0.97492
0.077265
0.43706
0.34569
0.28922
0.43181
0.39937
0.15735
0.11358
0.5579
0.75033
0.094118
0.59745
0.235
0.29984
0.25473
0.24875
0.37573
0.17445
0.12618
0.039783
0.57594
0.38641
0.10724
0.36836
0.061834
0.74964
0.1987
0.39211
0.10607
1.1852
0.43919
0.34989
1.1087
0.71945
0.72041
0.81802
1.1736
0.21317
0.10281
0.8731
0.16413
1.451
0.32711
0.29877
0.10672
0.087629
0.80377
0.81647
0.081592
0.17604
0.26372
0.38336
1.6766
0.36569
0.12046
0.27585
0.18206
0.17892
0.45038
0.13932
0.44531
0.14396
0.10821
0.45377
0.22674
0.2621
0.18095
0.76222
0.15467
0.59902
0.13782
0.093543
0.26632
0.79068
0.20473
0.69122
0.47934
0.92946
0.93452
0.49242
0.28841
0.10836
1.1643
0.20962
0.62088
0.1526
0.11796
0.11112
0.79738
0.11127
0.14056
0.22054
0.070223
1.0676
0.47073
1.3011
0.096949
0.16659
0.23395
0.52882
0.44039
0.08763
0.10867
0.31856
0.38327
0.97604
0.094137
0.16709
0.33597
0.86197
0.085551
0.11231
0.19286
0.077629
0.21481
0.23685
0.10488
1.0826
0.34551
0.50987
0.10879
0.076334
0.15576
0.24839
1.0862
0.19623
0.091093
0.084126
0.079698
0.17827
0.35556
0.61764
0.24175
0.42183
0.087445
1.2532
0.11098
0.25295
0.17976
0.29219
1.2004
0.2693
0.52678
0.36396
0.34143
0.46918
0.23714
1.0199
0.15608
0.16321
0.39547
0.29566
0.16241
0.3481
0.40917
0.073821
0.18711
0.14927
0.15391
0.10846
0.31048
0.42449
1.0004
0.14259
0.29753
0.1036
0.1937
0.23996
0.14604
1.1527
0.3314
0.16598
0.33761
0.65198
0.23733
0.30113
0.27086
0.33132
0.17674
0.23889
0.31436
0.70338
0.2099
0.66447
0.47209
0.63588
1.189
0.19668
0.35003
0.30532
0.65765
1.1617
0.10098
0.26194
1.3201
0.20699
0.1047
0.44115
0.83639
0.49512
0.78672
1.1922
0.7794
0.85287
0.22913
0.64273
0.37077
1.1992
0.096228
0.61777
0.13959
0.92413
1.3608
0.18332
0.1147
0.086493
0.1579
0.09359
0.777
0.30882
0.72905
0.082504
0.15476
0.15428
0.24454
0.42785
0.42092
0.33619
0.13136
0.25466
0.38079
0.2417
0.52123
0.23015
1.1196
0.27543
1.0245
0.13864
0.080367
1.129
0.27269
0.58423
0.892
0.17909
0.45315
0.087622
0.11883
0.073996
0.37451
0.25094
0.46337
1.2036
1.0493
0.23011
0.4784
0.2513
0.15688
0.79001
0.18949
0.59475
0.14372
0.15734
0.33529
0.1096
1.0557
0.44372
0.1244
0.15293
1.3554
0.11683
0.13283
0.18692
0.28285
0.72539
0.093882
0.39219
0.17585
0.16172
1.1477
0.49829
0.11947
0.19005
0.12613
0.09399
1.0762
0.83919
0.67058
0.20535
0.34413
0.27517
1.2252
0.68985
0.14877
1.4785
0.17051
0.07721
0.10811
0.86525
0.24437
0.36765
0.25929
0.14262
0.077995
0.52122
1.1826
1.185
0.27694
0.22358
0.21672
0.40772
0.072112
0.10348
0.21004
0.16096
0.11304
0.14291
0.15056
0.33419
0.13709
1.2344
0.07824
0.19477
0.61123
0.11605
0.22186
0.66394
0.25282
0.12514
0.2265
0.10534
0.70403
1.0448
0.17012
0.19774
0.089432
0.20109
0.090418
0.72627
0.15974
0.11484
0.061255
0.14065
0.12178
0.42522
0.79568
0.29258
0.62498
0.155
0.8505
0.10064
0.72057
0.092002
0.17644
0.16514
0.3831
0.3786
0.086054
0.72393
0.45377
0.23371
0.85164
0.72193
0.066239
0.94208
0.87905
0.11556
0.93463
0.18509
0.37723
0.088452
0.82932
0.62796
1.0021
0.15146
0.57095
0.23924
0.075022
1.1122
0.19919
0.60072
0.51407
0.09686
0.082272
0.47189
0.10036
0.29143
0.2583
1.3275
0.24665
0.78968
0.67842
0.18601
0.74716
0.79351
0.39671
0.19982
0.097889
0.1784
0.75903
0.6842
0.13651
0.72502
0.12897
0.23514
0.1133
0.50791
0.12273
1.2462
0.11224
0.18298
0.48452
0.36692
0.092764
0.1735
0.12549
0.088471
0.55505
0.38348
0.24729
0.53563
0.15271
0.45553
0.44291
0.69531
0.068422
0.095286
0.3615
0.19176
0.19375
0.48393
0.37556
0.21465
1.1976
0.14616
0.099246
0.15391
0.911
0.073249
0.27981
0.40754
0.22021
0.091518
0.37772
0.22254
0.11771
0.51362
0.10481
0.22222
1.0505
0.11804
0.63476
0.11231
1.3392
0.12188
0.2798
0.10446
0.77259
1.0088
0.33052
1.1029
0.15687
0.14147
0.10627
0.080712
0.93198
0.7303
0.59017
1.0833
0.35172
0.11321
0.17242
1.1833
0.7474
0.60438
0.26781
0.12316
0.99197
0.07829
0.55941
0.067305
0.80757
0.17045
0.94319
0.75468
0.11829
0.083475
0.22106
0.56606
0.084126
0.088645
0.26425
0.10112
0.36995
0.30566
0.88993
0.086916
0.512
0.62122
0.093708
0.84622
0.12751
0.1381
0.4135
0.67223
1.2142
1.6139
0.16206
0.09118
0.11581
0.12836
0.16969
0.14529
0.25184
0.57861
1.6663
0.19606
0.99653
0.11202
1.0781
1.3708
0.2022
0.25942
0.10454
0.1777
0.089589
0.25532
0.46667
0.90915
0.62693
0.72548
0.16293
0.23273
0.099531
0.68657
0.10089
0.13303
1.1206
0.18081
0.27803
0.76224
0.83012
0.15187
1.0056
0.73492
0.091367
0.33086
0.70147
1.0428
0.4091
1.1182
0.33159
0.23571
0.17406
0.088078
0.15975
0.60157
0.089652
0.097038
0.13935
0.099137
0.07555
0.40186
0.9654
0.20793
0.1301
0.24266
0.13019
0.23163
0.9034
0.18966
0.1646
0.18115
0.5323
0.18259
0.078861
0.97935
0.6967
0.55153
0.31523
0.16583
0.084954
0.16206
0.57458
0.084813
0.068468
0.72303
0.10359
0.25943
0.52067
1.095
0.39423
1.2456
0.13568
0.27611
0.48004
0.19048
0.58535
1.013
0.098033
1.156
1.2308
0.14919
0.17978
0.11889
0.1223
0.65432
0.82083
0.42153
0.17391
0.26702
0.59691
0.27775
0.1448
0.094224
0.87377
0.27519
0.77763
0.208
0.30697
0.23691
0.23018
0.62186
1.1913
0.11542
1.1435
0.10021
0.39225
0.29442
0.19272
0.35536
0.1132
0.73756
0.4082
0.094804
0.36066
1.3378
0.2239
0.084793
0.87858
0.19244
0.16206
0.43046
0.30666
0.12707
0.5015
0.56924
0.51315
1.1258
0.24938
0.12829
0.74386
1.1593
0.10737
0.098372
1.1759
0.084344
0.37894
0.16064
0.32946
0.7004
0.095349
0.25019
0.13012
0.9429
0.49742
0.83693
0.23505
0.81432
0.76012
0.092107
0.4289
0.22199
0.87277
1.2133
1.1097
0.14786
0.18306
1.0793
0.52187
0.20553
0.23933
0.15466
0.4411
0.49366
0.20007
1.4463
0.28696
0.075
0.12228
0.37705
0.97288
0.099813
0.57717
0.98624
0.16268
1.144
0.15243
0.25844
0.85034
0.98888
0.32728
0.29297
0.14497
0.15583
0.14836
0.20571
0.14219
0.74737
0.51855
0.11862
0.19674
0.18029
0.52032
0.55719
0.24399
0.72009
0.37922
0.12491
0.83268
0.097541
0.28029
0.78761
0.44564
0.53978
0.30043
0.72303
0.79858
0.45375
0.98978
0.18422
0.11073
0.74562
0.4079
0.36707
0.38731
0.25232
0.35538
0.37736
0.13415
0.085474
0.31265
0.45692
0.3081
0.21806
0.11633
0.27752
0.09508
0.25772
0.1685
0.092956
0.1532
0.28613
0.32058
0.44743
0.97994
0.63822
0.17071
0.25769
0.42244
0.15775
0.06817
0.91571
1.1662
0.20605
0.14483
0.77404
0.15853
0.70738
1.276
0.34337
1.0215
0.22503
0.74203
0.26407
0.91658
0.16839
0.11541
0.54665
1.5889
0.094217
0.17561
0.24227
0.11151
0.10999
1.6223
0.24584
0.46788
0.6292
0.13265
1.1559
0.95815
0.68523
0.136
0.96361
0.97183
0.25529
0.35916
0.74738
1.1377
0.094537
0.88368
0.07358
0.10391
0.1504
0.24912
0.15963
0.85723
0.13533
0.060118
0.71225
0.94283
0.28746
0.16819
0.94334
0.10619
0.57391
0.3182
0.38205
0.17114
0.93676
0.71328
0.687
0.32777
0.24067
0.2351
0.81353
0.95092
0.075504
0.40192
1.2849
0.44804
0.15339
0.32519
0.14633
0.98387
0.18736
0.2926
1.189
0.78269
1.1483
0.81226
0.17068
0.37913
0.45555
0.75621
1.1728
0.12866
0.12074
1.1558
0.40451
0.37916
0.14843
0.92815
0.18167
0.086751
0.65205
0.2798
0.38496
0.12394
0.49743
0.62194
0.29225
0.17695
0.086101
0.29335
0.25916
0.27528
0.24602
0.13003
0.95521
0.32538
0.27234
1.0553
0.26562
0.13735
0.082751
0.27253
0.82487
1.4711
0.13615
0.46184
0.11254
0.3802
0.18079
0.23962
0.57259
0.094983
0.07042
0.14327
0.096887
0.39069
0.3512
0.68756
0.26911
0.10686
0.31008
0.56062
0.72835
0.42473
0.6601
0.58627
0.12118
1.2089
0.42797
0.18623
0.18785
0.20301
0.35494
0.58202
0.26596
0.27103
0.26163
0.091794
0.21074
0.12899
0.19028
1.0496
0.2798
0.3488
0.10564
0.35969
0.93581
1.2014
0.62153
1.2128
0.094365
0.13006
0.12858
0.47232
0.53844
0.1591
0.26496
0.35075
0.058934
0.44749
0.065409
0.3403
0.11167
1.3159
0.85206
0.12212
0.12899
0.50782
0.31178
1.0774
0.75295
0.75415
0.071678
0.20813
0.088118
0.40611
1.376
0.09015
0.99216
1.0966
0.35274
0.49405
0.14255
0.22699
0.25933
0.14551
0.17718
0.22128
1.0573
0.098046
0.40196
0.15655
0.11632
0.56433
0.23065
1.0382
0.15241
0.24491
0.55446
0.13545
0.27418
0.075233
1.2319
0.14363
0.22593
0.13871
0.96607
0.098678
0.38021
0.81969
0.11597
0.35415
0.46915
0.17489
0.22139
0.9671
0.38641
0.074645
1.1382
0.10615
0.10963
0.27065
0.38197
0.42134
0.25648
0.96856
0.96152
0.20693
0.15624
0.45045
0.1302
0.094357
0.3829
0.22356
0.13435
0.22515
0.12369
0.1952
0.83525
0.61471
0.11753
0.22695
0.14069
0.16851
1.3945
0.7906
0.23939
0.12925
0.29227
0.39455
0.48339
0.17306
1.1464
0.10105
0.1052
1.1106
0.33945
0.29715
0.86752
0.70094
0.20835
0.090209
1.0356
0.29542
0.36104
0.73352
0.25988
0.076109
0.18493
0.45797
0.84564
0.10722
0.37982
0.27667
0.1845
1.1633
1.1579
0.9542
0.10874
0.34966
1.0524
0.24849
1.1089
0.066475
1.5466
0.138
0.65171
0.15542
0.10082
0.40325
0.22685
0.51228
0.090932
0.25674
0.37956
1.0093
0.10162
0.27662
0.29469
1.5032
0.089615
0.06973
0.2146
0.59699
1.0604
0.23129
0.21423
0.60837
0.44225
0.097956
0.10706
0.98027
0.14456
0.099045
1.2995
0.14783
0.52013
0.22461
0.15166
0.1681
0.41563
0.075212
1.1595
0.36917
0.14729
0.094091
0.10683
0.11945
0.91368
1.024
0.1934
0.86287
0.71818
0.11977
0.54675
0.41375
0.40367
0.094262
0.37031
0.2082
1.4712
1.3111
0.87788
0.19471
0.096973
0.211
0.12038
0.32881
0.38515
0.68813
0.1729
0.17778
0.6498
0.10668
0.13549
0.19596
0.38683
0.77126
0.85138
0.48019
1.0272
0.094163
0.24316
0.35968
0.17404
0.54121
0.15582
0.45066
1.4733
0.20538
0.083092
0.17003
0.1604
0.1306
1.0224
1.241
0.88817
1.1241
0.089894
0.90647
0.1811
0.1657
0.10089
0.80523
0.12688
0.11632
0.1956
0.1047
0.16767
0.20751
0.13363
0.074527
0.19796
0.13456
0.54805
1.1953
0.53702
0.14907
0.11904
0.33182
0.17427
0.25506
0.19138
0.14836
1.1527
0.14726
0.17614
0.35602
0.42972
0.58958
0.12654
0.10685
0.97608
0.34697
1.2003
0.29428
0.15844
0.087772
1.1118
0.10407
0.28884
0.85028
0.079593
0.36476
0.2041
0.30415
0.31249
1.0485
0.31967
0.45384
0.40852
0.72882
1.3168
0.12177
0.074205
0.8552
0.41395
0.4668
0.93881
0.88794
1.1264
1.137
0.082939
0.11628
0.11867
1.2963
0.82988
0.11107
0.32923
0.45358
0.11787
0.60723
0.95563
0.85835
0.1045
0.13152
0.099297
0.094913
1.0569
0.12044
0.094197
0.25399
0.070082
0.087529
0.20094
0.1007
0.1167
0.19414
0.1141
0.91487
0.39625
0.10854
0.10527
0.92008
0.27797
0.3373
0.15022
0.40783
0.14468
0.29661
0.7253
0.18466
0.28901
0.13063
0.15135
1.0675
0.90225
1.3085
0.66686
0.52854
0.31445
0.59975
0.39181
1.0053
0.27016
0.24328
1.1887
0.10115
0.48064
0.19779
0.91945
0.53848
0.16404
0.13437
0.7592
0.39544
0.21959
1.0317
0.29179
0.56398
0.22668
0.1738
0.22489
0.46239
0.21244
0.83166
0.088395
1.1286
0.86663
0.14346
1.0835
0.18619
0.21531
0.066232
0.9767
0.12275
0.3563
0.31749
0.13616
0.5144
0.32621
1.2216
0.44971
0.091676
0.10901
0.31429
0.069546
0.081591
0.31011
0.24013
0.11087
1.1075
0.11309
0.16543
0.52004
0.25287
0.82664
0.26857
0.57249
0.15323
0.11054
0.29089
0.7787
0.11813
0.81583
0.10751
0.21702
0.50611
0.59368
0.47749
0.091774
0.084299
0.31729
0.076524
0.54169
0.34301
0.36443
0.99256
0.16656
0.16765
0.40207
0.25653
1.0129
0.94767
0.14888
0.88117
0.40799
0.13016
0.31633
0.49014
0.15349
0.40705
0.38867
1.116
0.12833
0.13278
0.098286
0.78152
0.21067
0.55682
0.5443
0.09115
0.12882
0.7999
0.7843
0.16598
0.16248
0.29275
1.06
1.5086
0.18067
0.069797
0.28908
0.70674
0.5832
1.0071
0.80222
0.085147
0.98083
0.18435
0.43458
0.24131
0.11565
0.16769
0.71001
0.062412
0.11996
0.43785
0.99359
0.33701
0.12652
1.0962
1.3912
0.72381
1.1325
0.26929
0.60592
0.13953
0.10897
0.32003
0.45792
0.085737
0.11213
0.12628
0.093578
0.28383
0.16292
0.78012
0.44053
0.23993
1.1776
0.18566
0.086983
0.306
1.1568
0.34407
0.11283
0.1798
0.15998
0.17053
0.2052
0.10858
0.38147
0.096338
0.31656
0.35523
0.1393
1.5168
0.95398
0.63451
1.0413
0.22574
0.11052
0.33594
0.59644
0.63948
0.71917
0.61894
0.1723
0.1145
0.46078
0.37631
1.0093
0.15484
0.33244
1.1213
0.12208
0.078188
0.75784
0.55614
0.44947
0.55726
0.10866
0.54349
0.73013
0.89208
0.21551
0.094076
0.27991
0.90435
0.13783
0.70834
0.17032
0.89135
0.084027
0.068806
1.7216
1.1887
0.14023
0.18022
0.77208
0.43854
0.14594
0.097937
0.20828
0.12841
0.19602
0.70443
1.1301
0.087628
0.41086
0.49555
0.12412
0.23096
0.93941
0.20745
0.2621
0.099442
1.0904
0.095066
0.097389
0.8655
0.11249
0.30083
0.28971
0.403
0.34903
0.18397
0.97258
0.90203
1.0662
0.11433
0.20125
0.67182
0.3037
0.37633
0.14357
0.25959
1.1809
0.079811
0.10769
0.19181
0.15892
0.049655
0.12845
0.36052
0.16436
0.22045
0.86171
0.52141
0.55474
0.32772
0.71617
0.11152
1.3883
0.055877
0.10793
0.20207
1.0872
0.704
0.15697
1.3975
0.29643
0.35127
0.081314
0.19921
0.87447
0.23465
0.55035
0.1432
0.38606
0.93557
0.84567
0.80305
0.41323
0.73988
0.19402
0.13573
0.14633
0.085456
0.52054
1.1361
0.15128
0.10216
0.39567
0.17296
0.13724
0.23796
0.53477
0.65134
0.44868
1.0482
0.82996
0.75246
0.46861
0.15426
1.036
0.10154
0.16164
1.0276
0.29308
0.1745
0.08384
0.16285
0.21352
0.10275
0.75904
0.22277
0.91671
0.27228
0.60342
0.13997
0.23199
0.33419
0.4283
0.56597
0.27673
1.2743
0.64512
0.46652
0.12645
0.87694
0.14631
0.080911
0.22603
1.2534
0.078564
0.44632
0.070098
0.18837
0.25662
0.16592
0.10735
0.81912
0.16909
0.23524
0.27214
1.2009
0.23734
0.14238
0.80475
0.072281
0.28121
0.079942
0.093713
0.34564
1.2172
0.085468
0.49883
0.081701
0.18563
0.1451
0.36104
0.25319
0.63257
0.9567
1.0031
0.4756
0.76434
0.48164
0.086681
0.10986
0.16184
0.16104
0.98135
0.24804
0.069647
0.13797
0.92134
0.78933
0.43149
0.40659
1.0081
0.088924
0.2943
0.38713
0.14638
0.15617
0.50254
0.39649
0.1375
0.1286
0.58336
1.1515
0.16235
0.071162
0.15027
0.19003
0.44343
1.5325
0.74205
0.12054
0.093025
0.30562
0.086223
1.2498
0.21979
0.99682
0.16013
0.09837
0.1437
0.95583
0.075862
0.15008
0.3441
0.42264
0.24142
0.22195
0.22954
0.094545
0.20672
0.096411
0.38559
0.90621
0.26881
0.2731
0.11643
0.20773
0.13333
0.18957
0.14615
0.38173
0.68726
0.25776
0.50883
0.43343
0.66835
0.2218
0.20995
0.15234
0.11727
0.077755
0.45587
0.48726
0.39698
0.29458
0.24302
1.22
0.13808
0.52322
0.83682
0.48746
0.23329
1.0526
0.23439
0.80118
0.28156
0.53377
0.12822
0.10086
0.90518
0.85934
0.27428
1.2175
0.19578
1.1284
0.18773
0.25633
1.3709
0.071491
0.16416
0.6849
0.11091
0.3157
0.25139
0.18684
0.14527
0.068616
0.36063
0.11835
0.23715
0.16613
0.34973
0.16722
0.70748
0.98105
0.16263
0.16734
0.88768
0.73509
0.18409
0.11681
0.31691
0.12211
0.14651
0.3316
0.28536
0.10759
0.094367
0.51671
0.1189
0.24663
0.18817
0.75947
0.97792
0.65333
1.0186
0.20518
0.37376
0.61749
0.10578
0.73979
0.58402
0.26347
0.93044
0.13565
0.20864
0.16864
0.22034
0.1192
0.69296
0.15734
0.31634
0.34258
0.443
0.36337
0.17576
0.33234
0.067492
0.079051
0.079942
0.30531
0.17698
0.72659
0.1686
0.49765
0.35325
0.14538
1.0507
0.15676
0.3893
0.060913
0.13988
0.44533
0.59116
0.21772
0.16439
0.1814
0.1118
0.25045
0.2572
0.57414
0.11809
0.13295
0.089855
0.22474
0.62036
1.2051
0.22974
0.17388
0.40549
0.19032
0.19107
0.56991
0.1289
0.089609
0.15878
0.35722
0.61272
0.38386
0.30582
0.1462
0.05716
0.1434
0.29626
1.1825
0.36479
0.42118
0.51907
0.11367
0.73403
0.20067
0.10398
0.29203
0.90988
0.080024
0.40856
0.52282
0.86912
1.1272
0.07543
0.10036
0.57398
1.187
0.78977
0.4424
0.59754
0.59524
0.10105
0.27734
0.20458
0.57264
0.2029
0.51042
0.086239
0.29337
0.16338
0.09136
0.27143
0.71433
0.34492
0.20456
0.12209
0.15321
0.67094
0.31157
0.96577
0.11989
0.10855
0.69559
0.092934
0.20359
0.14191
0.17561
0.60962
0.49534
0.11469
0.74914
0.46776
0.92543
0.30187
0.25767
0.14825
1.4477
0.85233
1.2701
0.079697
0.23766
0.14657
0.17962
0.46873
0.23404
0.064778
0.13647
0.1645
0.56602
0.47716
1.1232
0.21263
0.60696
0.18864
0.57444
1.0605
0.094457
0.17684
0.18419
1.5694
0.15627
0.74323
1.2458
0.19329
0.1789
0.26168
0.34245
0.25394
0.071233
0.2373
0.12406
0.31382
0.54794
0.74179
0.12977
0.21818
0.46643
0.34148
0.48536
0.092304
0.10576
0.12925
0.13726
0.50805
0.77289
0.21481
0.13272
1.0021
1.0686
0.11256
0.11766
0.17284
0.99796
0.13939
0.072548
0.09661
0.20879
0.9418
0.54912
1.6582
0.19205
0.33552
0.10548
0.56147
0.20215
0.4514
1.0135
0.94407
0.59932
0.16115
0.16701
0.6393
0.29998
0.20793
0.10926
0.73672
0.21251
0.43047
0.14943
0.59683
0.13556
1.0507
0.34461
0.28589
0.35196
0.23001
0.58806
0.71557
0.68807
0.40178
0.063429
0.35268
0.12108
0.56354
0.48764
0.11839
0.12371
0.77262
0.25327
0.11489
0.81013
1.3963
0.20015
0.10764
0.11453
0.79573
1.0139
0.79875
0.10742
0.71468
0.24002
0.39416
0.21873
0.37749
0.093197
0.26845
0.33561
0.35585
0.12949
0.30963
0.36107
0.58233
1.1681
0.053852
0.46573
0.17733
0.091675
0.59099
0.16387
0.11163
0.15092
0.22314
0.23929
0.17526
0.13014
0.75588
0.1215
1.3722
0.31462
0.29673
0.63522
0.85399
1.2753
0.25727
0.17975
0.16279
0.14094
0.17522
1.0747
0.16027
0.94808
0.10915
0.11012
0.089213
1.0662
0.15126
0.31896
0.19734
0.12444
0.15403
0.10352
0.068686
0.39509
0.37918
0.07825
0.35815
0.86234
0.26755
0.62309
0.16136
0.099759
0.37132
0.97863
0.84216
0.1251
0.14835
1.1501
0.12255
1.0718
0.13946
0.18358
0.24653
0.2518
0.3027
0.35797
0.4508
0.10026
0.4483
0.54196
0.19298
0.14117
0.10874
0.63182
0.18974
0.4661
0.71374
0.40595
0.11849
0.061636
0.099025
0.2114
1.381
0.066354
0.31891
0.28808
0.83454
0.10981
0.71869
0.77776
0.38198
1.2637
0.076306
0.39936
0.56703
0.16163
0.38906
0.28477
0.13592
0.30381
0.10125
0.83623
1.4266
0.37975
0.34916
0.072004
0.20733
0.083065
0.60594
0.067056
0.1152
1.1257
0.51899
0.90572
0.1511
0.13512
0.19646
1.1689
0.32396
0.78274
0.90541
0.10019
1.6884
0.13945
1.1695
0.85011
0.39555
0.49495
0.19833
0.11147
0.39455
0.15263
0.2315
0.1534
0.41188
0.3233
0.1469
0.1061
0.31337
1.1714
0.087998
1.0018
0.23702
0.1986
0.26374
0.90051
0.57982
0.21788
0.30196
0.15193
0.87263
0.08989
0.14607
0.11474
0.12848
0.53585
0.41721
0.42737
0.15714
1.1403
0.24907
0.17442
0.13973
0.33095
1.0681
0.079854
1.1895
0.13235
0.22725
1.5826
0.27072
0.27884
0.078426
0.29048
0.079265
0.11507
0.096992
0.14719
0.17319
0.30827
0.58429
0.96569
0.50729
0.091819
0.34133
0.22875
1.1478
1.2915
0.14188
0.64414
0.48525
0.7032
0.09142
1.0504
0.51215
0.42386
0.18742
0.69636
0.77781
0.38841
0.33155
0.90421
0.43016
1.0004
0.13445
0.33322
0.37452
0.3758
1.6754
0.77729
0.19985
0.52518
0.09239
0.15688
0.40515
0.067524
0.39976
0.11694
0.15494
0.10666
0.096652
0.24126
0.41915
0.46482
1.2011
0.18757
0.15469
0.07498
1.0583
0.62662
0.37659
0.48953
0.18649
0.085414
0.149
0.64645
0.13735
0.55125
0.12386
0.16894
0.14879
0.24596
0.10075
1.2298
0.1242
0.9498
0.81835
0.49753
0.4398
0.10466
1.2522
1.2193
1.1666
1.1505
0.78709
0.31051
0.36584
0.13764
0.6588
1.0933
0.084625
0.29014
0.51133
0.56989
0.45964
0.28644
0.36576
0.68221
0.1978
1.146
0.12112
0.58401
0.18728
0.14176
0.16628
0.28952
0.86464
0.36017
0.65385
0.67116
0.10344
0.17223
0.52814
0.77386
0.72782
0.72275
0.93414
1.0816
0.15222
0.098435
0.17913
0.087065
0.081581
0.22577
1.0077
0.76508
1.2111
0.95062
0.14942
0.47886
0.70125
1.3053
0.36064
0.19398
0.11134
0.094774
1.1969
0.30993
0.089555
0.53168
0.22626
1.146
0.19679
1.1985
0.61483
0.24912
1.1607
0.16256
0.13551
0.2334
0.35194
0.51343
0.17847
0.32482
1.2211
1.1665
0.36585
0.22759
0.32991
0.18194
0.099265
0.49229
0.12017
0.096304
0.086638
0.35376
0.74583
0.65402
0.10403
0.90707
1.1468
1.6637
0.16279
0.22164
0.17138
0.1698
0.31498
0.37335
0.63802
0.080491
0.1135
0.19994
0.13103
0.079411
0.73524
0.11198
0.20149
0.63135
0.37202
1.1116
0.11043
0.3907
0.93889
0.57458
0.34074
0.45728
0.27845
0.37321
0.13296
0.26387
0.2588
0.267
0.57903
0.56448
0.094642
0.15011
0.4687
0.082389
0.26346
1.1419
0.19025
0.11453
0.42018
0.37369
0.4233
0.14648
0.23418
0.061537
0.18342
0.10255
0.84848
0.56464
0.64211
0.11024
1.0624
0.08301
0.28515
1.1661
0.27022
0.17393
1.0698
0.80876
0.10544
0.14285
1.1346
0.97639
0.43787
1.2291
0.16964
0.33945
0.39453
0.88147
0.37211
0.1304
1.213
0.24699
0.90446
1.1447
0.49867
0.42543
0.13623
0.1016
0.27457
0.088064
0.14466
0.12662
0.41874
0.87081
0.071432
0.13088
0.10247
0.45295
0.8141
0.25188
0.16749
0.63887
0.46083
0.22272
0.079198
0.58081
0.92477
0.10346
0.14568
0.4049
0.67833
0.1361
0.31432
0.46601
1.1308
0.13196
0.1039
0.15938
0.12429
0.19365
0.67964
0.16609
0.12552
0.66984
0.64622
0.081355
0.10644
0.50086
0.95284
1.21
0.33011
0.75457
0.1521
0.38842
1.2137
0.10254
0.11028
1.3891
0.93807
0.13654
0.26347
0.4946
0.11285
0.12638
0.73103
0.17041
0.68178
0.15252
1.2129
0.85991
0.17381
0.13851
1.0768
0.091691
0.16852
0.24565
0.31524
0.32827
0.39802
0.13057
0.19206
0.61446
0.38332
0.31186
1.1134
0.10992
1.0966
0.090139
0.14018
0.089049
0.6382
0.22618
0.42423
1.104
0.90034
1.2134
0.87122
0.33173
0.12717
0.11162
0.3608
0.11533
0.12365
0.074044
0.10831
0.4356
0.12354
0.1707
0.61327
0.90059
0.21605
0.09102
0.29622
0.50074
0.17167
0.6361
1.3605
0.86926
0.082498
0.16872
0.098993
0.19321
0.48036
0.18074
0.092889
0.78193
0.64776
1.4201
0.1144
0.12286
1.0161
0.16073
0.19846
0.39407
0.86301
0.3554
0.21899
0.11399
0.97168
0.6477
0.2843
1.0116
0.20913
0.085857
0.44234
1.4558
0.89136
0.084152
0.49005
0.10235
1.1241
0.15052
0.13707
0.38657
0.14004
0.062004
0.16024
0.23453
0.12685
0.33214
0.1124
1.0871
0.39206
0.45708
0.084665
0.1187
0.68875
0.11942
0.061103
0.51414
0.76822
0.15708
0.40763
0.15507
0.62284
0.8033
0.11638
0.16761
1.0738
1.2644
0.80224
0.43961
0.12177
0.66196
0.66145
0.84626
1.6135
0.22923
0.45824
0.11289
0.45803
0.25185
1.1101
0.47937
0.60539
0.27344
0.62701
0.21981
0.31076
0.67807
0.16788
0.62372
0.85643
0.60057
0.85774
0.59979
0.39046
0.3319
0.13893
0.25853
0.21078
0.75936
0.72406
0.17033
0.41277
0.30881
0.24035
0.21692
0.27371
0.077472
0.082049
0.073575
0.20868
0.42667
0.13179
0.85729
0.93087
0.23063
0.27678
0.88349
0.49454
0.19227
1.2559
0.16344
0.10697
0.076445
0.8485
0.93976
0.13313
0.07819
0.095619
0.15817
0.25066
0.43414
0.22039
1.1775
0.53635
0.24708
1.4245
0.62938
0.29392
0.37229
0.32862
0.13573
0.08397
0.29365
0.096501
0.94337
0.34033
0.40345
0.5099
0.24458
0.30489
0.16487
0.26147
0.56842
1.0078
0.075668
0.15638
0.42506
0.1462
1.2793
0.1024
0.69243
0.12081
1.3147
0.14549
0.49101
0.1919
0.40209
0.12433
0.27882
0.12246
0.36127
0.088889
0.12112
0.72951
0.79387
0.12534
0.83086
1.2768
0.52436
0.11008
0.14256
0.20023
0.36199
0.090353
0.20398
0.37895
0.24068
0.082386
1.0664
0.14216
0.26005
0.09077
0.98145
0.18611
0.084471
0.69843
0.78351
0.20582
1.2921
0.11034
0.15545
0.086999
0.24091
0.70528
0.4756
0.35175
0.32075
0.20591
0.21615
0.75951
1.1209
0.19894
0.10093
0.11281
0.13421
0.13429
0.69051
0.43513
1.0441
0.46906
0.24822
0.20558
0.27511
0.52257
0.30151
1.079
0.074755
0.34141
0.060975
0.66821
0.99484
0.33382
0.27496
0.17928
0.092225
0.61669
0.68977
0.12546
0.24754
0.12254
0.50866
0.77683
0.34601
0.26331
0.44616
0.21527
0.22651
0.79308
0.61409
1.0137
0.24776
0.16065
0.074439
0.21429
0.098658
0.50669
0.12344
0.3124
0.09457
1.1932
0.1169
0.82283
0.42876
0.10559
1.0158
0.08274
0.18506
1.1434
0.16321
0.11634
0.22054
0.18894
0.10639
0.22607
0.5454
0.24151
0.13717
1.0187
0.14245
0.40714
0.25788
0.10482
0.18097
0.075358
0.14619
0.22816
0.5184
0.54617
0.38872
0.11099
0.14099
0.35471
0.10286
0.62332
0.64471
0.26095
0.30379
0.063837
0.24327
0.34503
0.66561
0.29481
1.5429
0.11497
0.25047
0.087449
0.10608
0.13668
0.21967
0.077185
0.15874
0.42884
1.1604
0.88378
0.11033
1.2115
0.48805
0.3638
0.19972
0.12217
0.76661
0.12066
0.4055
0.095315
0.22102
0.11552
0.13631
0.9859
0.50276
0.95909
0.076036
0.070256
0.58064
1.2334
0.13949
0.79721
0.37636
1.103
0.46322
0.83142
0.40227
0.24792
0.1209
0.83703
0.085292
0.11969
0.64459
0.65735
0.79334
0.1155
0.36866
0.20831
0.11227
0.1149
0.97643
0.49415
0.12408
0.1184
0.091168
0.11865
0.24715
0.75016
0.72849
0.35124
0.34768
0.07136
0.098058
0.57262
0.26609
0.40799
0.092072
0.20747
0.1645
0.18579
1.5047
0.31321
0.53993
0.13657
0.16247
0.89478
0.12435
0.63326
0.79934
0.16916
0.076673
0.19366
1.4649
1.2257
0.12782
1.1319
0.19735
0.22244
0.16077
0.57936
0.061583
0.12915
0.28604
0.6022
1.0785
0.14168
0.24614
0.15005
0.21885
0.42335
0.85769
0.6437
0.27765
0.18772
1.0236
0.16878
0.80145
0.31177
0.082425
0.13989
0.081816
0.69062
0.13257
0.64951
1.2216
0.48473
0.10894
0.22788
0.97613
0.19631
0.21598
1.2604
0.26547
0.16988
0.56217
0.19234
1.1529
0.20722
1.1021
0.67709
0.1313
0.55144
0.075241
0.19012
0.18234
0.16772
1.1716
0.90787
1.4711
0.30241
0.39356
0.10703
0.080436
0.09913
1.2362
1.1176
0.057689
0.19866
0.98142
0.38682
0.17486
0.27655
1.1743
0.079349
0.17238
1.1897
0.089681
0.24098
0.18176
1.4536
0.52237
0.45724
0.13887
0.081437
0.2639
0.14669
1.0191
0.26769
0.83156
0.1048
0.6596
0.51486
0.13325
0.14488
0.16832
0.47761
0.19894
0.79764
0.36077
0.80716
0.16332
0.86609
0.1746
0.11341
0.16076
0.57644
0.16346
0.083626
1.1573
0.46881
0.18459
0.9405
0.19436
0.21538
0.29079
0.088952
1.1586
1.2262
0.45624
0.26988
0.16991
0.18001
1.2482
0.53884
0.29318
0.525
0.1133
0.11801
0.32237
0.12896
0.17507
1.0919
0.11772
0.43871
0.26411
0.36402
0.16661
0.31763
0.10108
0.38624
0.097549
0.2911
1.311
0.24554
0.21851
0.19584
0.31347
0.078869
0.22399
0.88025
0.17446
0.16617
0.28581
0.63379
0.57803
0.46617
0.28638
0.99243
1.0925
0.35643
0.1678
0.24372
0.96199
0.16693
0.41252
0.31588
0.21176
0.93444
0.9032
0.1205
0.26024
0.30552
0.2758
0.17306
1.1602
0.11115
0.38734
0.69812
0.3786
0.14786
0.23214
0.16718
0.27283
0.11949
0.097643
0.4779
0.47012
0.092717
0.36974
0.73109
0.35692
0.25665
0.24142
0.91674
0.12768
0.44049
0.38479
0.53942
0.059603
0.87079
0.93684
0.14872
0.79662
0.081438
0.38649
0.48128
1.1727
0.12917
0.5216
0.12915
1.1881
1.0167
0.20036
0.20388
0.078161
0.78428
0.51032
1.1869
0.26437
0.12812
0.20606
0.24789
1.4986
0.071038
0.12061
0.13913
1.2086
0.41451
0.39716
0.30588
0.38315
0.12229
0.11967
1.2066
0.091319
0.27449
0.16356
0.10692
1.0781
0.22891
1.1642
0.72209
1.1999
0.13069
0.1053
0.34803
0.10727
1.1324
1.2251
0.66022
0.085192
0.26975
0.16904
0.09601
0.10405
0.24708
0.97146
0.30821
0.21107
0.58535
0.35706
0.22887
0.11323
0.26398
0.085536
0.47591
1.1181
0.15768
0.34201
0.28922
0.23
0.36691
0.94064
0.22895
0.10068
1.3862
1.1687
0.20284
0.21082
0.29984
0.16338
0.27606
0.17585
0.10273
0.19268
0.4219
0.21658
0.12273
0.13904
0.070793
0.82485
0.18483
0.36715
0.39211
0.90242
0.10826
0.43919
0.34989
0.38175
0.07931
0.16194
0.33189
1.1736
0.17264
0.10281
0.49841
0.34615
1.1146
0.58053
0.32688
0.89689
0.14503
0.12261
0.15909
0.87988
0.11251
0.19565
0.11405
0.44524
1.1073
0.080182
0.20842
0.71737
0.25088
0.091428
0.81192
0.078857
0.22154
0.17266
1.5459
0.22674
0.13169
0.23554
0.12431
0.6454
0.33373
0.1754
0.26227
1.425
0.79068
0.21084
0.21952
0.47934
0.097434
0.4962
0.38621
1.6394
0.10836
0.083277
1.0562
0.9245
0.31525
0.099658
0.0599
0.79738
0.45534
0.14056
0.43782
0.94754
0.14815
0.20187
0.41526
0.31346
0.76733
0.23395
0.15399
0.327
0.41973
0.10485
0.40564
0.17445
0.77362
0.066153
0.3845
0.25643
0.75703
0.085551
0.080577
0.66741
0.21391
0.20519
0.28987
0.86482
0.41453
1.1414
0.086069
0.10879
0.17814
0.55909
0.11238
0.11546
0.1446
0.90192
0.69363
0.144
0.14159
0.72855
0.31178
0.17065
0.092134
0.086804
0.45588
0.12964
1.1448
0.090592
1.2567
0.63837
0.71743
0.558
0.15432
0.11405
0.12135
0.091592
0.09696
0.10686
1.0998
0.88788
0.92727
0.093611
0.3481
0.41439
0.25258
0.18711
0.70956
0.87142
0.10846
1.1504
0.1552
0.41563
0.52598
0.23106
0.83828
1.025
0.90274
0.14604
0.064107
0.62213
1.2418
0.28715
0.65198
0.32446
0.093253
0.31465
0.51345
0.17674
0.52551
0.10458
0.70338
0.33506
0.088172
0.39046
0.20429
0.60158
1.4345
0.20669
0.15709
0.25401
0.10961
0.12133
1.171
0.066977
0.076069
0.22742
0.53557
0.24132
0.15782
0.13198
1.1922
0.15289
0.45463
0.88474
0.42135
0.27943
0.31182
0.096228
0.61777
0.28678
0.12774
0.23284
0.087584
0.51315
0.41822
0.35237
0.78868
0.21964
0.66955
0.096906
0.092304
0.56192
0.16336
0.63116
0.086791
0.086333
1.0179
0.38637
0.31466
0.098358
0.27571
0.52123
0.13923
0.5624
0.26902
0.11834
0.13864
0.18228
0.28603
0.48571
0.3584
0.87151
0.14374
0.11016
0.53447
0.11678
0.16806
0.20443
0.12159
0.17995
0.17239
0.55636
0.82365
0.60552
0.15379
0.49297
0.091575
0.14335
0.34565
0.14372
0.29803
0.75139
0.14555
0.64477
0.51201
0.32478
0.47329
0.21589
0.092412
0.81627
0.63404
0.47628
0.54037
0.32286
0.19384
0.092223
0.16172
0.065797
0.38621
0.61721
0.19005
0.80859
0.39239
0.30081
0.43007
0.77297
0.23202
0.089702
0.27517
0.29021
0.34537
0.14877
0.20909
1.1058
0.07721
0.88253
0.13467
0.15557
0.36765
0.14032
0.91378
0.59471
0.32369
0.23468
0.17655
1.1456
0.69889
0.21672
0.35203
0.13607
1.2547
0.71698
0.75489
0.086801
0.11089
0.29931
0.62885
0.22461
0.3983
0.07824
1.1004
0.68454
0.11605
0.93294
0.51055
0.25282
1.0446
0.28359
0.22193
1.6674
0.13776
0.093233
0.82828
0.45054
0.21799
0.069616
0.64866
0.28667
0.47378
0.20642
0.52772
0.17078
0.93808
0.76086
0.65445
0.098816
0.085635
0.60241
0.49344
0.89907
0.14649
0.52272
0.087139
0.3095
0.26572
0.12772
0.72393
0.40016
0.21304
0.12582
0.11425
0.15932
1.2723
0.24501
0.09446
0.37202
0.32698
0.44563
0.064014
0.084894
0.088574
1.6608
0.17481
0.27425
1.0449
0.40105
0.084543
0.1286
0.12667
0.078854
0.16496
0.62845
0.29646
0.6365
0.26625
0.79143
1.57
0.24665
0.071491
0.15359
1.0799
0.27168
0.9005
0.39671
0.39907
0.15963
1.1622
0.5097
0.091255
0.20986
0.07643
0.61748
1.2392
0.77749
0.60174
0.1104
0.19362
0.22774
0.98568
0.098647
0.60667
0.36316
0.10466
0.94832
0.56888
0.11441
0.12903
0.49136
0.39718
0.2775
0.27039
0.083774
0.69531
0.19464
0.84861
0.68638
0.13465
0.26429
0.35228
0.093047
0.28389
0.23549
0.1652
0.099246
0.31368
0.27918
0.90104
0.61579
1.3164
1.0116
0.86695
0.49812
0.081225
0.44308
0.134
1.1224
0.3223
0.66621
0.16919
0.19229
0.083691
0.18658
0.61805
0.36044
0.13169
0.77654
0.50243
0.57593
0.31254
0.89264
0.14147
0.55487
0.20043
0.63261
0.7303
0.51521
1.0833
0.35172
1.2167
1.7069
0.85321
1.337
0.60438
0.25258
0.26199
0.16663
0.27938
0.23086
0.47621
0.22777
0.52178
0.30493
0.56927
1.1038
0.083442
1.1618
0.29758
0.77783
0.75385
0.26425
0.30321
0.43249
0.59815
0.57304
0.54969
1.0467
0.62122
0.28315
0.073063
0.80606
1.0134
0.31938
0.67223
0.93604
0.77282
1.0316
0.23127
0.28316
0.12426
0.15052
0.28742
0.51767
0.45421
0.11912
0.42406
0.06126
0.1684
1.0781
1.3708
0.2887
0.087374
0.069631
0.097812
0.089589
0.076674
0.53684
0.55433
0.17679
0.078093
0.49965
0.23273
0.43053
0.24714
0.10089
0.53941
0.068572
0.12053
0.27803
0.91512
0.73437
0.1444
0.55536
0.86628
1.0492
0.18971
1.0265
0.95979
0.48455
0.35759
0.43792
0.19667
0.095545
0.088078
0.12275
0.61641
0.32666
0.29183
0.13935
0.099137
0.25341
0.27464
0.33504
0.074338
0.1301
0.10254
0.15664
0.12053
0.48093
0.27275
0.33698
0.187
0.5323
0.73867
0.41855
0.24024
0.40316
0.20235
0.072501
0.12335
0.7361
0.15924
0.57458
0.45461
0.10969
0.40991
0.69499
0.82567
1.273
0.15727
0.51228
1.0157
0.079056
0.31976
0.10342
0.19048
0.49821
0.19364
0.13014
0.22968
0.63477
0.49466
1.0721
0.13895
0.1223
0.11582
0.18284
0.11588
0.085205
0.34914
0.06242
0.070403
0.92965
0.19234
0.69028
0.1153
0.29974
1.1609
0.15939
0.10686
0.93603
0.58586
0.54941
0.16226
0.16521
0.16733
0.24525
0.16191
0.19272
0.13346
0.62172
0.73756
0.15126
0.069002
0.15189
1.3378
0.30409
0.57544
0.87858
1.151
0.096733
0.15296
0.3618
1.1714
0.71781
0.34105
0.40295
0.19724
0.074332
0.58201
0.76491
0.14505
0.18644
0.069136
0.1288
0.64132
0.28274
1.2975
1.0097
0.10442
0.31901
0.11136
1.5841
0.08445
1.073
0.92097
0.59282
0.080232
0.15875
0.52031
0.47251
0.84753
0.27931
0.35416
0.2366
0.077814
0.39385
1.0793
0.10062
0.70972
0.50535
0.17234
0.12723
0.43508
0.5851
0.3848
0.21933
0.075
1.1635
0.37705
0.73201
0.12444
0.57616
0.26129
0.096436
0.5519
0.15243
0.30553
0.17259
0.11931
0.32728
0.29297
0.81863
0.25061
0.14402
0.45718
0.17999
0.33592
0.46569
0.16386
0.081094
0.51637
1.0313
0.56514
0.2193
0.13399
0.87443
0.12491
0.3092
0.65527
0.1114
0.086752
0.44564
0.081557
1.208
1.1983
0.18295
0.18478
0.4442
0.040482
0.64296
1.4061
0.097011
0.53096
0.27787
0.21839
1.0569
1.0497
0.13415
0.17928
0.35198
1.4681
0.37943
0.91095
0.35287
0.21353
1.1826
0.3936
0.62104
0.13956
0.12255
1.124
0.82769
0.48541
0.16821
0.12573
1.2414
0.88539
0.49075
0.10296
0.073065
0.19604
0.32623
1.6434
0.15697
0.13568
0.49832
0.30854
0.13395
0.23464
0.1473
0.081273
0.17795
0.10042
0.13151
0.16839
0.12449
0.29477
0.9106
0.098345
0.66931
0.23774
0.10227
0.137
0.24508
0.8184
0.46788
0.071124
0.26605
0.19772
0.52631
0.14888
0.136
0.39868
0.58836
0.19604
0.39687
0.47165
0.09198
0.15322
0.88368
0.11679
0.22674
0.14349
0.15332
0.15963
0.50396
0.57259
0.093577
0.13329
0.94283
0.20026
0.69904
0.30457
0.5669
0.57391
0.49663
0.64034
0.41642
0.38509
0.11901
1.1401
0.75618
0.256
0.2351
0.06635
0.16077
0.1497
0.85273
1.0943
1.079
0.10429
0.067567
0.91472
0.31207
1.2944
0.2926
0.25565
1.0589
0.32697
0.12283
0.12315
0.23134
0.5773
0.35933
0.70382
0.23573
0.73728
1.1558
0.16304
1.0441
0.80596
0.29734
0.085822
1.1303
0.1086
0.96974
0.99655
0.30271
1.0717
0.11208
1.2843
0.24458
0.59005
1.1891
0.068532
0.099756
0.81004
0.41733
0.16088
0.15154
0.14497
0.24625
0.26562
0.30422
0.082751
0.78486
0.48799
0.085069
0.13615
0.32327
0.99555
0.083192
0.097412
0.23962
0.85181
0.17079
0.43533
0.33664
0.22925
0.93234
0.3512
0.28965
0.26911
0.22218
0.70223
0.16967
0.15295
0.42473
0.6601
0.16087
1.1078
0.29687
0.21733
0.79099
0.34447
0.14012
0.46235
0.40806
0.41043
1.6736
0.3787
0.11214
0.2303
0.40362
0.73505
1.0496
0.11045
0.34533
0.52071
0.085545
0.7944
0.64247
1.2545
0.093601
0.25655
0.27215
0.28404
0.10997
0.17152
0.073947
0.27637
0.79342
0.058934
0.12938
0.10273
0.3403
0.11167
0.36429
0.33116
0.12212
0.29154
0.16634
0.10707
0.86013
0.59272
0.26797
0.41827
0.24348
0.16095
1.1145
0.088356
0.088594
0.15403
0.14692
0.77807
0.34786
0.14255
0.16357
0.67269
0.16627
0.16479
0.18695
0.21925
0.10757
0.089175
0.13023
0.37053
0.38621
0.23897
0.9383
0.15628
0.1081
0.55446
0.30717
0.31277
0.856
0.19224
1.0165
0.14089
0.13871
1.1341
0.067308
0.38021
0.39807
0.35007
1.0738
0.080757
0.19277
0.14214
0.12802
0.13206
0.48383
1.2564
0.13813
0.27867
0.092193
0.46903
0.10955
0.15156
0.12801
0.52315
0.48901
0.13655
1.1194
1.1264
0.86504
0.31043
0.22356
0.38752
0.24783
0.30501
1.7121
0.76495
0.095817
0.67213
0.25082
0.14069
0.14307
0.15103
0.23443
0.17095
0.12649
0.20696
0.12447
0.48339
0.17306
0.2305
0.87617
0.088808
1.3363
0.33945
0.29715
0.86752
0.10627
0.18533
0.075454
0.43098
0.41246
0.39256
0.067972
0.35745
0.89887
0.60764
0.19708
0.19156
0.99599
0.2992
0.1587
0.13206
0.089741
0.089718
0.11691
0.35173
0.75046
0.15632
0.081469
0.11195
0.74414
0.56555
0.138
1.0836
0.79669
0.62676
0.5133
0.74248
1.2237
0.079918
0.15058
0.90057
0.22712
0.10162
0.1536
1.1822
0.63049
0.84175
0.19688
0.25292
1.3
0.53377
0.16326
0.29912
0.60026
0.30179
1.2144
0.90803
0.79209
0.14456
0.42814
0.12743
0.12386
0.52013
1.1486
0.15166
0.91425
0.095112
1.1339
0.093303
0.13548
0.14729
0.10111
0.096385
0.95244
0.11038
0.12482
0.49442
0.13178
0.098089
0.11977
0.28673
0.19712
0.39329
0.071909
0.48557
0.74714
0.76373
0.11082
0.87788
0.70035
0.28799
0.10355
0.46765
0.17787
1.0881
0.68813
0.50103
0.13234
0.46158
0.44567
0.21743
0.12488
1.103
0.084259
0.34071
0.479
0.39704
1.0039
0.91815
0.35968
0.17404
0.1479
0.15582
0.82509
0.70338
0.20538
0.53779
0.70544
0.39762
1.4085
0.48449
1.241
0.13809
0.86441
0.34053
0.10009
0.17998
1.2225
0.14053
0.65172
0.26177
0.78586
0.1956
0.076628
0.5746
0.13147
0.13363
0.43691
0.66995
1.2966
0.18675
0.77936
0.52862
0.7603
0.86152
0.10151
0.084991
0.25506
1.2368
0.39379
0.10996
0.14726
0.095137
0.15588
0.42972
0.32426
0.49913
0.10701
0.26672
0.19329
1.0835
0.77177
0.47224
0.19045
0.096725
0.25588
0.15928
0.18916
1.4468
0.085845
0.19363
0.96047
0.097455
0.13145
0.9837
0.59677
1.267
0.17399
0.079795
0.12177
1.6541
0.076041
0.12094
0.29021
0.56557
0.12355
0.1645
1.1163
0.082939
0.21319
0.11867
1.2963
0.11159
0.094445
0.10911
0.47226
0.31912
0.11491
0.51179
0.067542
0.22513
0.12864
0.094017
0.12215
0.095815
0.12044
1.1676
0.25399
0.16946
0.22536
0.18355
0.21943
0.42455
0.19414
0.3002
0.59684
0.11468
0.22019
0.18247
0.92008
1.5138
0.14394
0.15022
0.96444
0.45956
0.73537
0.7253
0.31917
0.10387
1.0047
0.15135
0.87253
0.7818
0.11095
0.12547
0.37657
0.31445
0.1397
0.39533
0.17776
0.10084
0.12974
0.069182
0.30766
0.21416
0.3513
0.91945
0.1573
0.16404
0.054083
0.22137
0.16848
0.89901
0.21558
0.32586
0.10947
0.9111
0.34896
0.22489
0.25968
0.21243
0.27328
0.088395
0.17387
0.86663
0.22282
1.1282
0.12701
0.66972
0.48855
0.11374
0.21824
0.12177
0.073298
0.13616
0.47709
0.10895
1.2216
0.24883
0.091676
0.064444
0.25952
0.23812
0.12918
0.31794
0.091351
0.11087
0.087544
0.15268
0.16543
0.12902
0.17497
0.67146
0.27421
0.10616
0.25886
0.25863
0.19342
0.13185
0.11813
0.3561
0.12607
0.53695
0.14986
0.464
0.62175
0.068261
0.8794
0.32132
0.17745
0.49291
1.0611
0.81694
0.25104
0.27569
0.28407
0.42965
0.21898
0.10682
1.6728
0.072195
0.28837
0.40799
0.73619
0.31633
0.26504
0.90204
0.27788
0.288
0.14703
0.15649
0.1906
0.08614
0.10536
1.2043
0.16102
0.14363
0.2988
0.42297
0.27216
0.7843
0.16598
0.10343
0.31863
0.078217
0.20156
0.18067
0.076939
0.33726
0.32345
1.0045
0.59121
0.20486
0.37752
0.12505
0.18902
0.54828
0.10388
0.16505
0.15572
0.79773
0.11662
0.11996
0.32437
0.067737
0.11588
0.72085
0.86228
1.0823
0.12796
0.37223
0.17441
0.18762
0.067959
0.17717
0.1472
0.083874
0.23225
0.34488
0.99498
0.82294
0.74384
0.23975
1.1102
0.12984
0.62082
1.0756
0.28399
0.19313
0.1231
1.1568
0.11062
0.38124
0.65756
0.48257
0.93159
1.0399
0.14897
0.27795
0.096338
0.1992
0.35523
0.55897
0.27879
0.38838
0.074752
1.0413
0.63254
0.11052
0.85928
0.59644
0.25827
0.62702
0.21933
0.079166
0.2536
0.47767
0.28225
0.40441
1.0025
0.13487
1.0837
0.1962
1.3796
0.12615
0.55614
0.33672
0.12178
0.34128
1.0846
0.084741
0.89208
0.47963
0.89179
1.1315
0.20773
0.18111
0.22418
0.54713
0.1338
0.40809
0.13553
1.7216
0.45029
0.38475
0.1424
0.42607
1.2751
1.2209
0.10943
0.20828
0.71032
0.12868
0.37164
0.2205
0.4308
0.17679
0.126
0.33289
0.11147
0.1499
1.6708
1.2752
0.073742
0.21885
0.085007
0.063365
0.28914
1.2606
0.2093
1.431
0.2442
0.5537
0.11691
0.099705
1.2404
0.67309
0.11433
0.68851
1.1679
0.083101
0.1113
0.56776
0.47055
1.1809
0.1825
0.29464
0.098145
0.47177
0.17932
0.1593
0.36052
0.16436
1.4911
0.11816
0.42033
0.65584
0.11964
0.48143
0.10696
0.11964
0.32263
1.6943
0.92964
0.61359
0.27514
0.14271
0.15104
0.41303
0.28163
1.1179
0.40809
0.55603
0.18788
0.55035
0.1259
0.29906
0.65077
0.16383
0.12768
0.448
0.067098
0.55931
0.11973
0.14633
0.30234
0.11183
0.64101
0.2143
0.12463
0.39567
1.1822
0.21137
0.13046
0.43475
0.20277
0.28868
0.099724
0.82996
0.095263
0.21951
0.15167
0.32777
0.93222
0.77265
1.0276
0.1772
0.75206
0.08384
0.13666
0.21352
0.18605
0.35464
0.42485
0.18238
0.37369
0.60342
0.2359
0.23199
0.14157
0.31013
0.56597
0.44145
0.32542
0.13903
0.90203
0.12645
0.39959
0.54935
0.092536
0.090138
0.1276
1.0823
0.44632
0.070098
0.18837
0.16801
0.42707
0.07405
0.93194
0.20346
0.28773
0.74927
1.1848
0.11272
0.76195
0.48713
0.17885
0.2033
0.29516
0.76126
0.38231
1.2172
0.7955
0.27978
0.12763
0.13762
0.19358
0.15162
0.1859
0.13334
0.70358
1.1109
0.12035
0.18112
0.47566
0.33163
0.079355
0.22371
0.092093
1.207
0.25318
0.61687
0.13797
0.33412
0.26608
0.079548
0.21579
0.1467
1.0405
0.22314
0.38713
1.2899
0.46176
0.50254
0.32715
0.14031
0.29983
0.50444
0.73341
0.16235
0.10966
0.413
0.19003
0.10319
0.7175
0.29182
0.14684
0.71642
0.24065
0.25778
0.23208
0.39129
0.99682
0.098906
0.46766
0.87647
0.12362
1.0868
0.24059
0.79073
0.11023
0.18899
0.10209
0.32295
0.133
0.50473
0.33202
0.35389
0.89665
0.26881
1.4272
0.17645
0.2629
0.71434
1.1031
0.50504
0.25373
0.11245
0.16383
0.70018
0.15388
1.0779
0.2218
0.076841
0.11825
0.61449
0.29079
0.45587
0.081445
0.98139
0.44623
0.72452
0.10969
0.18229
0.37998
0.20404
0.48746
0.15373
0.15281
0.69435
0.46731
1.0753
0.44811
0.83476
0.13023
0.23859
0.2349
1.014
0.22251
1.2649
0.29342
0.18773
0.21778
0.76829
0.16563
1.0227
0.18631
0.51961
0.24066
0.11247
0.43285
1.1052
1.0606
0.14311
0.12612
0.4357
0.14849
0.34973
0.91633
0.093054
0.54562
0.98774
0.074182
0.10394
1.091
0.18409
0.16351
1.2012
1.1418
0.087524
0.16369
1.1857
0.7507
1.0104
0.47521
0.16205
0.12944
0.21501
0.094536
0.94544
0.47759
0.11881
0.12125
0.25925
0.21952
0.13502
0.43377
1.2139
0.95405
0.75196
0.13565
1.2164
0.48652
1.1509
0.49315
0.11298
0.11846
0.19159
0.72799
0.17066
0.21386
1.1339
0.085341
0.067492
0.079051
0.079942
0.30531
0.17698
0.72659
0.1686
0.49765
0.35325
0.14538
1.0507
0.15676
0.3893
0.060913
0.13988
0.44533
0.59116
0.21772
0.16439
0.1814
0.1118
0.25045
0.2572
0.57414
0.11809
0.13295
0.089855
0.22474
0.62036
1.2051
0.22974
0.17388
0.40549
0.19032
0.19107
0.56991
0.1289
0.089609
0.15878
0.35722
0.61272
0.38386
0.30582
0.1462
0.05716
0.1434
0.29626
1.1825
0.36479
0.42118
0.51907
0.11367
0.73403
0.20067
0.10398
0.29203
0.90988
0.080024
0.40856
0.52282
0.86912
1.1272
0.07543
0.10036
0.57398
1.187
0.78977
0.4424
0.59754
0.59524
0.10105
0.27734
0.20458
0.57264
0.2029
0.51042
0.086239
0.29337
0.16338
0.09136
0.27143
0.11299
0.35982
0.13535
0.18147
0.45811
0.81258
0.10963
0.095783
0.93104
0.1511
0.21492
0.16785
0.11879
0.20944
0.35893
1.3216
0.32489
0.17099
0.10944
0.46776
0.77684
0.14532
0.12726
0.14825
1.4477
0.20926
0.18688
0.079697
0.070192
0.14657
1.1177
0.085526
0.30152
0.064778
0.4467
0.28077
0.20375
1.4742
0.48426
0.15462
0.18791
0.46639
0.069302
0.93955
0.18095
0.24567
0.99087
0.43183
0.15627
0.13086
1.2458
1.399
0.71833
0.18547
0.069771
0.1723
0.071233
0.18748
0.46231
0.47359
0.33535
0.10846
0.08885
0.695
0.16725
0.17608
0.11576
0.37124
0.21175
0.32696
0.062218
1.013
1.0329
0.39536
0.13272
0.1592
1.0686
0.11172
0.75835
0.38588
0.84593
0.11584
0.24397
0.29538
0.58613
0.075719
0.097461
0.12755
0.51894
0.12877
0.088351
0.11871
0.19894
0.058459
0.2596
0.076934
0.089387
0.11986
0.32965
1.1211
0.33517
0.48546
0.3006
0.25763
0.43417
0.096579
1.0641
0.093109
0.13556
0.46584
0.97251
0.33062
0.26515
1.1364
0.18881
0.056532
0.7193
0.40178
0.71773
0.35268
0.37833
0.20462
0.94451
0.36535
0.12371
0.060659
0.21474
1.2019
0.14364
0.2099
0.15256
0.23963
0.38397
0.49054
0.091126
0.79875
0.9322
0.69468
0.13222
0.5841
0.48964
0.37749
0.64387
0.2458
1.2621
0.07631
0.30268
0.20713
0.11365
1.157
0.18712
0.63922
0.33953
0.14
0.89323
0.41342
1.1309
1.0703
1.4651
0.75917
0.60923
0.17526
0.61359
0.75588
0.09067
0.27988
0.14235
0.11268
0.28142
0.85399
0.35828
0.15431
0.11184
0.15696
0.14094
0.11218
0.84071
0.52801
0.68698
0.46208
0.2353
0.12016
0.080118
0.84729
0.21029
0.35726
0.10686
0.19778
0.63925
0.59106
0.092973
0.18163
0.43999
0.26151
1.4023
1.3828
0.094715
0.066684
0.32324
0.11648
0.97863
0.49707
0.10305
0.18854
0.51428
0.071783
0.17843
0.91293
0.46413
0.92209
0.078308
0.45006
0.44443
0.27845
0.62032
0.40968
0.88601
0.51222
0.78246
0.15157
0.20169
0.13731
0.44258
0.071276
1.0371
0.24171
0.25115
0.94907
1.0439
0.68878
0.22356
0.31891
0.58894
0.17232
0.83976
0.28135
0.20484
0.21809
0.09902
0.64425
0.33152
0.56703
0.90844
0.11785
0.19204
0.23177
0.59193
0.42717
0.83623
1.4266
0.73509
0.50078
1.1297
0.20257
1.3168
0.50326
0.5072
1.3399
0.083623
0.47117
0.72038
0.13233
0.59396
0.67432
0.22777
0.11188
1.1923
0.90541
0.35129
0.32294
0.13945
0.12667
0.19571
0.39555
1.1238
0.45602
0.11147
0.19717
0.57425
0.80807
0.083186
0.16739
1.0537
0.1469
0.16914
0.12515
1.1714
0.89068
0.8101
0.15963
0.1318
0.15103
0.12569
0.21203
0.21599
0.43041
0.25927
0.55961
1.2504
0.5536
0.20926
1.1668
0.091947
0.22732
0.17498
0.57184
0.62742
0.24907
0.68612
0.23055
0.19813
1.2336
1.0689
0.18192
0.090692
0.4652
0.24556
0.29146
0.095161
0.10739
0.82795
0.27443
0.087946
0.12137
0.23192
0.17319
0.10419
0.22564
0.96569
0.11372
1.2372
1.056
0.86898
0.1285
0.19922
0.15412
1.0315
1.1268
0.25065
0.12459
0.50049
0.34561
0.42386
0.48367
0.69636
0.49339
0.12545
0.55913
0.90421
0.60263
0.74567
0.10982
0.23768
0.16442
0.088652
0.077314
0.16368
0.36913
1.0135
0.27383
0.64225
0.22067
0.37032
0.078854
0.20237
0.26395
0.73255
1.1154
0.1744
0.11973
0.091785
0.26428
0.60277
1.1571
0.072118
0.19094
0.20549
0.38747
0.48906
0.11529
0.96773
0.38505
1.1413
0.22624
0.64155
0.49733
0.16894
0.12148
0.070934
0.26125
0.6979
0.10475
0.15741
0.81835
0.19802
0.16824
0.59584
0.65654
0.64427
0.08542
0.85156
0.78709
0.42742
0.11383
0.21715
0.16469
0.12601
0.22335
0.51228
0.36556
0.092448
0.38776
0.27429
0.28162
0.10945
0.66015
0.2125
0.21557
0.2357
0.098123
0.14176
0.50169
0.17313
0.072922
0.23905
0.65385
0.85069
0.71607
0.13478
0.30423
0.15747
0.12703
0.88753
0.5464
0.67989
0.14414
0.43173
0.17913
0.31165
0.17432
0.19454
0.67842
0.24459
0.089903
0.73073
0.41076
0.47886
0.73238
0.10444
0.1222
0.097903
0.19012
0.18147
0.75486
0.090744
0.81396
0.11167
0.093504
0.69322
0.57971
1.0773
1.2673
0.37383
0.96602
0.27814
0.13551
0.96864
0.5312
0.341
0.67704
0.19023
0.091755
0.27269
1.7141
0.42499
0.40993
0.097172
0.099265
0.49229
0.16323
0.45309
1.5907
0.4373
0.74583
0.77611
0.13369
0.082134
1.1468
0.28435
0.19583
0.09049
1.077
0.42167
0.096055
0.3057
0.74416
0.12857
0.1135
0.53552
1.5532
0.39709
0.13406
0.084788
0.10861
1.2168
0.213
0.95678
0.51448
0.87156
0.40886
0.37179
0.50145
1.067
0.20038
0.1605
0.28565
0.19226
0.42655
1.1932
0.094217
1.1189
0.090027
0.12537
0.21104
1.0977
0.14958
1.1419
1.1697
0.07161
0.42018
0.33971
0.38374
0.11379
0.092395
0.061537
1.4435
0.10255
0.89994
0.16627
0.7935
0.6568
0.75922
0.32861
0.28515
0.78478
0.066986
0.82431
1.0698
0.10797
1.0129
0.21703
0.32919
0.096833
0.63971
0.285
0.27347
0.33945
1.2147
0.24482
0.99157
0.075202
1.213
0.24699
0.13371
0.13557
0.21985
0.80458
0.22341
0.42925
0.09566
0.088064
0.41107
0.2023
0.12344
0.13253
0.1411
0.4512
0.7339
0.86627
0.85554
0.84459
0.086686
0.92208
0.31307
0.14627
0.30196
0.07507
0.15193
0.090508
0.088268
0.20237
0.67833
0.80557
0.22406
0.13559
1.1308
0.093373
0.13707
0.29975
0.24369
0.22727
0.21134
0.14713
0.27746
0.19609
0.095727
0.067962
0.086263
0.31269
0.12288
0.69575
0.4144
0.18279
0.091683
0.19659
0.12413
1.1462
1.0707
0.71373
0.36979
0.15355
0.45172
0.13662
0.57297
0.12638
0.16335
0.17041
0.25885
0.15252
0.15006
0.077171
0.17381
0.50832
0.56145
0.13213
0.25942
0.084761
0.12879
0.086612
0.16876
0.33585
0.19206
0.61446
0.16348
1.1676
0.13792
0.25521
0.14989
0.86717
1.0171
0.27312
0.56784
0.082657
0.81605
1.104
0.28467
0.32114
0.23077
0.086723
0.49443
0.13504
0.09252
0.25272
1.3698
1.0367
0.10831
0.41003
0.31241
0.82355
0.61327
0.40656
0.46383
0.086387
0.084998
0.39281
0.40078
0.33382
0.090584
0.12922
0.20476
0.16872
0.10964
0.37461
0.11057
1.1615
0.18428
0.78193
0.66635
1.0648
0.13914
0.50271
0.40354
0.3208
0.19846
1.1043
0.46422
0.3554
0.19874
0.13735
0.38411
0.12827
0.056074
0.10778
0.8575
1.4481
0.17717
0.69966
0.4296
0.42976
0.12191
0.081519
0.77045
0.80779
0.56238
0.73881
0.14004
0.70159
0.12269
0.18196
0.12685
0.33446
1.2763
1.1382
0.30254
0.90724
0.099097
1.2383
0.14735
0.11368
0.30094
0.28574
0.76822
0.11045
0.27202
0.15507
0.80901
0.8033
0.71816
0.42904
0.79574
0.089765
0.12061
0.17183
0.82772
1.0844
0.52573
0.084136
0.69008
0.114
0.71929
0.67477
0.85581
1.4032
0.19425
0.25051
0.30988
0.37269
0.4785
0.41239
0.28499
1.4332
1.2487
0.3935
1.0464
0.14416
0.25504
0.59979
0.1202
0.24929
0.1973
0.11092
0.21078
0.074098
0.40527
0.32907
0.41277
0.54094
0.12383
1.1423
0.10357
0.4069
0.19877
0.60224
0.10483
1.1693
0.37499
0.99516
1.2329
0.13377
0.18189
0.27614
0.2528
0.45102
1.2559
0.12454
0.073067
1.1708
0.30388
0.079993
0.14688
0.2973
0.10598
0.30741
0.57029
0.16276
0.72507
1.1775
0.1442
0.38201
0.33773
0.46084
0.2454
0.20167
0.42141
0.24447
0.096004
0.091746
1.1273
0.81888
0.74208
0.19631
0.40145
0.90641
0.20407
0.76967
0.20465
0.73875
1.0078
0.14846
0.17176
0.2302
1.1243
1.2793
0.1369
0.69243
0.15565
1.2191
0.15324
0.24247
0.19702
0.17413
0.15431
0.10488
0.10104
0.10655
0.35742
0.19026
0.393
0.85358
0.12534
1.3124
0.28308
1.1939
0.14725
0.68146
1.0394
0.19416
1.1892
0.52875
0.39685
0.099814
0.23655
0.27569
0.14216
0.15798
0.25804
1.2239
1.1268
1.2681
0.11906
0.22509
0.08777
0.43734
0.14858
0.93529
0.09669
0.4207
0.19883
0.15448
0.61239
1.3078
0.40214
0.18238
0.084134
0.28356
0.53926
0.10093
0.411
0.15651
0.66732
0.92681
0.24683
1.0441
0.11793
0.24822
0.4243
1.0239
0.27424
1.2961
0.11278
0.66735
0.34141
0.17201
0.66821
1.1642
0.080074
0.15306
0.068676
0.092225
0.72795
0.68977
0.54207
0.77906
0.84808
0.50866
0.29664
0.21464
0.10418
0.097819
1.7125
0.36391
0.9705
0.72362
0.61415
0.50164
0.39109
0.29236
0.25893
0.16287
0.65582
0.1444
0.3124
0.09457
0.10269
0.68523
0.092434
0.1487
0.56269
1.4618
0.64198
0.098484
0.10121
0.14775
1.1021
0.22054
0.18894
0.1071
0.14719
0.32965
1.1233
1.1551
0.65555
0.23622
1.0795
1.1766
0.349
0.20643
0.11756
0.11949
0.16288
0.5184
0.45144
0.20102
0.21974
1.0091
0.10463
0.34514
0.48453
1.0877
0.32437
0.091975
1.036
0.13153
1.1039
0.091531
0.091658
0.29949
0.10292
0.31501
0.075165
0.12063
1.17
0.084328
0.69313
0.38859
0.1042
0.22334
0.18944
0.18745
0.20706
0.11436
0.38657
0.21238
0.12012
0.76661
0.27411
0.19544
0.22301
0.57485
0.20216
0.19002
0.10541
0.50276
0.95909
0.13116
1.0844
0.58064
0.1696
0.31426
0.32144
0.36641
0.13075
0.46322
1.2324
0.23834
0.20095
0.1209
0.93856
0.10634
0.92787
0.64459
1.0081
0.80159
0.49471
0.45847
0.66244
0.85238
1.0896
0.90167
0.37678
0.12692
0.5482
0.35664
0.16413
0.25669
0.41611
0.31835
0.5217
0.34768
0.094968
0.2559
0.1507
0.12209
0.40799
0.11794
0.61247
0.19077
0.18579
1.1237
0.31321
0.13634
0.29112
0.68578
0.89478
1.1816
1.1894
0.79934
0.56889
0.078562
0.1215
0.15824
1.2257
0.17736
1.1059
0.19735
0.37676
0.35963
0.10175
0.061583
0.30325
0.089534
0.50663
0.5991
0.17094
0.72517
0.59928
0.21506
0.12827
0.25299
0.66858
0.092304
0.5268
0.066905
0.62164
0.16325
0.13048
0.6781
0.29564
0.86605
0.3632
1.2172
0.64951
0.2088
0.11244
0.10894
0.75574
0.085866
0.53975
0.16268
0.91974
0.52253
0.30847
0.47915
0.088021
0.59189
0.20722
0.13004
0.85019
0.48396
0.18364
0.55343
0.22377
0.18234
0.16937
1.1716
0.17451
0.13984
0.22596
1.3331
1.1409
0.50961
0.38088
1.2362
0.10546
0.354
1.2251
1.0773
0.38682
0.1371
0.098887
0.88487
0.36801
0.78335
0.13948
0.239
0.24098
0.77211
0.41184
0.1128
0.13581
0.13887
0.19086
0.17446
0.10778
0.63422
0.27163
0.83156
0.21411
0.15192
0.51486
1.1467
0.21139
0.45377
1.0123
0.24383
0.25677
0.36077
0.085673
0.32312
0.39515
0.20784
0.093392
0.98079
0.45944
0.82758
0.083626
0.3908
0.24368
0.18689
0.086887
0.1451
1.2494
0.14941
0.1129
0.30759
0.4219
0.99402
0.46818
0.13244
0.18001
0.78259
0.0842
0.076287
0.53351
0.36363
0.37517
0.18576
0.38858
0.48893
0.23667
0.68993
0.33266
0.13356
0.11322
0.19501
0.32246
0.35107
1.2607
0.1711
0.13597
0.50072
0.33842
0.4805
0.086747
0.20687
0.66597
1.1011
0.10532
0.085963
0.16617
0.28581
0.19465
0.36979
0.46617
0.31842
0.5114
0.17038
0.20526
0.17102
0.45839
0.95181
1.3596
0.079485
0.31588
0.81903
0.081958
0.90954
0.18352
0.26024
0.76936
0.24533
0.13772
0.28814
0.1466
0.82725
0.69812
0.42865
0.18656
0.44542
0.20837
0.27283
0.1412
0.18549
0.15902
0.11743
0.17128
1.5546
0.155
0.31324
0.36287
0.085601
0.91674
0.089733
0.099103
0.27792
0.53942
0.27568
0.39312
0.44761
0.087992
0.11093
0.87846
0.24861
0.76046
0.79972
0.073553
0.27384
0.28307
0.13884
1.2159
0.20036
0.15824
0.078161
0.40167
0.67498
0.068254
1.3625
0.48841
0.1801
0.11274
0.28924
0.15228
0.9414
0.84741
0.072792
0.37614
0.43696
0.14981
0.33206
0.52428
1.1329
0.26855
0.38884
0.11681
0.16356
0.8327
0.30905
0.23211
0.15225
0.22713
0.20713
0.37932
0.10896
0.94476
0.18814
0.86877
0.19267
0.66022
1.1618
0.54463
0.3237
0.072982
0.10405
0.10001
0.093242
0.084038
0.31729
1.1936
0.17722
0.18147
0.10463
0.10758
0.28583
0.15559
0.42896
0.51456
0.34201
0.28922
0.19202
0.16776
0.10154
0.24983
0.8988
1.1666
0.076309
0.89702
0.16367
0.19241
0.94998
0.23062
0.13703
0.10273
0.14259
0.089966
0.21658
0.87726
0.13904
0.10946
0.71567
0.087992
0.26625
0.33221
0.45027
0.20853
0.48694
0.087513
0.29477
0.34889
0.83703
0.33189
1.1909
0.17264
0.10281
0.701
0.33083
0.082031
0.32982
0.13455
0.65868
0.10624
0.095449
0.12309
0.38066
0.11251
0.53731
0.11405
0.45418
0.10339
0.17552
0.20842
0.41949
0.36496
1.1177
0.81192
1.1639
0.59829
0.6684
0.15058
0.2943
0.33903
0.14558
0.43666
0.6454
0.17711
1.1309
0.2242
0.21103
0.79068
0.85611
0.21952
0.067358
0.097434
1.1668
0.38621
1.6394
0.37332
0.21642
0.83281
0.44661
0.39679
0.15264
0.069536
0.1718
0.13951
0.32382
0.28169
0.41901
0.4018
0.17916
0.080233
0.43943
0.71716
0.1381
0.17129
0.095832
0.41973
1.153
0.47657
0.29337
0.26403
0.066153
0.40167
0.1821
0.21854
0.39649
0.67905
1.0935
0.3296
0.41832
0.075485
0.36021
0.41453
0.96306
0.086069
0.12028
0.12932
1.1042
0.15265
1.2396
0.1446
0.26014
0.69363
0.36784
0.4459
0.5462
0.31178
1.229
0.18238
1.1657
0.57511
0.57226
0.35982
0.081311
0.44165
0.086233
0.16272
0.18198
0.16762
0.24499
0.3369
0.11894
0.09696
0.069636
0.15847
0.080735
0.084051
0.63896
0.3481
0.41439
0.37332
0.61054
0.30987
1.0689
0.081607
0.82138
0.1552
1.347
1.1152
0.74692
0.76787
1.1921
0.07973
0.14612
1.3982
0.62213
0.66368
0.50747
0.60113
0.2062
0.27027
0.31465
0.33686
0.3925
0.36785
0.31327
0.057645
0.38648
0.44811
0.54998
0.92506
0.067471
1.4345
0.11644
0.81582
0.13665
1.0804
0.14317
0.24621
0.15628
0.43131
0.16004
0.23461
0.56085
0.32877
0.15958
1.1922
0.22786
0.28439
0.88474
1.1576
1.2027
0.238
0.20365
0.6691
1.4185
0.12774
0.30805
0.15955
1.057
0.37459
0.57452
0.10966
0.50267
0.21239
1.0955
0.10767
0.56192
0.16336
0.85363
1.2826
1.1724
0.38947
0.33328
0.34728
0.63427
0.27571
0.35708
0.23622
0.80316
0.33423
0.58911
0.087347
0.17377
0.41512
0.078898
0.3584
0.46871
0.096937
0.35917
0.084811
0.23172
0.078723
0.13238
0.84642
0.75759
1.1283
0.76016
0.21841
0.13067
0.26118
0.49297
1.1896
0.56299
0.23032
0.80723
0.21642
0.17802
0.14555
0.082599
0.22104
1.0605
0.11727
0.21589
0.11003
0.10835
0.72697
0.15768
0.21686
0.32286
0.15063
0.092223
0.096551
0.17949
0.32188
0.15645
0.1136
0.80859
0.088434
0.14677
0.28775
0.77297
0.10964
0.07911
0.16906
0.14463
0.34537
0.90005
0.20769
0.85197
0.19383
0.08375
0.11056
0.15464
0.36765
0.29349
0.13522
0.089498
0.8049
0.25134
0.33909
0.15758
0.6085
0.4235
0.48231
0.75121
0.26903
0.71698
0.076224
0.14911
0.10901
0.29931
0.12244
0.074807
0.085684
0.063116
1.0425
1.0894
0.52025
0.61171
0.24951
0.21187
0.17222
1.1208
0.12252
0.38857
0.0857
1.1861
0.72097
0.10659
0.51497
0.56798
0.37003
1.0731
0.21739
0.11514
0.83592
0.52304
0.29349
0.76086
0.58044
0.16706
0.13109
0.15095
0.15902
0.12983
0.14649
0.19558
0.095752
0.3095
0.28781
0.17906
1.0191
0.094726
0.69416
0.077928
0.52322
0.25668
0.10306
0.45126
0.60175
0.16964
0.39782
0.10482
0.73022
0.48832
0.25577
0.19606
0.17481
0.63941
0.1001
0.4148
0.44668
0.10642
0.091397
0.20404
0.83422
0.13437
1.0126
0.63529
0.14519
0.19974
0.12147
0.72961
0.91529
0.16786
0.27569
0.56099
1.1365
1.1322
0.39907
0.21322
0.15512
0.14222
0.69131
0.17032
0.59993
0.86916
0.70955
0.53881
0.60174
0.69597
0.1478
0.22774
1.2894
0.098647
0.78851
1.158
0.10466
0.8678
0.19513
0.44114
0.84535
0.20347
0.39383
0.2775
0.080052
0.17813
0.11098
0.10633
0.17342
0.52088
1.3127
0.89561
0.57685
0.20681
0.69004
0.081169
0.12169
0.2443
0.57504
0.27918
0.90104
0.24402
0.67763
0.17337
0.56062
0.14457
0.18182
0.12897
0.24212
0.13298
0.29142
0.95664
0.16919
0.41407
0.248
0.251
0.08517
0.11624
0.13169
0.77654
0.69799
0.21687
0.20592
1.1599
0.87919
0.12461
0.64763
1.1371
0.30248
0.51521
0.90859
0.12204
1.1325
0.46479
0.85321
1.337
0.26964
0.16144
0.2429
0.51571
0.10813
0.39486
0.22259
0.22559
0.064203
0.32662
0.13472
1.1698
1.2219
1.016
0.42179
0.85788
0.41257
0.23312
1.1784
0.29002
0.10717
1.2161
0.54969
0.32518
1.5377
0.27988
0.59802
0.24349
0.085486
0.31938
0.54494
1.1172
0.42389
0.076787
0.21855
0.23614
0.12426
0.15052
0.87948
0.61854
0.37647
0.11912
0.35791
0.21745
0.10432
0.69822
0.20325
0.13226
0.087374
0.75276
0.097812
1.2216
0.1102
0.1757
1.0679
0.65281
0.73293
1.1095
1.1487
0.071577
0.34333
0.07378
0.11499
0.25833
0.53446
0.30663
1.0424
0.91109
0.15207
0.17883
1.2146
0.69827
0.15384
0.099821
0.95979
0.12117
0.35759
0.34493
0.91779
0.66684
0.36093
0.074291
0.49835
0.19869
0.2984
0.58475
1.4484
0.25341
0.11718
0.73848
0.074338
0.28979
0.10254
0.39492
0.31576
1.083
0.60098
0.3872
0.090648
0.076859
0.27652
0.36672
0.076099
0.20974
0.29053
0.1233
0.99377
0.33959
0.39474
0.57458
0.25508
0.2063
0.11778
0.69499
0.80708
0.2301
0.11393
0.040532
0.32399
0.28495
0.12999
0.191
0.25252
0.46105
0.60588
0.1408
0.60223
0.63477
0.18689
1.2649
0.36554
0.75515
0.11097
0.18284
1.1905
0.085205
0.22002
0.79045
0.060049
0.92965
0.58783
0.69028
0.6681
0.32487
0.23887
0.28111
0.12244
0.070805
0.46799
0.52095
0.22384
0.50718
0.37862
0.24525
0.070658
0.13863
0.84299
0.19054
0.57978
0.1266
0.069002
1.0854
1.3378
0.18645
0.23119
0.13838
0.65281
0.23334
0.22471
0.25869
0.10518
0.084175
0.1676
0.074576
0.4422
0.074332
0.21351
0.25259
0.22188
0.54531
0.081454
0.089762
1.4191
0.088855
1.2975
0.10474
0.16366
1.1263
0.2324
0.10755
0.46041
0.10552
0.1571
0.58733
0.15534
0.15875
0.19038
1.3812
0.84424
0.74415
0.35416
0.11339
0.091131
1.2377
0.28158
0.21686
0.138
0.065267
0.14365
0.36565
0.85267
0.53397
0.14559
0.21933
0.49515
0.34975
0.24679
0.41427
0.30001
0.11728
0.7947
1.3108
0.67719
0.097302
0.24237
0.15051
0.20333
0.13679
0.35128
0.10452
0.19288
0.14261
0.10792
0.29626
1.1622
1.2505
0.088402
0.42901
0.091825
1.0313
1.4892
0.2193
0.13399
0.075757
0.075619
0.76953
0.081928
0.1375
1.2221
0.094545
1.281
0.075618
1.1983
0.42706
0.25654
0.10189
0.27869
0.50722
1.4061
0.96098
0.53096
0.52851
0.22886
0.83387
0.083171
0.31308
0.1502
0.25485
0.96804
0.5802
0.6746
0.079885
1.1537
1.1826
0.51135
1.0952
0.62279
0.24826
0.30055
0.083887
0.26666
0.17912
0.12573
0.17395
0.097544
0.26756
0.09937
0.27733
0.13879
0.94296
1.1355
0.08115
0.12922
0.089544
0.14832
0.29145
0.11724
0.30724
1.1484
0.58713
0.50914
0.084418
0.12594
0.080956
0.14563
0.9106
1.0327
0.53683
0.1454
0.20012
0.74432
0.20726
0.36004
0.09206
0.40633
0.26605
0.21879
0.18611
0.50733
0.23129
0.30987
0.069111
0.21421
0.36154
0.20982
0.27048
0.18679
0.13788
0.2904
0.22674
0.10135
1.0818
0.4734
0.29087
1.1032
1.0289
0.058347
0.23628
0.1939
0.42858
0.085731
1.2776
0.27443
0.43185
0.22785
0.12374
0.067858
0.39727
0.7432
0.75618
0.33195
0.15613
0.11093
1.1149
0.23449
0.3798
0.090832
0.93553
0.087516
0.95264
0.91472
0.31207
0.15992
0.23237
0.82499
0.31285
0.3686
1.012
0.15282
0.62251
0.15867
0.34577
0.11693
0.2672
0.34516
0.29544
0.17482
1.1473
0.723
0.12353
0.11938
0.10717
1.2335
1.3042
0.6811
0.4098
0.14287
0.23567
0.23403
0.10398
0.59005
0.85541
0.093231
0.36653
0.61403
0.086162
0.40882
1.1487
0.63041
0.071297
0.23003
0.64828
1.0812
1.0003
1.2066
0.26017
0.18569
0.32327
1.5126
0.083192
1.0232
0.086377
0.85181
0.33498
0.51603
0.33664
0.23706
0.93234
0.13288
0.098645
0.76669
0.30145
1.2783
0.38049
0.61094
0.19553
0.6601
0.25253
0.11357
0.75437
0.12528
0.097085
0.082697
0.13329
0.36561
0.41108
0.41043
1.6736
0.10958
0.12875
0.22588
0.20529
0.31332
0.1337
0.18279
0.10079
0.077605
0.11923
0.39169
0.57182
0.13168
0.6779
0.092551
0.21346
0.12673
0.96001
0.10412
0.069469
1.2348
0.23459
0.072366
0.11669
0.14104
0.081303
0.89588
0.65444
0.13392
1.0257
0.12436
1.2002
0.3583
0.60667
0.6294
0.19793
0.17655
0.32317
0.12207
1.101
0.11466
0.12014
1.1874
0.14692
1.5701
0.55719
0.96247
1.059
0.5053
0.70498
0.093835
1.0312
0.44471
0.14509
0.12892
0.36453
0.36327
0.45157
0.18401
0.86821
0.73495
0.5332
0.55446
0.23754
0.1147
0.17723
1.2789
0.7976
0.74153
0.18548
0.12707
0.072762
0.34851
0.57933
0.54753
0.20765
0.82621
0.73902
0.26065
0.506
0.40992
0.13542
0.82014
0.095636
0.44264
0.1044
0.14852
0.1571
1.0521
0.1859
0.10431
0.12979
0.13655
0.96776
1.1264
0.86504
0.31043
0.23019
0.11028
0.24783
1.2479
1.7121
0.5151
1.112
0.26367
0.61828
0.13632
1.442
0.28
1.0564
0.81988
0.12649
0.48531
0.059672
0.3863
0.2643
0.68922
1.0389
0.26039
0.15026
0.26146
0.29715
0.86752
0.17719
0.43673
0.68695
0.4185
0.10905
0.39256
0.11677
0.62969
0.27664
0.12529
0.8272
0.3801
0.15332
0.17848
0.55795
0.13206
0.37558
0.26599
0.13903
0.27467
0.75046
0.26582
0.78028
0.86634
0.12062
1.3353
1.3261
1.0836
0.080917
0.088905
0.076764
0.09551
0.20614
0.097392
0.64409
0.23911
0.094009
0.18707
0.077333
1.1822
0.15365
0.84175
1.234
0.1507
0.42408
0.13788
0.43893
1.0458
0.64874
0.60808
1.2144
0.10378
0.20646
1.0784
0.2022
0.62892
0.99435
0.36589
0.68504
0.15166
0.91425
0.095112
0.38086
0.14026
0.24752
1.009
1.0766
0.15064
0.95244
0.21389
0.51931
0.11427
0.51573
0.080541
0.41093
0.71851
0.25258
0.39329
0.93237
0.099751
0.54849
1.0692
0.11082
0.87788
0.13873
0.43739
0.10355
1.0419
0.20394
0.74685
0.88761
0.66264
0.13234
0.24448
0.15702
0.21743
0.095402
0.11178
0.51548
1.2282
0.11998
0.39704
0.21484
0.36297
0.24672
0.89251
0.18806
0.71439
1.568
0.70338
1.3769
0.10067
1.083
0.42995
0.34948
0.088567
0.14202
0.16926
0.57219
0.25705
0.36429
0.15808
0.37462
1.0911
0.34638
0.61442
0.069874
0.15943
0.076628
0.6132
0.66129
0.20527
0.43691
0.18528
0.43235
0.2679
0.087423
0.31531
0.1088
0.1547
0.10847
0.25745
0.17333
1.0637
1.1324
0.10996
0.28136
0.21948
0.15588
0.33813
0.96865
0.49913
0.24278
0.15951
0.12376
1.0835
0.77177
0.169
0.51079
0.79573
0.43828
0.75951
0.26838
0.1324
0.42925
0.28196
0.10426
0.097455
0.13145
0.58652
1.0147
0.94683
0.14382
0.16709
0.62012
0.15246
0.76395
0.4441
0.63742
0.35916
0.44718
1.2021
1.1163
0.15008
0.54219
0.53626
0.072547
0.19394
0.087651
0.10911
0.50318
0.078702
0.23356
1.1812
0.48203
0.092707
0.92987
0.077595
0.10368
0.21907
1.0658
0.83405
0.21645
0.61025
0.71088
0.34175
0.38379
0.4017
0.37975
0.94882
0.81407
0.11468
0.14076
0.61123
0.30742
0.6506
0.18495
0.34389
0.40824
0.13742
0.79423
0.11973
0.14351
0.095984
0.50769
0.40771
0.51891
0.48362
0.65084
0.13092
1.0119
0.45697
0.74432
1.1078
0.12413
0.16198
0.26288
0.48238
0.36451
0.57346
0.4387
0.72146
0.27941
0.94154
0.71575
0.26924
0.77823
0.55023
1.0579
0.27884
0.47222
0.083556
0.86967
0.22489
0.94598
0.17641
0.14524
0.14615
0.99691
1.1426
1.0921
0.81577
0.091246
0.66972
1.1013
0.20232
0.1299
0.13565
0.30922
0.22111
0.14359
0.69063
0.15274
0.30966
0.15167
0.064444
0.2122
0.34772
0.26263
0.30679
0.6146
0.71676
0.26964
1.3681
0.10939
0.31631
0.20983
0.67146
0.27608
0.084756
0.10711
0.3527
0.19342
1.0329
0.10504
0.89648
0.14911
0.13745
0.39199
0.23061
0.32909
0.085852
0.8794
1.1908
0.14695
0.28397
0.52978
0.12181
0.76441
0.46108
0.13874
0.33045
0.26594
0.13675
0.24916
0.24284
0.23428
0.20434
0.33353
0.10537
0.26504
1.0251
0.086702
0.53124
0.11567
0.26629
0.29735
0.89721
0.14962
1.0839
0.068438
0.41307
0.2988
0.42297
0.27216
0.39409
0.11265
0.22524
0.27701
0.1415
0.24684
0.52115
1.1905
0.081928
0.25888
0.20246
0.15102
0.59587
0.90279
0.12505
0.72348
0.41206
0.6371
0.82229
0.15743
1.2237
1.1594
0.3152
0.31443
0.078825
0.51126
0.72085
0.12016
0.18459
0.2801
0.15166
0.23802
0.96707
0.078056
0.38405
0.1472
0.13964
0.6117
0.34488
0.084373
0.58091
0.57901
1.0356
0.52947
0.12333
0.51298
0.21983
0.28399
0.22915
0.068794
0.11252
0.5117
0.37776
0.65756
0.36015
0.33229
0.13836
0.27058
0.8873
0.096338
1.044
0.21209
1.3354
0.30202
0.37607
0.19193
0.13916
0.1434
0.08097
0.094649
1.1532
0.25827
1.3744
0.85798
0.9148
0.17864
0.26974
0.59629
0.40441
0.35067
0.17837
0.42336
0.61256
0.2106
0.12615
0.14227
0.77695
0.93504
0.10373
0.35899
0.35222
0.21601
1.1581
1.3373
0.72495
0.2807
1.2083
1.3058
0.78953
0.36041
0.40809
0.13553
0.42254
0.19293
0.10841
1.4116
0.26804
0.071901
1.2209
0.10286
0.070031
0.15278
0.13031
0.20649
0.25789
0.18471
1.023
0.126
0.10747
0.13676
0.1499
0.39437
0.12107
0.11769
0.17203
0.87433
0.063365
0.37355
0.13113
0.528
1.1755
0.2442
0.5129
0.11691
0.59522
1.2404
0.086953
0.12657
0.82641
1.2739
0.70576
0.20085
0.067737
0.22192
1.1809
0.089862
0.77745
0.098145
0.37933
0.67058
0.12484
0.16643
0.79188
1.3188
0.28832
0.07943
0.65299
0.65366
0.072523
0.10696
0.06335
0.7154
1.6943
1.067
1.1126
0.87078
0.14484
0.26733
0.41303
0.14018
0.47211
0.25185
0.16759
0.15843
0.27651
0.82741
0.10845
0.18018
0.99276
0.074023
0.448
0.23911
1.2218
0.16466
0.3387
0.30234
0.16655
0.070655
0.071508
0.39958
0.16267
0.14844
0.14374
0.14783
0.23572
0.50443
1.2341
1.1488
0.20121
0.25964
0.10514
0.097762
1.1201
0.14396
0.48729
1.0276
0.834
0.60406
0.57463
0.1774
0.17916
1.0166
0.1308
0.42485
0.72816
0.083617
1.0857
0.53018
0.23199
0.085738
0.15384
1.1966
0.7321
0.24411
0.33015
1.4363
0.52953
0.67135
0.40244
0.13775
0.10101
0.1276
0.47685
0.44286
0.070098
1.4049
0.16801
0.56943
0.17291
0.93194
1.146
1.2304
0.16497
0.41464
0.11272
0.68521
0.54916
0.76685
0.24165
0.23389
0.22246
0.30795
0.45951
0.21491
1.1745
0.12763
0.12219
0.10371
0.091785
0.077787
0.13334
0.10314
0.30888
1.2444
0.4404
0.77632
0.11828
0.14191
1.2928
0.24104
1.207
0.13529
0.40362
0.078677
0.15722
0.27406
0.44427
0.12925
1.0231
0.14957
0.13484
0.71749
0.3278
1.1607
0.50254
0.12072
0.82193
0.23934
0.090424
0.094896
0.24387
0.12011
1.2611
0.17769
1.1312
0.12559
0.75841
0.21335
0.07859
0.11816
0.046005
0.41559
0.47839
0.098355
0.19329
0.12988
0.75412
0.40688
0.39788
0.99695
0.79073
0.75951
0.11576
0.12601
0.32295
0.11089
0.50473
0.11504
0.46287
0.10768
0.57807
0.95283
0.12182
0.2629
0.71434
0.37107
0.3549
1.3497
0.3557
0.63322
0.086128
0.71082
0.39412
0.078993
0.10239
0.38157
0.20794
0.13043
0.75105
0.87595
0.21949
0.68408
0.11014
0.079467
0.6458
0.37998
0.083333
0.16809
0.17924
0.096202
0.16594
0.74215
0.27655
0.19619
0.077795
0.31749
1.422
0.2349
0.26668
0.10289
0.95697
0.17456
0.30089
0.097738
0.21038
1.3129
0.63911
0.69028
0.27102
0.15716
0.83257
0.16105
0.40109
0.26444
0.33789
0.1079
0.26839
1.0269
0.15822
0.85091
0.32844
0.64486
0.19352
0.30076
1.189
1.3449
0.70843
0.07069
0.1811
1.1418
0.22913
0.58049
0.083769
0.096995
0.63403
0.34928
0.17007
0.17187
0.21501
1.1536
0.097306
0.29472
0.39305
0.14197
0.14684
0.26914
0.10135
0.10822
1.2139
1.248
0.75768
0.088285
0.99664
0.50568
0.077499
0.47304
0.069475
0.11846
0.38108
0.11257
0.13058
0.21386
0.87302
0.18969
0.4038
0.079051
0.25803
0.14863
0.17698
0.059622
0.64367
0.39913
0.50574
0.52931
0.39346
0.2648
0.3893
0.060913
0.13988
0.44533
0.59116
0.21772
0.16439
0.1814
0.1118
0.25045
0.2572
0.57414
0.11809
0.13295
0.089855
0.22474
0.62036
1.2051
0.22974
0.17388
0.40549
0.19032
0.19107
0.56991
0.1289
0.089609
0.15878
0.35722
0.61272
0.38386
0.30582
0.1462
0.05716
0.1434
0.29626
1.1825
0.36479
0.42118
0.51907
0.11367
0.73403
0.20067
0.10398
0.29203
0.90988
0.080024
0.40856
0.52282
0.86912
1.1272
0.07543
0.10036
0.57398
1.187
0.78977
0.4424
0.59754
0.59524
0.10105
0.27734
0.20458
0.57264
0.2029
0.51042
0.086239
0.29337
0.16338
0.09136
0.27143
0.41532
1.0141
0.87976
0.08284
0.11281
0.27832
0.10703
0.43384
0.11998
0.1511
0.11068
0.086704
0.14344
0.47218
0.18667
0.1476
0.26631
0.6661
0.58759
0.21117
1.1603
1.0485
0.086093
0.22936
0.13442
1.0677
0.18688
0.66391
0.54161
0.14657
0.42467
0.99583
0.38444
0.064778
1.4263
0.19846
0.20375
0.33832
0.48426
0.11679
0.74828
0.15645
0.17355
0.33132
0.10526
0.081115
0.78873
0.1256
0.15627
1.1033
0.52159
0.578
0.50303
0.33678
0.93604
0.44983
0.071233
0.3269
0.52183
0.9106
0.33535
0.84021
0.18135
0.35902
0.068164
1.6247
0.19556
0.11706
0.23769
1.0956
0.40758
1.013
1.0995
0.57794
0.62975
0.10319
1.0195
0.11172
0.21338
0.078962
0.4158
0.11584
0.73518
1.1165
0.34261
0.15013
0.2679
0.2443
0.10404
1.0583
0.11201
0.10025
0.21533
0.086789
0.43064
0.32944
0.88281
0.21148
0.2181
0.072886
0.069946
0.30149
0.094745
0.11636
0.43417
0.25854
1.029
0.13962
0.10079
0.38228
0.26348
0.18624
0.27303
0.8457
0.3101
0.19647
0.84047
0.45098
1.1869
0.31927
0.83367
1.408
0.16022
0.5711
0.094785
0.58302
0.21474
0.66479
0.75864
0.18036
0.42394
0.1026
0.3204
0.49054
0.13441
0.20006
1.0898
0.31594
0.36969
0.35789
0.26501
1.2751
0.18896
0.36349
0.15474
0.07631
0.52563
1.0839
0.86288
0.26623
0.18712
0.51676
0.33953
1.4449
0.089245
0.52978
0.098023
0.29302
0.52622
0.090913
0.19263
0.36774
0.61359
0.31431
0.68215
0.4658
0.19373
0.086857
0.12102
0.44159
0.35828
0.21685
0.26748
0.94331
0.79457
0.57775
1.0384
0.33901
0.37239
0.17423
0.13905
0.20976
0.1256
0.84729
0.1941
0.35726
0.43372
0.13092
1.1117
0.49097
0.55195
1.3193
0.12185
0.10342
1.0525
0.063167
0.19224
0.087678
0.089998
0.075574
1.2099
0.094323
0.10305
0.21492
0.081721
0.31303
0.73474
0.20211
0.3023
0.72964
0.85474
0.69413
0.2262
0.20206
0.3299
0.22471
0.88601
0.18687
0.080124
0.094632
0.14189
0.33773
0.44258
0.66061
1.0371
0.12583
0.18332
0.074934
0.064496
0.28309
0.13521
0.24964
0.15905
0.036041
1.1335
0.35199
0.10551
0.15815
0.1618
1.0782
0.20415
0.56703
0.19354
0.11955
0.24088
0.13276
0.2809
0.1394
0.27322
0.82204
0.98001
0.24096
0.22022
0.58888
0.27737
0.12814
0.26687
0.51942
0.17888
0.1892
0.56631
0.35849
0.12677
0.33865
0.76874
0.35837
0.15109
0.58711
1.138
0.08833
0.082846
0.38459
0.26193
0.093373
0.19496
0.081071
0.37766
0.32507
0.75652
0.53681
0.30529
0.62357
0.77729
0.10772
0.67469
0.079908
0.78398
0.25524
0.64391
0.38306
0.27419
0.17627
0.7988
0.16444
0.30756
0.43041
0.36853
0.29103
0.30848
0.51317
1.0185
0.32922
0.65411
0.12327
1.1994
0.67815
0.62742
0.39042
0.18402
0.15533
0.065078
0.2045
0.06077
0.38809
0.11404
0.063871
0.24556
0.41592
0.78394
1.1712
0.088081
0.27443
0.30486
0.48028
1.2281
0.076887
0.31335
1.2664
0.43109
0.11372
1.2372
0.47801
0.16016
0.2626
0.097189
0.15877
1.0315
1.0983
1.2391
0.13747
0.15546
0.48724
0.19285
1.1967
0.69636
1.1193
0.11731
1.2623
0.27135
0.14073
0.81514
0.066562
0.72291
0.40204
0.47912
0.13652
0.13975
0.22073
0.29236
0.17
0.36063
0.34264
0.78838
0.078854
0.1211
0.23343
1.0314
0.065598
1.1713
0.15734
0.066414
0.21201
1.2431
0.23433
1.3272
1.0988
0.29929
0.10447
0.090973
0.087811
0.090358
0.10865
0.21163
0.26656
0.29875
0.99104
0.29032
0.12643
0.3263
1.0452
0.6979
0.10475
0.18639
0.53538
0.20518
0.24208
0.16882
0.65654
1.2383
0.08542
0.73174
0.15534
0.10877
0.069532
0.63268
0.12491
0.25346
0.12362
0.51228
0.11652
0.17388
1.2689
0.21863
0.18002
0.10945
0.60414
1.1278
0.088709
0.078132
0.098037
0.45313
0.23933
1.0972
0.37323
0.42542
0.087937
1.227
0.2451
0.23829
0.57306
0.15747
0.44527
0.47085
0.16043
1.0585
0.07557
0.5103
0.39734
0.22658
0.17838
0.62666
1.1344
0.24459
0.13356
1.2968
0.21582
1.1713
0.11064
0.10387
0.11383
0.52729
0.62129
0.293
0.24833
0.070829
0.46112
1.2399
1.0927
0.69322
0.83864
0.15861
0.066538
0.64189
1.1332
1.1734
1.1302
0.28814
1.1928
0.923
0.11489
0.13971
0.18027
0.31908
1.1592
0.39116
0.76746
0.097172
0.099265
0.15413
0.30541
0.45309
1.5907
0.12643
1.1571
0.064461
0.1414
0.3363
0.90869
0.44373
0.34381
0.20019
0.17699
1.2709
0.80911
0.13127
0.79609
0.16115
0.12181
0.16779
0.18581
1.1573
1.1565
0.072544
1.0151
1.2168
0.056424
0.082758
0.38111
1.0914
0.25123
0.37179
0.50145
0.26384
0.33506
0.4135
0.24614
0.40035
1.1671
0.58152
0.1638
0.9484
1.0572
1.6654
0.84927
0.44763
1.0739
1.0264
1.0642
0.27995
0.14754
0.59059
0.19884
0.90198
0.087729
0.061537
1.4435
0.072742
0.49198
0.16627
0.3878
0.6259
0.75922
0.3995
0.28515
0.16848
0.43217
0.32819
0.78571
0.63658
0.81824
0.50366
0.15019
1.0423
1.0212
0.10144
1.1354
0.33945
0.064196
0.57579
0.48064
0.096437
0.39251
0.15889
0.14902
0.833
1.0106
1.1068
0.15461
0.33896
0.44488
0.17068
1.2104
0.20623
1.1517
0.22518
0.24287
0.20867
0.72294
0.094856
0.8584
0.13824
1.2397
0.19802
0.087927
0.56268
0.92595
0.44292
0.51473
0.10434
0.48045
1.0726
0.27181
0.51795
0.088569
0.13368
0.089149
0.61407
0.067367
0.29975
0.069445
0.88699
0.44645
0.24578
0.88209
0.35384
0.22202
0.18841
0.19355
0.088717
0.41714
0.27505
0.4144
0.86582
0.64388
0.31866
0.63076
0.40378
0.16343
0.34739
0.50578
0.2367
0.61485
0.13662
0.57297
0.52105
0.59286
0.28609
0.33598
0.070712
0.18803
0.077171
0.64174
0.9318
0.12127
0.47777
1.1257
0.094358
0.33494
0.086612
0.32483
0.24629
0.075166
0.17246
0.11853
0.13578
0.31852
0.41759
0.82904
0.10647
0.17129
0.26362
0.37188
0.15602
0.16048
0.63234
0.16437
1.089
0.23345
0.92769
0.41993
0.21784
1.6832
0.33617
0.079135
0.35097
0.60533
0.11192
1.0679
0.6069
0.49927
0.33972
0.44219
0.38136
0.57309
1.0434
0.1253
0.17458
0.24624
0.24353
0.64395
0.16872
0.10964
0.71135
0.4525
0.076414
1.0906
1.2461
0.14909
1.0767
0.23471
0.50271
0.40354
0.33413
0.98075
1.1043
0.54302
0.14001
0.19874
0.18732
0.38411
0.24083
0.18306
1.0444
0.98779
1.1316
0.17717
0.17126
0.25167
1.0286
0.2007
0.37169
0.47651
0.44068
0.68865
0.11771
0.13482
0.97216
0.2591
0.16192
0.34128
0.2209
0.47165
0.63722
0.26708
0.60416
0.24518
0.3374
0.43354
0.088435
0.93007
0.84377
0.30343
0.26912
0.11932
0.13924
0.1636
0.49617
0.57582
0.080763
0.6719
0.12006
0.095276
0.84977
0.71947
0.80996
0.12494
0.18093
0.39058
0.114
0.43497
0.27372
0.22788
1.0086
0.23554
1.1361
0.18038
0.17318
0.4785
0.82066
0.077938
1.4332
0.39776
0.3935
0.20637
0.15516
0.25504
0.86539
0.16619
0.16432
1.2287
0.07803
0.59855
0.095086
0.10428
0.9721
1.0258
1.0882
0.21234
1.6113
0.10015
0.4069
0.076206
0.60224
0.077667
0.14241
0.37499
0.1151
0.12574
0.81126
0.18189
0.17191
0.21
1.2475
0.11783
0.14759
0.099305
0.09824
0.084809
0.21574
0.26356
0.9885
0.069548
0.66424
0.37637
0.11787
0.45227
0.47258
0.1442
0.11604
0.26247
0.46084
0.2454
1.2809
0.16694
0.24447
0.26371
0.13938
0.099952
0.28477
0.12812
1.163
0.52777
0.092841
1.2373
0.17372
1.0316
0.12121
1.1537
0.24622
0.16018
0.71593
0.12023
0.19416
0.65557
0.46089
0.15565
0.70224
0.12336
0.36429
0.19702
0.24634
0.48106
0.10488
0.13093
0.71736
0.35742
0.18549
0.393
0.099505
0.35279
0.10026
0.62768
0.48669
0.20117
0.37178
0.13003
0.60806
0.14271
0.21831
1.1144
0.12735
0.17202
0.56656
0.14216
0.24714
0.8041
0.11599
1.1268
0.17908
0.1662
0.087309
1.2956
0.08837
0.23932
0.20698
0.090729
0.3583
0.22518
1.019
0.31295
0.144
0.33492
0.21356
0.14417
0.1588
0.088532
0.094326
0.076711
0.28464
0.31053
0.68632
0.29577
0.62154
0.098529
0.47978
0.62078
0.1625
0.13228
0.27721
0.097783
0.12677
0.18977
0.20659
0.66821
0.37367
0.21906
0.077503
0.72627
0.069116
0.13568
0.65875
0.43818
1.2812
0.081785
0.47205
0.48531
0.3292
0.93326
0.097819
0.12438
0.11224
0.28871
0.33736
1.2371
0.20612
0.89834
0.15486
0.3219
0.14143
0.85935
0.11214
0.11921
0.62547
0.14164
0.14702
0.098072
0.18987
0.2169
0.91509
0.098777
1.2425
0.79271
0.16665
1.1021
0.13502
0.6635
0.1071
1.1272
0.35206
0.95875
0.81965
0.11926
0.6834
0.16389
0.67701
0.10826
0.87778
0.70268
1.1666
0.49845
0.63474
0.54547
0.20102
0.11183
1.229
0.28265
0.8992
0.48453
0.27475
0.059728
0.12522
0.084444
0.34975
0.14762
1.0513
0.12526
0.22321
0.12399
0.13192
0.13187
0.6496
1.1082
0.12582
0.10736
1.1018
0.21536
0.17596
0.13345
0.12737
0.29386
0.13338
0.17774
0.20028
0.27408
0.14805
0.27411
1.0663
0.18695
0.59504
0.55247
0.44312
0.10541
1.5261
0.20445
0.07519
0.15955
0.1007
0.1696
0.37264
0.097075
0.14384
1.2461
0.29756
1.2324
0.28337
0.70436
0.13844
0.12246
0.26896
0.41303
1.1334
0.88922
0.70727
0.082682
0.89338
0.77796
1.4475
1.3579
0.14803
1.1634
0.20472
0.22558
0.78155
0.12311
1.159
0.41611
0.31835
0.41264
1.1481
1.2145
1.3183
0.16864
0.36913
1.465
0.35246
1.0779
0.17643
0.82289
0.10593
0.13326
0.18587
0.34969
0.1395
0.077802
0.12413
0.14742
0.36401
0.095129
0.7704
0.82923
0.10129
0.15539
0.070806
0.98211
0.10139
1.0757
0.39491
1.3671
0.061583
0.30325
0.089534
0.19217
0.14034
1.1502
0.33244
0.098927
0.11803
0.13559
0.11448
1.02
0.1122
0.21864
0.70943
0.10165
0.26714
1.179
1.2915
0.57155
0.86605
0.25199
0.20054
0.43832
0.23698
1.2211
0.11389
0.10439
0.086579
0.13155
0.16268
0.26337
0.22202
0.99936
0.24141
0.10889
0.59189
0.40959
0.41137
0.40557
0.3841
0.2265
0.55343
0.22377
0.11026
1.1144
1.0031
0.31871
0.2567
1.1853
1.3331
1.1409
0.091134
0.23511
0.16257
0.10546
0.25274
0.088147
1.0229
0.44208
0.2881
0.36834
0.86161
1.1383
0.43759
0.07867
0.24726
0.24098
0.77211
0.3516
0.57099
0.13581
0.19848
0.11058
0.20901
1.1995
0.8626
0.10729
0.38013
0.21411
0.39969
0.35161
1.0231
0.16259
1.1862
0.089141
0.069415
0.33239
1.1775
0.29741
0.32312
0.73977
0.11649
0.78345
0.67478
0.4589
0.35835
0.24985
0.3908
0.39995
0.1969
0.086887
0.081986
0.20372
0.17336
0.067505
0.59488
0.15065
0.53601
0.19075
0.42817
0.17326
1.4727
0.34435
0.095679
0.53351
1.1272
0.37517
0.16458
0.14675
0.13632
1.2437
0.1222
0.92367
0.4764
0.838
0.14554
0.075756
0.41717
0.083746
0.073974
0.38613
1.2304
0.23827
0.14144
0.52155
0.20687
0.92978
0.15643
0.11383
0.45102
0.12967
0.39415
0.079083
0.18096
0.14729
0.12474
1.1512
0.26367
0.12642
0.058833
0.69914
1.1654
0.42805
0.61558
0.38503
0.65519
0.084161
0.87781
0.48087
0.11319
0.76936
1.1311
0.99536
0.28814
0.17574
0.23184
1.3757
0.38607
0.29393
0.96603
0.18906
0.65461
0.1412
0.19385
0.30694
0.15289
0.99109
0.065896
0.87242
0.36512
0.88723
0.33413
0.079306
0.17624
0.4324
0.87545
1.1417
0.28723
0.36845
0.24768
0.14588
0.80932
0.11688
0.16095
0.15222
0.33901
0.073553
1.1764
0.6265
0.11436
0.6253
0.31706
0.15643
0.5479
0.17846
1.1903
1.1748
0.10849
0.11456
0.14123
0.76186
0.76536
0.51437
0.11928
0.24403
1.1666
0.22598
0.35395
0.70971
0.083788
0.96496
0.079327
0.093849
0.31
0.61041
0.63944
0.078083
0.10888
0.36477
0.28826
0.63498
0.083831
0.30618
0.12025
0.62282
1.1015
0.23163
0.41673
0.076397
1.1056
0.3958
0.074133
0.11047
1.252
0.1163
0.92891
1.1144
0.36056
0.19442
0.28976
1.3256
0.11631
0.10069
0.39528
0.092944
0.86376
0.48327
1.2085
0.13289
0.47661
1.0168
0.80973
0.15941
0.13569
0.18874
0.59062
0.084552
0.16367
0.24318
0.94998
0.31151
0.13703
0.10273
1.4486
0.11762
0.21658
0.24304
0.68059
0.17711
1.2603
1.2489
0.068399
1.1218
0.45027
0.13281
0.40583
0.21257
0.65331
0.21357
0.43714
0.56791
0.38861
0.14943
0.11354
0.18262
0.083355
0.070726
0.56035
0.18479
0.15013
0.22026
0.85709
1.2491
0.24333
0.22128
0.1572
0.27767
0.21575
0.17604
0.11489
0.78035
0.8378
0.24276
0.069183
0.81192
0.11042
0.096331
0.6684
0.23097
0.18596
0.20201
0.09603
0.43666
0.11592
0.18765
1.1309
0.1774
0.15419
0.79068
0.11309
0.1297
1.3327
0.072849
0.16138
0.12445
0.098261
0.51676
0.11706
0.27792
0.10974
0.089774
0.15264
0.19474
0.39357
1.539
0.044537
0.28169
0.41901
0.20403
0.17916
0.1168
0.087552
0.22235
0.81838
0.11039
0.095832
0.3253
1.153
1.3128
0.37861
0.089449
0.11127
0.093395
1.109
0.33072
1.1991
0.24098
0.15468
0.14711
0.11463
0.51047
0.061487
0.34692
0.32997
1.0937
0.10079
0.12932
0.1308
0.14628
0.18652
0.9955
0.08186
0.65227
0.070726
1.0745
0.26798
0.064387
0.4999
0.11584
1.2077
0.28347
0.6742
1.0815
0.081311
0.2914
0.61912
0.070911
0.86009
0.14466
0.27569
0.32817
0.60371
0.17273
1.1665
0.27367
0.11339
0.22479
0.60935
0.37574
0.65142
0.068865
0.61054
0.24484
1.1568
0.24114
0.09534
0.082151
0.20181
0.48413
0.2377
0.12334
0.1151
0.12286
0.38933
0.1966
0.19364
1.2398
0.50747
1.3127
1.4853
0.55699
0.11236
0.99522
0.2959
0.23164
0.099132
0.19679
0.70441
1.2316
0.10726
0.10037
0.24205
0.38272
0.31128
0.077257
0.057858
0.19437
1.0966
0.34587
0.4195
0.8758
0.27557
0.17718
0.67815
0.19705
1.0031
0.17455
0.51847
0.6567
1.1862
0.54851
1.2027
0.41398
0.11121
0.1747
0.095682
0.12774
0.11975
0.5253
0.34357
0.13826
0.57452
0.11107
0.50267
1.0229
1.0955
0.13212
1.1492
0.81958
0.25654
0.13687
0.09536
0.81942
0.16364
0.34653
0.091208
0.37947
0.35708
0.33185
0.80316
0.85246
0.09829
0.12122
0.93888
0.56044
0.17551
0.26618
1.1899
1.0999
0.83807
0.76575
0.11406
0.72232
0.14101
0.84642
0.37037
1.1057
0.779
0.53063
0.41101
0.44808
0.15992
1.1896
0.73585
0.31549
0.69978
0.26353
0.34283
0.14555
0.76763
0.43163
0.18746
0.74972
0.43639
0.53885
0.11946
0.30156
0.28116
0.15368
0.45468
1.1022
0.32021
0.34891
0.17167
0.22241
0.093029
0.092873
0.67019
0.13452
0.50663
0.28237
0.1761
0.10964
0.22059
0.20144
0.28174
0.32162
0.24197
0.069085
0.095931
0.10524
0.16732
0.11056
0.28013
0.36765
0.29349
0.84417
0.12555
1.2649
0.25134
0.28212
0.24843
1.0556
0.30442
0.10272
0.39586
0.34271
1.3365
0.2269
1.0723
0.12282
0.082028
0.12244
0.46326
0.25191
0.23565
0.1712
0.83529
0.21469
0.864
0.17015
0.14143
0.42425
0.13558
0.22625
0.15197
0.15591
0.61999
0.32077
0.66948
1.1439
0.28819
0.37003
0.70367
1.2133
0.66552
0.91412
0.37779
0.78493
0.93726
0.41628
0.83981
0.13109
0.32045
0.15902
1.0187
0.65259
0.094446
0.40813
0.67573
0.5487
0.12232
0.53233
0.094726
0.384
0.29509
0.52322
0.94196
0.91691
0.087541
0.60175
0.94156
1.4143
0.67925
0.11739
0.28768
0.4366
0.77523
1.1522
0.41962
0.58302
0.25983
0.54474
0.52614
0.16767
0.19883
0.83422
1.1325
0.19451
0.50365
0.14507
0.19974
0.91946
0.67913
0.10492
0.35712
0.22721
0.10256
0.13776
0.52763
0.32453
0.58269
0.19832
0.98644
1.0953
0.17032
0.11019
0.60944
1.0449
0.09232
0.46885
0.45245
0.1478
0.22774
0.099488
0.12444
0.38306
0.25123
0.099187
0.74359
0.12435
0.44114
0.13678
1.1496
0.25073
0.1189
0.11418
0.13872
0.20606
0.069181
1.5227
0.36538
0.09233
1.0581
0.72115
1.0116
0.11773
0.081169
0.68649
0.2443
0.13301
0.18893
0.46055
0.24402
0.53506
1.2881
0.56062
0.11405
0.25889
0.31888
0.092095
0.78605
0.19151
0.23814
0.10591
0.11748
0.1596
0.27066
0.10322
0.11624
0.090767
0.12679
0.085332
0.1255
1.1237
1.2301
0.87919
0.37926
0.15932
0.13921
0.49575
0.17933
0.31444
0.93375
0.27507
0.073727
0.093128
0.76659
0.19482
0.093202
0.55293
0.15295
0.09336
0.21163
0.22259
0.12761
0.064203
0.32662
0.52672
1.1261
0.50554
0.48183
0.42179
1.2455
1.0281
0.23312
0.10963
0.41891
0.39493
1.0975
0.11003
0.33985
1.4582
0.33458
0.091965
0.15107
0.44835
0.55072
0.27922
0.43502
0.62711
1.1499
0.090398
0.07703
0.081215
0.3832
0.27968
0.78348
0.3353
0.11912
0.12153
0.10749
0.2392
0.69822
0.13556
0.28099
0.40052
0.55912
0.097812
0.35036
0.1102
0.1757
0.75963
0.43638
0.4641
0.42591
0.18616
0.50933
0.17907
0.17176
1.328
1.2972
1.068
0.2846
0.16934
0.57903
0.12671
0.90425
1.2146
0.45289
0.25401
0.099821
0.12341
1.1662
0.35759
0.81486
0.46952
0.66684
0.25183
0.49864
0.074535
1.6313
0.59417
0.84579
0.23503
0.4464
1.4737
0.3751
0.5416
0.1827
1.1168
0.39492
0.37609
1.083
0.14123
0.09295
1.076
0.13874
0.15592
0.76498
0.17973
1.0228
0.19766
0.10063
0.53763
0.85624
0.25655
0.58732
0.47628
0.1407
0.58887
1.103
0.19677
0.19902
0.54259
0.090315
0.85921
0.19171
0.65554
0.11
0.13502
0.89705
0.083784
0.10365
0.36073
0.072956
0.18689
0.27627
0.099476
0.75515
1.2214
0.8339
0.83068
0.14044
0.2095
0.10174
0.060049
0.19104
0.5519
0.69299
0.6681
0.32487
1.2324
0.64152
0.12244
0.30684
0.11825
0.18125
0.969
0.36904
1.3774
0.12007
1.1266
0.63456
0.84299
0.25472
0.3596
0.24057
0.19874
0.15137
0.13508
0.088505
0.35587
1.2137
0.12851
0.62498
0.28782
0.25869
0.14625
0.25908
0.092134
0.18434
0.10508
0.47039
0.29356
0.10189
1.2042
0.40283
1.19
0.089762
1.4191
0.088855
0.34742
0.71757
0.070589
0.52672
1.0767
0.93699
0.073899
0.58969
0.14819
0.24484
0.14927
0.12564
0.094405
0.079315
0.90021
0.74415
0.13311
0.20925
0.79539
0.20473
0.085442
0.21686
1.2067
0.47145
0.33284
0.75127
0.073851
0.10201
0.35651
0.13602
0.49515
0.44223
0.24679
0.41427
0.55561
0.26318
0.7947
0.17912
0.33252
0.85886
1.2518
0.15051
0.92296
0.099651
0.59546
0.60937
0.35202
0.14261
0.62893
0.16364
0.20735
0.08524
0.65066
0.10509
0.58181
0.19486
1.4892
0.58083
0.13399
0.18941
0.099645
0.083677
0.068046
0.11028
0.22922
1.5449
0.32289
0.28993
0.36961
0.12276
0.36628
0.11177
0.36924
0.3852
0.077068
0.44192
0.53096
0.19667
0.20861
0.091875
0.16987
0.07402
0.095454
0.29924
1.1119
0.20804
0.1483
1.14
0.49319
0.7738
0.12782
0.072956
0.62279
0.24826
0.50092
0.14417
0.67121
0.66724
0.12573
0.33637
0.16236
1.3409
1.0364
0.12094
1.6369
0.80093
0.40782
0.14774
0.59807
0.65353
0.12545
0.99325
1.0645
0.30724
1.1484
0.54915
0.68767
0.17773
0.23691
0.11472
1.0821
0.96748
0.85086
1.2657
0.1454
1.2637
0.068552
0.14492
0.12489
0.093019
0.41023
0.26605
0.21879
0.4899
0.11215
0.34731
0.30771
0.17156
0.16801
0.36154
0.26377
0.62131
0.58247
0.10451
0.2448
0.068282
0.086343
0.070679
0.54691
0.29087
1.3806
0.24613
1.0641
1.1861
0.1939
1.0744
1.3292
1.1499
0.16598
0.46
0.083345
0.45561
0.20433
0.39727
0.7432
1.3064
0.22938
0.13536
0.10822
0.52171
0.92254
0.059991
0.69278
1.2233
0.12051
0.070757
0.10842
0.31207
1.409
0.24434
0.70986
1.2496
0.45019
1.012
0.42931
0.12127
0.13025
0.12727
1.1955
0.2672
0.10611
1.2082
0.46896
1.1473
0.13625
0.079512
0.12496
0.44173
0.19659
0.60857
0.4245
0.84034
0.12356
0.51405
0.94548
0.3908
0.11892
0.11144
0.093231
0.18007
0.28771
0.086162
0.67168
0.1063
0.37487
1.0845
1.0656
0.64828
0.78965
0.25382
0.15373
0.17867
0.46222
1.3226
0.44911
0.14832
1.0232
0.37544
0.85181
0.33498
0.10942
0.30413
0.36638
1.0358
0.099958
0.19827
0.76669
0.74359
0.43315
0.98572
0.091601
0.08074
0.17085
0.47812
0.2341
0.079848
0.69931
0.11073
0.08592
0.88563
0.13515
0.2162
0.39974
0.70613
1.2627
0.44773
0.29503
0.33753
0.91333
0.62841
0.12243
0.10893
1.3504
0.08969
0.74512
0.57182
0.13168
0.15708
0.17955
0.21346
0.22823
0.26406
0.081625
0.81153
0.5745
0.57401
0.095454
0.11943
0.2239
0.22427
0.5117
0.22172
0.091139
0.54921
0.12489
0.07773
0.37464
0.60667
0.26325
0.16056
1.0455
1.0468
0.099811
0.11515
0.12466
0.2375
1.1874
0.15323
0.21023
0.55719
0.29123
0.26068
0.092315
0.66572
0.18601
0.1271
0.61163
0.61882
0.22133
0.64043
0.93514
0.80095
0.083414
0.48987
0.89118
0.079268
0.72547
0.23754
0.079026
0.84607
0.55088
1.1503
0.13413
0.74961
1.1667
0.10116
0.34885
0.35111
0.091053
0.1247
0.093627
0.8584
0.089031
1.1825
0.091365
0.13542
0.54352
0.4045
0.56866
0.2138
0.079558
0.13183
0.81738
0.30972
0.11161
0.51759
0.2804
0.20535
1.032
1.1526
0.09424
0.50535
0.25032
0.10096
0.25543
0.072489
0.20029
0.48857
0.31413
0.17656
0.41709
0.24711
0.08704
1.3476
0.075476
0.4273
1.1862
0.32666
0.96712
0.25286
0.093288
1.0389
1.4494
0.67729
0.25566
0.54705
0.25537
0.7623
0.75918
0.74332
0.41787
0.24301
0.91959
0.22283
0.079116
0.073558
0.11458
0.092831
0.13527
0.079491
0.10489
0.13724
0.27762
0.38314
0.26599
0.12868
0.30309
0.32431
0.1666
0.17878
0.19646
0.36884
0.4634
1.1553
0.077233
0.078873
0.088905
0.30313
0.09551
0.50211
0.68778
0.1537
1.3336
0.094009
0.29665
0.076328
0.16787
0.08607
0.4519
0.76152
0.073912
0.42408
0.13788
0.30829
0.11066
0.2455
0.69193
0.13432
0.1007
0.094543
0.20971
0.31733
0.1418
0.13004
0.12066
0.89962
0.15166
0.69283
0.2433
0.24411
0.26457
0.17835
0.26074
0.38032
0.97677
0.85006
0.54418
0.38871
0.07563
1.0926
0.26051
0.1948
0.14099
0.50064
0.12312
1.4939
0.84886
0.34405
0.121
0.3282
0.51144
0.074422
0.43739
0.11054
0.20776
0.57838
0.89506
0.76492
0.17022
0.71373
0.34757
0.23494
0.18132
0.38595
0.33139
0.071458
0.13324
0.11998
0.065087
0.99779
1.0767
0.701
0.15646
0.15833
0.30732
0.3931
0.98688
0.24924
0.10067
0.20586
0.26525
0.16664
0.088327
0.30444
0.17511
0.18162
0.47505
0.63435
0.24333
0.37462
1.1032
0.58146
1.2343
0.29851
0.54417
0.14774
0.23197
0.085744
0.33242
0.16738
1.1065
0.43235
0.40603
0.3211
0.73151
0.43214
0.19478
0.25004
0.69253
0.17333
1.0355
0.077471
0.14586
0.65055
0.54278
0.16092
0.97221
0.1027
0.84201
0.20368
0.40802
1.0472
0.34854
0.17877
0.27989
0.62931
0.37567
0.43828
0.32032
0.70939
0.44781
0.088337
0.19419
0.20347
0.097455
1.1734
0.92372
0.12669
1.2248
0.32827
0.14879
0.15404
0.74711
0.76395
1.3728
0.072942
0.35916
0.56917
0.13537
0.45729
0.087859
0.32862
0.15275
0.26704
0.70388
0.18325
0.12928
1.4725
0.58517
1.1827
0.59527
0.33599
0.17277
0.18051
0.077595
0.46508
0.55678
0.88638
0.13383
0.53813
0.61025
0.17974
0.79386
0.2977
0.6018
0.11375
0.94882
0.14437
1.0412
1.1157
0.30947
1.2983
1.0657
1.2531
0.10999
0.13629
0.13742
0.67822
0.31094
1.1904
0.27893
0.55441
0.66685
0.61675
0.37117
0.58376
0.13676
1.0839
0.42571
0.14778
0.16025
0.37509
0.29512
0.70991
0.5338
0.35787
1.1505
0.4387
1.633
0.27941
0.13799
0.57535
1.1744
0.42825
0.21351
0.90196
0.4419
0.15184
0.21448
0.47284
0.20088
0.23502
0.50033
0.19619
0.14839
1.3873
1.093
1.0921
0.14661
0.32067
0.12452
0.096124
0.20232
0.13125
0.13565
0.30922
0.49946
0.16433
0.46282
0.093993
0.20931
0.13799
0.27582
0.48313
0.24654
0.26092
0.1919
0.075232
0.13683
0.2658
0.23491
0.10939
0.82321
0.082994
0.094425
0.61487
0.24363
0.093664
1.1702
0.19342
0.17773
0.9521
0.51062
0.10841
1.1065
0.22381
0.097954
0.094798
0.080043
0.8794
0.48316
1.0768
0.11319
0.33887
0.28962
0.099129
0.46108
0.098727
1.1476
0.26594
0.13675
0.11402
0.12728
0.23428
0.94202
0.33353
1.7363
0.93015
0.078279
0.068994
0.49231
0.11567
0.26629
0.092142
0.109
0.14962
0.12199
0.11514
0.33544
0.11873
0.18048
0.11512
0.39409
0.11265
0.24873
0.14966
0.20185
0.75896
0.91134
0.10627
0.72576
0.11307
0.20246
0.64084
0.41764
0.90279
0.45229
0.2045
0.1384
0.2426
0.43775
0.11278
0.29869
1.1594
0.97332
0.31443
0.078825
0.32608
0.079923
1.4138
1.5736
0.21508
0.099474
0.094946
0.80694
0.11863
1.3285
0.91333
0.069841
0.1279
0.34488
0.16861
0.082664
0.55446
0.1403
0.33188
0.12333
0.26933
0.14277
0.58256
0.20039
0.12168
0.39425
0.12017
0.067591
0.26713
0.52772
0.16331
0.35212
0.85663
1.122
0.097755
0.16352
0.29195
0.94226
1.168
0.13517
0.1252
0.93862
0.2873
0.11415
0.44171
0.27164
0.33149
0.11517
0.10704
0.16123
0.36949
1.2839
0.25453
0.069646
0.096587
1.5537
1.1628
0.11599
0.42399
1.0246
0.13311
0.37552
0.21003
0.10373
0.11962
0.39101
0.3634
0.21089
0.12316
0.28893
0.10195
0.13619
1.3058
0.11542
0.80564
0.32236
0.091152
0.43259
1.0777
0.12742
1.4116
1.1201
0.19546
0.19586
0.54589
0.14969
0.98931
0.13031
0.3074
0.68015
0.20782
0.070293
0.23753
0.3583
0.17728
0.06853
0.21243
0.12107
0.11769
0.97838
0.53808
0.16751
0.66405
0.24967
1.0781
0.42999
0.2442
1.2714
0.13588
0.21501
0.18503
0.30567
0.23517
0.20578
0.488
0.1581
0.20085
0.26174
0.33253
0.24884
1.2233
0.12323
0.16325
0.97937
1.1323
0.1291
0.55867
0.18079
0.42076
0.11861
0.058464
0.16295
0.10177
0.11433
0.087704
0.1088
0.3461
0.13189
1.315
0.86927
1.6254
0.11626
0.61114
0.68613
0.30425
0.26726
0.093875
0.37051
0.1957
0.090907
0.23169
0.16104
0.096089
0.99276
0.75226
0.15303
0.083546
1.3677
0.086478
0.76604
0.47077
0.23769
0.7887
0.28838
0.16781
0.16267
0.14844
0.71534
0.14783
0.11271
0.31679
1.0942
0.14975
0.20121
1.0453
0.19248
0.16598
0.43066
0.15265
0.48729
0.82761
0.40225
0.18641
0.40122
0.1774
0.084025
0.11931
0.43868
0.41165
0.23458
1.1627
0.37399
0.53018
0.27002
0.083442
0.15384
0.10413
0.14676
0.11626
0.15917
0.14352
0.34013
0.14616
0.40244
0.13775
1.4497
0.28467
0.55799
0.45384
0.10676
0.094582
0.3252
0.92454
0.16274
0.94671
0.11905
0.21386
0.59738
0.47555
0.13925
1.1017
0.54916
0.76685
0.39799
0.18728
0.16651
1.0745
0.13437
0.86924
1.066
0.31399
0.79885
0.52933
1.1705
0.077787
1.2345
0.18206
0.4552
0.91409
0.39429
0.77632
0.68983
0.12984
0.083338
0.24104
1.2794
0.15136
1.1485
0.37025
0.81609
0.9055
0.14687
0.12925
1.0231
0.31428
0.10402
0.39954
0.36359
0.18381
1.1448
0.081149
0.32408
0.72069
0.84944
1.6328
0.094099
0.1514
0.13366
0.99408
0.086094
0.12559
1.5426
0.15681
0.40103
0.64058
0.076217
0.51228
0.2213
0.18762
0.73529
0.082879
1.0675
1.1277
0.16486
0.99695
0.98588
0.15736
1.1921
0.12601
0.098479
0.11089
0.50473
1.0554
0.26654
0.10768
0.47728
0.95283
0.19204
0.27128
1.2615
0.10736
0.1632
1.1168
0.64715
0.35275
1.1718
0.71082
0.39412
0.2393
0.10239
0.08851
0.16904
0.13043
0.065355
0.13859
0.085148
0.39824
0.1262
0.51881
0.12799
0.95694
0.11786
0.57404
0.17924
0.20916
1.0572
1.1135
0.69579
0.42483
0.077795
1.1573
0.30848
0.75139
0.099157
0.25595
0.54298
0.13912
0.26118
1.3163
0.21362
0.19371
0.083937
0.82605
0.07489
0.41497
0.62183
1.1304
0.32747
0.090081
1.0019
0.18069
0.27781
0.77946
0.24681
0.28042
0.32844
0.069498
0.69614
0.11441
0.40794
0.099745
0.11855
0.097298
0.77411
1.1418
0.22913
0.16717
0.26208
0.094078
0.63403
0.52418
0.59513
0.17187
0.47611
1.1536
0.74186
0.08887
0.98353
0.1738
0.14684
0.90704
0.80111
0.14619
1.2139
0.10042
1.0167
0.41797
0.23048
1.333
0.14966
0.15757
0.78133
0.11846
0.38108
0.099668
0.28141
0.21386
0.87302
1.0497
0.30033
0.45668
0.30257
0.087032
1.0263
0.20379
0.25885
0.95539
0.65964
0.11075
0.2096
0.2648
0.54204
0.10639
0.075067
0.44533
0.09501
0.24122
0.16439
0.076238
0.14529
0.19106
0.2572
0.57414
0.15942
0.20949
0.28615
0.22474
0.62036
1.2051
0.22974
0.17388
0.40549
0.19032
0.19107
0.56991
0.1289
0.089609
0.15878
0.35722
0.61272
0.38386
0.30582
0.1462
0.05716
0.1434
0.29626
1.1825
0.36479
0.42118
0.51907
0.11367
0.73403
0.20067
0.10398
0.29203
0.90988
0.080024
0.40856
0.52282
0.86912
1.1272
0.07543
0.10036
0.57398
1.187
0.78977
0.4424
0.59754
0.59524
0.10105
0.27734
0.20458
0.57264
0.2029
0.51042
0.086239
0.29337
0.16338
0.09136
0.27143
0.14044
0.12602
0.33404
1.4165
0.7369
0.16402
0.086791
0.1273
1.159
0.70218
0.11068
0.19509
0.088867
0.11748
0.20399
0.5147
0.1318
0.29312
0.17323
0.21117
1.0675
1.0485
1.3532
0.19625
0.10893
0.136
0.17166
0.080055
0.34936
0.82761
0.1284
0.22316
0.31622
0.21434
0.13685
0.20969
0.87752
0.69442
0.17366
0.16761
0.23589
0.097582
0.078407
0.18928
0.23063
0.29194
0.13438
0.43215
0.39724
0.80927
0.52159
0.578
0.97889
0.60744
0.11864
0.13116
0.68614
0.3269
0.075807
0.064814
0.33098
0.71162
1.0132
0.091254
1.3597
0.96262
0.19556
1.3966
0.17865
0.23825
0.12394
0.34415
0.32072
0.18958
1.285
0.31437
0.15828
0.096916
0.92917
0.73188
0.13484
0.92197
0.79165
0.34388
0.1624
0.174
0.17922
0.73624
0.11903
0.31949
0.14286
0.52574
0.13017
0.3347
0.09678
0.32944
0.87661
0.21148
0.129
0.37285
0.49883
0.5082
0.14313
0.11636
0.16755
1.2719
0.21544
0.98329
0.10079
0.93888
0.10938
0.24491
0.78201
0.42933
1.1548
0.12688
0.40957
0.45098
0.17174
0.11855
0.21887
0.20389
0.11009
0.61643
0.46196
0.4276
1.4383
0.14783
0.33289
0.18772
0.094475
0.26304
0.47608
0.39556
0.090034
0.34418
0.56559
0.31594
0.88258
0.074417
0.15857
0.29577
0.40215
0.20015
0.14842
0.33219
0.27855
0.14498
0.52663
0.078853
0.31412
0.51676
0.23353
0.91817
0.44347
0.80576
0.4587
0.97864
0.2144
1.1828
0.19263
0.12568
1.0354
0.49446
0.68215
0.13645
0.14192
0.69084
0.43213
0.1098
0.083649
0.33406
0.34581
0.13605
0.79457
0.4366
0.25067
0.33901
0.13884
0.17423
0.59467
0.21832
1.0757
0.6621
0.51202
1.0155
0.73043
0.48252
0.12068
0.1696
0.092686
0.070255
0.23367
0.84986
0.61395
1.5999
0.34029
0.085206
0.66296
0.5042
1.0512
0.43068
0.38447
0.61075
0.68043
0.6165
0.1252
0.5233
0.3023
0.22272
0.55136
0.14373
0.27168
0.27129
0.35931
0.64594
0.88601
0.71899
0.26654
0.094632
0.55557
0.2744
0.44258
0.17503
1.2735
0.54817
0.14763
0.108
0.11492
0.74486
0.10732
0.29589
0.28494
0.46617
1.1731
0.13921
0.068278
0.2436
0.4385
0.58943
0.63252
0.56703
0.4163
0.093612
0.17955
0.13109
0.2809
0.1362
0.10708
0.82204
0.12129
0.29404
0.38656
0.21036
0.66368
0.16499
0.34909
0.16865
0.13317
1.0867
0.56631
0.21689
1.1528
1.0949
0.14348
0.23248
0.080271
0.075764
0.70605
0.68115
1.2128
1.0595
0.10362
0.84847
0.27133
0.26517
0.095372
0.42784
1.3675
1.1046
0.47615
0.13694
0.69338
0.22203
0.37309
0.079908
1.1059
0.27595
0.14794
0.67799
0.37135
0.37894
0.35865
0.21996
0.6121
0.067458
0.86087
0.76843
0.48559
0.46742
1.0185
0.28757
0.18329
0.1161
0.67507
0.9861
0.25709
0.29379
1.5813
0.15533
0.20002
0.18937
0.06077
0.19278
1.1217
0.063871
0.33884
0.94608
0.15587
0.5065
0.84278
0.17956
0.60226
0.96688
0.58181
0.50602
0.11465
0.10374
0.095936
0.10461
0.098558
0.30789
0.13649
0.27749
1.0708
0.28885
0.1043
0.18791
0.080304
0.71492
0.17608
0.32559
1.072
0.21619
0.47937
0.79178
0.27562
0.69925
0.16944
0.33552
1.4037
0.19661
1.1125
0.28265
0.13183
0.68418
0.71151
1.0551
1.1088
0.12939
0.28549
0.3552
0.088963
0.15129
0.50971
0.43192
0.20911
0.16339
0.13051
0.087304
0.066414
0.16178
0.3125
0.24096
0.74915
0.30457
0.29664
0.10373
0.11803
0.13799
0.63492
0.427
0.60696
0.090645
0.37624
0.1077
0.1363
0.51846
0.62534
0.076125
0.083692
0.23236
0.092803
0.14456
0.20518
0.099809
0.12112
0.55769
0.87644
0.19228
0.73174
0.67497
0.42261
0.40479
0.11654
0.23072
0.21079
1.0861
0.24078
0.08197
0.67296
0.89714
0.26667
0.83815
0.36111
0.3695
0.74445
0.34059
0.60666
0.085292
0.77602
0.23933
1.0972
0.57381
0.21493
0.79268
1.227
0.29734
0.90817
1.3015
0.5401
0.26784
0.11709
0.090008
0.28714
0.084307
0.47451
0.26078
0.078417
0.1913
0.62946
0.17764
0.65585
0.29745
1.1442
0.18663
0.30158
0.30379
0.62717
0.56737
0.52729
1.3012
0.293
0.096171
0.13434
0.064285
0.42588
1.1919
0.55285
0.12172
1.1669
0.52632
0.16725
0.43811
0.1587
0.28557
0.38135
0.31182
0.11767
0.11489
1.1355
0.18027
0.30117
0.76319
0.39116
0.76746
0.10633
1.388
0.37484
0.70608
1.6545
0.13368
0.12643
1.0153
1.262
0.41899
1.0429
0.36694
0.44373
0.13047
0.25999
0.070852
0.8778
0.62569
0.14198
0.79609
0.12975
0.12181
0.12703
0.21059
0.79031
0.13935
0.37887
0.3386
0.18531
0.21767
1.0081
0.72772
0.26967
0.32434
1.2425
0.19222
0.13664
0.42267
0.22388
0.95272
0.14464
0.1313
0.23885
0.11754
1.5735
0.11266
0.73584
0.092
0.25065
0.10832
0.92938
1.3266
0.086146
0.21601
1.2992
0.26612
0.30274
0.92389
0.58709
0.55727
0.91253
0.096742
0.60846
0.3878
0.26791
0.13285
0.1518
0.13849
0.87838
0.06989
0.32819
0.25825
0.69946
0.3629
0.27742
0.15019
0.16949
0.76281
0.76688
0.72972
0.12093
0.1911
0.36957
0.62434
0.14592
0.10337
0.61018
0.1858
1.0635
0.14182
0.12997
1.4919
0.33896
0.44488
0.45338
0.78218
0.8313
0.50101
0.65611
1.0071
1.032
0.18624
0.085025
0.27363
0.19651
0.095107
0.19802
0.19746
0.37352
0.10068
0.82375
0.13835
0.22305
0.14903
0.63766
0.18606
0.53062
0.090721
0.12692
1.0347
0.37176
0.40748
0.28318
0.54534
0.11616
0.30881
0.8267
0.5051
0.10669
0.53632
0.099244
0.12464
0.88253
0.9571
1.0716
0.13146
1.1217
0.36466
0.13046
0.63076
0.36085
0.086441
0.11766
0.085631
0.20093
0.17435
0.1942
0.39135
0.19108
0.72511
0.21177
0.33598
1.0986
0.12898
0.87404
0.094905
0.90708
1.068
0.91002
0.074201
0.67727
0.098114
0.75993
0.48457
0.95696
0.075166
0.12294
0.83794
0.16048
0.43861
0.2769
0.17907
0.088701
0.095968
0.19999
0.14774
0.15602
0.36273
0.98946
0.086134
0.33721
0.39924
0.21907
0.41993
0.76844
0.11316
0.10739
1.3203
0.16516
0.76951
0.19579
0.3629
0.6069
0.057261
0.22453
0.2003
0.097029
1.4311
1.0434
1.151
0.26376
0.9501
0.11802
0.28465
0.10927
0.10964
1.1456
0.53817
0.076414
1.0906
0.18621
0.21969
1.0767
1.2497
0.069683
0.35639
0.47613
0.16152
0.8437
0.59812
0.13695
0.589
0.12572
0.21178
0.088829
0.18306
1.2659
0.063806
1.1316
0.17382
0.08326
0.10503
0.083758
0.092327
0.37169
0.47651
0.97461
0.67894
0.18609
0.11839
0.17282
0.09148
0.85179
0.12791
0.31659
0.47165
0.93972
0.26334
0.13717
0.11593
0.23293
0.43354
0.92872
0.25255
0.12271
0.72977
0.28638
0.22307
0.85481
0.38969
0.68682
0.29228
0.92052
0.7429
0.55199
0.35609
0.25301
0.12302
0.12839
0.12494
1.0161
1.1606
0.12654
0.066698
1.1998
0.70102
0.37143
0.30774
0.07892
0.18038
0.17318
0.11185
0.82066
1.1183
0.1937
0.61378
0.93888
0.23044
0.18115
0.39581
0.080086
0.16706
0.1042
0.89917
0.10534
0.88975
0.42197
0.43799
0.096878
0.21686
1.5671
0.072691
0.083845
0.10015
0.42123
1.2084
0.34001
0.19079
0.56487
0.17211
0.13118
0.22008
0.098522
0.12461
0.66004
0.21
0.071219
0.096662
0.096188
0.077303
0.14659
0.41563
0.20525
0.16298
0.17763
0.21273
0.39541
0.38127
0.661
0.45227
1.2698
0.20158
1.062
1.3455
0.21514
0.31152
1.1734
0.086898
0.43738
0.26371
0.21742
0.37383
1.0054
0.27232
0.14152
0.15861
0.64064
0.10149
0.75354
0.11748
0.23223
0.15835
0.23857
0.069
1.4736
0.90766
0.1005
0.37892
0.20134
0.24016
1.4789
0.14219
0.16262
0.0958
0.32586
0.25228
0.1109
0.08172
0.083275
0.15507
0.092242
1.1112
0.33258
0.38299
0.81346
0.098379
0.14464
1.1431
0.87259
0.15323
0.13569
0.14271
0.10787
0.26054
0.46755
0.60245
0.56656
0.50622
0.13398
0.12956
0.1507
0.11846
0.87694
0.18391
0.087309
0.079681
0.28502
0.14787
0.21155
0.44058
0.44927
1.2061
1.019
0.9224
0.85566
1.1473
1.0893
0.38889
0.12527
0.17321
0.2458
0.26901
0.28464
0.17511
0.4144
0.29577
0.66165
0.69149
0.51453
1.2567
0.1625
0.17511
1.1579
0.43964
0.19658
0.097513
0.30453
0.26365
0.07134
0.21906
0.077503
0.72627
0.47367
1.0126
1.2867
0.31685
1.2812
0.16229
0.1999
1.2468
0.080273
0.64455
0.6492
0.19899
0.52163
1.0145
0.33736
0.29101
0.16475
0.093578
0.12436
0.2451
1.1541
0.62954
0.10815
0.66639
0.62547
0.9676
0.4903
0.16267
0.51277
0.91208
1.142
0.52691
0.099586
0.077261
0.9606
0.10601
0.13502
0.085363
0.10131
0.20177
0.076422
0.225
0.35133
0.34092
0.23468
0.38513
0.67701
0.10826
0.23888
0.33353
0.24417
0.49845
1.1765
0.32785
0.11533
0.52904
1.229
0.73214
0.45038
0.41232
0.36585
0.90664
0.37552
0.13965
0.51081
0.14762
0.22679
0.12526
0.077547
0.090948
0.50839
0.13215
0.15863
0.10853
1.1692
0.16784
0.11371
0.51276
0.38486
1.2395
0.17604
0.518
0.33597
0.18339
0.89904
0.07962
0.10906
0.47897
0.11297
0.087579
0.56173
0.63028
0.29908
0.9515
0.88606
0.22478
0.75934
0.31973
0.13162
1.3004
0.090488
0.75585
0.14384
1.1535
0.12236
1.2324
0.93044
0.25849
0.12128
0.23363
0.29278
0.5153
0.15904
0.090258
0.35064
0.082682
0.16554
0.11708
0.13482
0.19096
0.96859
0.28386
0.30902
0.16199
0.38289
0.74069
1.1618
0.47772
0.22203
0.94643
0.25555
0.17145
0.2994
0.48525
0.54128
1.465
0.30073
0.12788
0.10956
0.82289
0.24678
1.0013
0.18587
0.17531
0.072879
0.80131
0.60964
0.55997
0.31688
0.083127
0.098257
0.24733
0.10129
0.212
0.21245
0.19006
0.17517
0.48047
0.095548
1.3671
0.26806
0.5624
0.89798
0.19217
0.14125
0.67677
1.0327
0.098927
0.38393
0.10072
0.092099
0.49431
0.37895
0.46469
0.096341
0.54437
0.26714
0.17817
0.66045
0.36717
0.67684
0.25199
0.22697
0.73341
0.30705
0.097629
0.84043
0.83603
0.086579
0.13967
0.27665
0.26337
1.1219
0.56136
0.25376
0.10889
0.14088
0.09602
0.094761
0.75295
0.13968
0.29671
0.21941
0.11465
0.44409
1.7426
0.90802
0.21468
0.082052
0.11447
0.54474
1.1409
0.53281
0.21638
0.10016
0.36421
0.17562
0.088147
0.91948
0.094294
0.47643
0.19933
0.17419
1.1383
0.22074
0.10295
0.24726
1.2748
0.11155
0.48168
0.57099
0.24629
0.086706
0.1868
1.2184
0.30861
1.055
0.22145
0.37222
0.72769
0.39969
0.2593
0.36324
0.19436
0.18429
0.27519
0.33979
0.10689
0.4504
0.47703
0.24271
0.11163
0.33136
0.041026
0.67478
0.36095
0.10921
0.17291
0.65817
0.22298
0.37152
0.39179
0.39144
0.38021
0.10065
0.72202
0.1391
0.39996
0.31367
0.21144
1.1595
0.080462
0.088574
0.26959
0.12009
0.11631
0.238
0.15562
0.15276
0.3722
0.95434
0.16434
0.25865
0.1632
0.4764
0.10605
0.27866
0.21172
0.36654
0.90616
0.18618
0.66
0.1297
0.11747
0.21626
0.24919
1.058
0.92978
0.23113
0.66394
0.28862
0.16824
0.18936
0.6837
0.071385
0.38046
0.14269
0.087694
0.29094
0.11119
0.058833
1.6369
0.080491
0.10788
0.11405
0.19534
0.65519
0.18013
0.29016
0.56292
0.11319
0.14575
0.5219
0.28316
0.19283
0.13458
0.65656
0.54358
1.1798
0.23519
0.27926
0.79264
0.43083
0.35313
0.66766
0.16479
0.19155
0.74154
0.070581
0.69635
0.79569
0.1755
0.94793
0.78248
0.42177
1.0281
0.43103
0.092316
0.12225
0.36845
0.14351
0.09635
0.21143
0.57717
0.32517
0.89217
0.13043
0.40284
0.073173
0.54347
0.9363
0.10222
0.13195
0.41038
0.47628
0.42694
0.085523
0.25116
1.1104
0.11456
1.3154
0.53505
0.62745
0.40273
0.36409
0.086172
0.11712
0.42168
1.2662
0.087376
0.083788
0.58247
0.079327
0.3232
0.16342
0.3879
0.17307
0.417
0.71629
0.20093
0.13744
0.66449
0.083831
0.22973
0.11086
0.62282
0.10432
0.16976
0.41673
0.076015
0.10651
0.3958
1.2777
1.074
0.88987
0.12701
0.34777
0.71932
1.0548
0.19442
0.28976
0.57049
0.71705
0.11647
0.39528
0.22859
0.86376
1.0142
0.45905
0.12072
0.86574
0.23222
0.16986
1.1851
0.074852
0.24063
0.25661
0.1008
1.1814
0.34846
0.31128
0.16704
0.16718
0.073301
0.21788
0.65668
1.0883
0.20274
0.54041
1.0149
0.14859
0.14186
1.2465
0.084278
1.1974
1.2361
0.20858
1.0295
0.061595
0.2869
0.37386
0.20708
0.28832
0.079456
0.47288
0.72512
0.13264
0.90181
0.093886
0.12193
0.90732
0.33088
0.85709
0.13612
0.15898
0.11936
0.40409
0.15365
1.1079
0.091963
0.68525
1.3155
0.8378
0.083295
0.073891
0.30903
0.193
0.73617
0.092949
0.48519
0.67226
0.25674
0.17523
0.37864
0.20378
0.078162
0.09276
1.0427
0.43287
0.48336
0.57314
0.46534
0.38033
0.56664
0.74095
0.66825
1.0407
0.30355
0.11283
1.0712
0.10974
0.12327
0.30147
0.2324
0.091158
1.539
0.29529
0.21068
0.41901
0.41796
0.35961
1.109
0.16674
0.3074
0.81838
0.33714
0.14076
1.2332
1.153
0.093442
0.19494
1.0538
0.41929
0.41322
0.171
0.20179
0.11715
0.24098
0.90747
0.085111
0.11463
0.42974
0.20684
0.10599
0.11597
1.2476
0.082946
0.47005
1.1901
0.69143
0.21101
0.54839
0.10696
0.65227
0.079487
0.50309
0.23277
0.062929
0.15632
0.2978
0.21132
0.10336
0.6742
1.0815
0.12066
0.10119
0.12398
0.12473
1.1035
0.48567
0.33525
0.95097
0.080875
0.17273
0.14162
0.48242
0.51718
0.17486
0.1253
0.27774
0.34572
0.096165
1.1664
1.2696
0.13157
0.12487
0.18017
0.39258
1.0246
0.48413
0.36584
0.12334
0.21548
0.2076
1.095
0.069
0.91582
0.4137
0.12177
1.3127
1.4853
0.49599
1.2717
0.15834
0.2959
0.21937
0.58042
0.30208
0.63619
0.15401
0.10704
0.10037
0.38513
0.16835
0.94266
0.98033
0.091151
0.56526
0.26177
0.20034
0.5848
0.066137
0.31143
0.3077
1.4618
0.19705
0.12113
0.28725
0.51847
0.16783
1.0405
0.085817
1.1213
0.99602
0.21552
0.19902
0.34547
0.12774
0.33001
0.07917
0.83147
0.8923
0.57452
0.16654
0.55218
0.36858
0.09309
0.25168
0.15198
0.53499
0.74484
1.2536
0.87949
0.10751
0.088728
0.21718
0.19655
0.37947
0.14618
0.070116
0.16858
0.29971
0.090987
0.23757
0.10096
0.56044
0.43682
0.094753
0.23229
1.0999
0.38377
0.11478
1.2816
0.086673
0.30682
0.3628
0.86242
0.40942
0.9935
0.25321
0.33754
0.18716
0.15992
0.077946
0.68253
0.1509
0.38404
0.20803
0.44692
0.14555
0.70519
0.43163
0.1992
0.56703
1.1665
0.12865
0.075284
0.97283
0.89708
1.5965
1.0675
1.1022
0.32021
0.11407
0.3122
0.14172
0.22862
0.61181
0.48048
0.13452
1.538
0.28237
0.85133
0.84957
1.072
0.20144
0.091365
0.21155
0.8696
0.24374
0.50209
0.090217
0.74615
0.1609
0.47705
0.646
0.11259
0.71396
0.76577
0.56539
0.31688
0.28212
0.18583
0.50508
0.34579
0.07624
0.12129
0.58206
0.23495
0.60403
0.66273
1.0533
0.85819
0.24151
0.46326
0.074227
0.43823
0.9451
0.12272
0.23344
0.11679
0.13361
0.34239
0.44487
0.25713
0.59802
0.65711
0.36319
0.12146
0.94205
0.10764
0.28468
0.44761
0.68341
0.70367
0.22936
0.41233
0.91412
0.12696
0.78493
0.93726
0.14092
1.2814
0.15137
0.27954
0.15902
0.1619
1.0471
0.84336
0.20634
0.078296
0.5487
0.12232
0.11988
0.16394
0.16812
0.39868
0.88488
0.10215
0.18615
0.10376
0.38591
0.592
1.4143
0.13528
0.45021
0.42675
0.30946
0.5026
0.32601
0.26767
1.4802
0.25983
0.24746
0.1075
0.87005
0.50823
0.42526
0.67884
0.21034
1.1648
0.45353
0.11246
0.14372
0.67913
0.86604
0.1612
0.24034
0.63142
0.46516
0.40953
0.20567
0.081005
0.079853
0.82972
0.50367
0.23695
0.33715
0.39573
0.68753
0.09232
0.20129
1.064
0.16052
0.65191
0.11887
0.12444
0.95292
0.80833
0.98322
0.13684
1.1121
0.16056
0.34214
0.14444
0.2453
1.4159
0.070938
0.093912
0.74627
0.25984
0.1547
0.70673
0.61083
1.0581
0.78278
0.2793
0.19162
0.16151
0.49743
0.44435
0.10483
0.088868
0.18426
0.28523
0.53506
1.1255
0.6062
0.38345
0.1655
0.23395
0.70882
0.13389
0.21203
0.25163
0.49747
0.11748
0.11434
0.46831
0.16527
0.099118
0.31047
0.1188
0.2553
0.64419
0.18464
0.21746
0.17808
1.1518
0.16916
0.25228
1.3052
0.17933
0.31444
1.1863
0.39978
0.88672
0.12647
0.24869
0.19482
0.42991
0.36443
0.15842
0.9788
0.07529
0.16609
1.111
1.1337
0.1493
0.1739
1.1338
0.64443
0.48183
0.91378
0.44969
0.1471
0.95122
0.078517
0.13491
0.23461
0.3223
0.9531
1.3379
0.60172
0.15953
0.17981
0.087394
0.69765
1.2161
0.49582
0.26499
0.068067
0.74952
0.47715
1.2844
0.28632
0.11648
0.16333
0.75866
0.19005
1.003
0.080905
1.4132
0.60028
0.33139
0.13556
0.090952
0.60517
0.29071
0.086434
0.14784
0.25507
0.303
0.13926
0.22495
0.4641
0.29487
0.18438
0.10997
0.35862
0.17176
1.328
0.535
0.76204
0.97649
0.084299
0.80228
0.36353
0.27448
0.054367
0.15554
1.1092
0.27266
0.40106
1.097
0.61494
0.27024
0.087337
0.1546
1.0707
0.085585
0.64294
0.4847
0.4228
0.11925
0.23503
0.12415
0.05686
1.4747
0.7488
0.1402
0.11627
0.16903
0.18067
0.090328
1.343
0.17828
0.084314
0.14649
0.22248
0.22905
0.2308
1.0228
0.12627
1.2531
0.2023
0.28947
0.30352
0.78077
1.2447
0.090618
0.10503
0.67496
0.14189
0.44837
0.067193
0.15716
0.25182
0.089268
0.65148
0.07494
0.1538
0.89705
0.070585
0.1733
0.064826
0.094189
0.14356
0.14411
0.065403
0.20395
0.67183
1.1197
0.90437
0.14044
0.090757
0.079038
1.0913
0.15819
0.24665
0.32625
0.16318
1.187
0.1262
0.98404
0.17877
0.080676
0.17979
0.28618
1.5132
0.10402
0.42782
0.39082
0.4016
1.1855
0.24349
0.32172
0.15478
0.24057
0.81539
1.1383
0.16834
1.2091
0.58928
0.30987
1.1175
1.0467
0.13596
0.28707
0.83393
0.094292
0.092134
0.18434
0.10677
0.16244
0.29356
0.95347
0.42319
0.095147
0.31439
1.1271
0.12753
0.49359
0.8613
0.18076
0.070589
0.75749
1.1978
0.13927
0.073899
0.32168
0.5022
0.81117
0.29214
0.88499
0.11319
0.40411
0.84293
0.34587
0.13311
0.23084
0.074627
0.20473
0.085442
0.38899
0.10449
0.084679
0.15614
0.1218
0.18743
0.083076
0.16791
0.069102
1.0528
0.44223
0.80205
0.12292
1.1047
0.20425
0.56187
1.2966
0.97571
0.13931
0.65755
0.29813
0.1702
0.099651
0.25132
0.42105
1.2892
1.4252
1.1007
0.29862
0.12309
1.1829
0.11143
0.20896
1.284
0.2301
1.298
0.083404
0.10538
0.18941
0.099645
0.17678
0.21348
0.69173
0.1245
0.1357
0.16702
0.28556
0.36961
0.12555
0.15239
0.18875
0.59969
0.27156
0.16467
0.066397
0.35801
0.76763
1.1108
0.73835
1.0121
1.1839
0.18348
0.74441
0.60979
0.20804
0.13628
0.11921
0.074128
0.22122
1.105
0.41534
0.9272
0.24056
0.69383
0.43105
0.67121
0.13137
0.074463
0.97545
1.0229
0.3049
0.25672
0.12094
0.067838
0.42934
0.22307
0.081015
0.64113
1.3649
1.0929
0.20983
0.51062
0.41248
0.74753
0.17963
0.1691
0.17773
0.3555
0.25549
0.12096
0.15236
0.19618
1.36
1.4077
1.0665
0.32573
0.98397
1.1317
0.11997
0.51691
0.072952
0.12764
0.4899
0.5557
0.79826
0.75856
0.10264
0.71527
0.32675
0.26377
0.62131
0.96798
0.1812
0.13155
0.12004
0.80675
0.76869
0.11323
0.10761
1.0751
0.84428
0.73717
1.1992
0.078528
0.16565
0.092872
0.08179
0.16598
0.13323
0.14517
0.12841
0.11024
0.55334
0.20329
0.44715
0.085345
0.16023
0.087963
0.6286
0.10493
0.11461
1.2165
0.39399
0.7267
0.070757
0.26488
1.0747
0.48813
0.13539
0.37948
0.091021
0.13715
0.9593
0.2861
0.12127
0.37333
0.088303
0.17234
0.22131
0.082115
0.081022
0.49709
0.48514
1.2148
0.15108
0.8592
0.18531
0.19659
1.6472
0.4245
0.98595
0.55191
0.19959
0.13866
0.20076
0.28504
0.88631
0.19013
0.18007
0.24355
0.086162
0.67168
0.078832
0.54466
0.12844
0.11936
0.36213
0.60206
0.25104
0.3991
1.1699
0.46222
0.304
0.44911
1.2088
0.076626
0.21869
0.075449
0.11869
0.20053
0.30413
1.5631
0.095728
0.099958
1.2098
0.25724
1.1446
0.43315
0.25929
0.92163
0.13391
0.96468
0.57547
0.1473
0.1855
0.67903
0.076875
0.91525
0.10724
0.15477
0.18217
0.14936
0.70613
0.13905
1.0267
0.1545
0.24794
0.84182
0.16841
0.15551
0.085036
0.12404
1.1959
0.74512
0.11193
0.1058
0.2061
0.82137
0.12189
0.078863
0.065952
0.081625
0.098765
0.27999
1.5443
0.095454
0.15046
0.26883
0.42826
0.29672
0.15548
0.5096
0.98796
0.44508
0.091711
0.37464
0.7614
0.10851
0.28202
0.061581
0.26471
0.95526
1.3252
0.19776
1.2655
0.10248
0.15323
0.085595
0.1388
0.092435
0.073053
0.098897
1.0984
0.28748
0.093743
0.068474
0.15001
0.22133
0.1247
0.70757
0.28637
1.1833
0.26587
0.17103
0.55024
0.99035
0.11325
0.10516
0.43608
0.18224
0.88795
0.10718
0.74961
0.50862
0.10229
0.091309
0.090765
0.099836
0.8971
0.24603
0.10739
0.089031
1.1825
0.19416
0.073495
0.26509
0.1399
0.56866
0.11129
0.15223
0.47687
0.14441
0.42411
0.46316
0.12127
0.19497
1.5763
0.77205
0.19591
0.82188
0.073504
0.12847
0.096317
0.5449
0.59041
0.4125
0.096876
0.67374
0.23901
0.094965
0.14064
0.11598
0.11832
0.45686
0.48677
0.55966
0.46169
0.23366
0.44031
0.12737
0.32289
0.21893
0.67729
0.13637
0.16141
0.30332
0.06005
0.20568
0.42498
0.26855
0.12672
0.91959
0.37194
0.52024
0.72816
0.25886
0.95322
0.087262
0.38062
0.22685
0.2294
0.14065
0.86204
0.37707
0.28166
0.12961
0.2243
1.0997
0.61425
0.13874
0.42758
0.34861
0.31061
0.3978
0.67948
0.13864
0.14974
1.0765
0.97704
0.26994
1.0418
0.2586
0.18161
0.50494
0.42431
0.22072
0.13459
0.4519
0.86337
0.11814
0.085882
0.18296
0.18534
0.30404
0.86881
0.23249
0.2507
0.26427
0.1156
0.71664
0.74735
0.336
0.13259
0.12066
0.14386
0.21531
0.10518
0.085427
0.25143
1.0321
0.17835
0.28743
0.39232
0.59549
0.43911
0.343
1.2852
0.86878
0.86555
0.098558
0.14702
1.2719
0.30306
0.64322
0.40211
0.079272
0.70218
0.46382
0.15664
0.21977
0.10252
0.10276
0.85347
0.17217
0.90276
0.83999
0.92094
0.17022
0.1667
0.21216
0.36459
0.18132
0.16939
0.14084
0.15419
0.13324
0.11998
0.16191
0.13376
0.17011
1.0939
0.37578
0.36111
0.11694
0.25676
0.55649
0.19504
0.67292
0.075256
1.1769
0.86642
1.2164
0.40026
0.17511
1.0015
0.17063
0.63435
0.17639
0.35929
1.1032
0.79004
1.1224
0.29958
0.3433
0.2607
0.23197
0.098939
0.70462
0.94985
1.0242
0.81254
0.40603
0.46214
0.69296
0.23166
0.97226
0.12106
0.16726
1.1401
0.56029
0.74595
0.14586
0.75449
0.096884
0.39692
0.7622
0.21675
0.84201
0.37641
0.47094
0.51885
0.17881
0.17877
1.1369
0.11417
0.34886
0.36675
0.31755
1.2304
0.9855
0.076741
0.82612
0.15996
0.8234
0.26153
0.34626
0.79684
1.2248
0.18029
1.0685
0.34092
0.35472
0.17543
0.60142
0.44959
0.13788
0.11324
0.13537
0.26739
0.64069
0.090268
0.14198
0.26704
0.11612
0.13498
1.0445
0.2181
0.19151
0.85466
0.13162
0.33599
0.15514
0.35251
0.42292
0.10107
0.091189
0.88638
0.18916
0.25597
1.1411
1.0012
0.41701
0.20117
0.20522
0.18861
0.3987
1.0615
0.10667
1.1759
0.50561
0.14326
0.15746
0.09404
0.11467
1.0949
0.13742
0.53974
1.1258
1.1904
1.217
0.55441
1.3479
0.97731
1.1465
0.79017
0.19958
0.23885
0.30016
0.32255
0.26858
0.45953
0.18099
0.70449
0.11128
1.1822
0.93576
0.47694
0.80109
0.33099
0.30311
1.4248
0.077583
0.21119
0.2267
0.60467
0.11042
0.27434
0.1151
0.19629
0.83954
0.10359
1.007
0.093349
0.10967
0.58499
1.1023
1.0921
0.66071
0.32067
0.95472
0.21078
0.13156
0.24731
0.134
1.2109
0.066634
0.09881
0.16975
0.093993
0.22338
0.1107
0.11503
0.074228
0.17527
0.10533
0.31493
0.50145
0.46581
0.2658
0.23491
0.9031
0.11635
0.49542
0.1784
0.68099
0.83854
0.94993
0.085023
0.7311
0.19263
0.43797
0.23541
0.85957
0.15387
1.0448
0.12721
0.21138
0.083439
0.3833
0.39686
1.0768
0.24522
0.33887
0.18828
0.10569
0.34742
0.65613
0.15695
0.17986
0.61923
0.26855
0.22273
0.77068
0.072304
0.33353
1.1068
0.19262
0.78386
0.091246
0.098157
0.38486
0.26629
0.092142
0.30044
0.67243
0.53916
1.2254
0.10016
1.0865
0.27045
1.092
0.35465
0.79658
1.1202
0.75878
0.10087
0.31814
0.22305
0.55351
0.66284
0.30967
0.57003
0.64084
0.098748
0.90279
0.45229
0.1033
0.27235
0.081396
0.66861
0.1377
1.1117
0.10114
0.55879
0.28456
1.416
0.63024
0.39658
0.28557
0.34859
0.34292
1.0473
0.078306
0.063237
0.15585
1.3285
0.86777
0.54351
0.1279
0.23294
0.085598
1.0846
0.06188
0.1665
0.30807
0.18297
0.21145
0.53098
0.1304
0.25159
0.083197
0.074133
0.64049
0.29908
1.5916
0.090916
1.0021
0.096894
0.87652
0.1596
1.0093
0.78458
0.93898
0.29376
0.21007
0.095272
0.43657
0.10653
0.60164
0.10351
0.44171
1.4202
0.33149
0.11517
0.079437
1.2423
0.10238
0.43476
0.24765
0.16776
0.23513
0.7393
0.11569
0.12199
0.69872
0.14212
0.13311
0.14743
0.88073
1.3938
0.37181
1.1941
0.3634
0.21089
0.46206
0.12837
0.56144
0.56694
0.11992
0.40947
0.80564
0.10453
1.0278
0.43259
0.30361
0.12742
0.29557
1.1471
0.14038
0.19586
0.55517
0.24233
0.11259
0.38062
0.39532
1.3205
0.11305
0.6151
0.92309
0.3583
0.13041
0.64916
0.30285
0.31725
0.17605
0.28402
0.94285
0.074136
0.10331
0.065832
0.34157
0.12499
0.2442
1.0471
0.76943
0.1539
0.18503
0.16456
0.13102
0.16226
0.488
0.39343
0.12262
0.93435
0.2818
0.24884
0.54301
0.78
1.1164
0.082044
0.21547
0.18734
0.13986
0.25185
0.17044
1.1294
0.25596
0.10753
1.14
0.11192
0.10818
0.40036
0.10439
0.098923
0.29404
0.15563
0.058352
0.29997
0.31263
0.61502
0.30425
1.2393
0.082204
0.24187
0.60619
0.095103
0.13905
0.20705
0.12812
0.24377
0.30917
0.22168
0.083546
1.0696
0.086478
0.18468
0.18872
0.22503
0.17522
0.086382
0.16781
0.69711
0.14844
0.37011
0.14783
0.11114
0.52703
0.50763
0.14975
1.016
0.40687
0.2203
0.4513
0.18581
0.3019
0.27448
0.53824
0.18715
0.48287
0.47392
0.50781
0.9516
0.163
0.14954
0.25862
0.23458
0.72014
1.5197
0.079394
0.27002
0.57026
0.18844
0.32553
1.2622
0.36987
0.92684
0.1287
0.40606
0.15771
0.11994
0.3786
0.12822
0.28467
0.55725
0.24851
0.10329
0.21229
0.65298
0.21034
0.14423
0.42162
0.080198
0.1435
0.23043
0.20244
0.95122
0.28264
0.09781
0.5572
1.0015
0.17705
0.11938
1.0064
0.13437
0.83435
1.1702
0.53828
0.18295
0.22088
0.80421
0.85295
0.46925
0.33759
0.18884
0.086071
0.11592
1.4059
0.18681
0.13497
0.27518
0.15561
0.11206
0.87676
0.94548
0.90108
0.090414
0.30597
0.14687
0.11987
1.0803
1.2292
0.40429
1.3229
0.31818
0.22456
0.21447
0.87767
0.08529
0.44847
0.12477
0.15235
0.30141
0.54622
0.16897
0.48517
0.098772
0.07554
1.5426
0.60311
0.10486
1.0996
0.62801
1.0466
0.34069
0.25159
0.7994
0.18207
0.65731
1.1289
0.17824
0.26649
0.25082
0.65421
0.23216
0.33518
0.13808
0.19505
1.0404
0.86038
0.22668
0.10768
0.13522
0.82555
0.54067
0.22833
0.25212
0.16967
0.42583
0.73971
0.64715
0.083613
0.11446
0.4222
0.83588
0.46071
0.23546
0.08851
0.16904
0.13043
0.065355
0.13859
0.085148
0.39824
0.1262
0.51881
0.12799
0.95694
0.11786
0.57404
0.17924
0.20916
1.0572
1.1135
0.69579
0.42483
0.077795
1.1573
0.30848
0.75139
0.099157
0.25595
0.54298
0.13912
0.26118
1.3163
0.21362
0.19371
0.083937
0.82605
0.07489
0.41497
0.62183
1.1304
0.32747
0.090081
1.0019
0.18069
0.27781
0.77946
0.24681
0.28042
0.32844
0.069498
0.69614
0.11441
0.40794
0.099745
0.11855
0.097298
0.77411
1.1418
0.22913
0.16717
0.26208
0.094078
0.63403
0.52418
0.59513
0.17187
0.47611
1.1536
0.74186
0.08887
0.98353
0.1738
0.14684
0.90704
0.80111
0.14619
1.2139
0.10042
1.0167
0.41797
0.23048
1.333
0.14966
0.15757
0.78133
0.11846
0.38108
0.099668
0.28141
0.21386
0.87302
1.0497
0.30033
0.45668
0.30257
0.087032
1.0263
0.20379
0.25885
0.95539
0.65964
0.11075
0.2096
0.2648
0.54204
0.10639
0.075067
0.44533
0.09501
0.24122
0.16439
0.076238
0.14529
0.19106
0.2572
0.57414
0.15942
0.20949
0.28615
0.22474
0.62036
1.2051
0.22974
0.17388
0.40549
0.19032
0.19107
0.56991
0.1289
0.089609
0.15878
0.35722
0.61272
0.38386
0.30582
0.1462
0.05716
0.1434
0.29626
1.1825
0.36479
0.42118
0.51907
0.11367
0.73403
0.20067
0.10398
0.29203
0.90988
0.080024
0.40856
0.52282
0.86912
1.1272
0.07543
0.10036
0.57398
1.187
0.78977
0.4424
0.59754
0.59524
0.10105
0.27734
0.20458
0.57264
0.2029
0.51042
0.086239
0.29337
0.16338
0.09136
0.27143
0.097269
0.11707
0.10717
0.16223
0.10223
0.080702
0.1332
0.16081
0.56476
0.16682
0.11657
0.069576
0.1788
0.3711
1.3678
0.25012
0.46883
0.1769
1.0734
0.14032
0.93575
0.23691
0.11146
0.23527
0.62838
0.45635
0.21818
1.0267
0.84753
0.08967
0.3169
0.22316
0.11075
0.66761
0.12038
0.4217
0.10523
0.74329
0.25286
0.078971
0.50054
0.097582
0.93349
0.13484
0.66994
1.2142
0.57134
0.13108
0.09471
0.80927
1.0881
1.1812
0.10121
0.30391
0.82942
1.0709
0.80014
0.35626
0.15775
0.51349
0.14007
0.10692
0.15359
0.3378
1.3597
0.96262
0.18396
0.1642
0.17865
0.079874
0.16382
0.22456
0.46229
0.31663
1.285
0.31437
0.11477
0.35451
0.92917
0.73188
1.2347
0.17031
0.14392
0.34388
0.11936
0.12282
1.3028
0.19376
0.51435
0.29635
0.077372
0.15453
0.11123
0.10932
0.22002
0.30348
0.87661
0.36623
0.63012
0.38461
0.22573
0.22169
0.14313
0.51711
0.068411
0.6679
1.1108
0.36831
0.69019
0.6754
0.27838
0.16085
0.083339
0.33586
0.11053
0.31897
0.37032
0.39495
0.16347
0.52835
0.29246
0.45379
0.092027
1.2206
0.13248
0.25594
0.17637
0.37691
0.29457
0.2649
0.19339
0.66157
0.11052
0.31072
0.31475
0.34418
0.24787
0.11902
0.54246
1.1202
0.063988
0.18034
0.10487
0.55454
0.10889
0.44618
1.4597
0.15817
0.20308
0.86476
0.17546
0.98685
0.51758
0.37409
0.44347
0.25593
0.16359
0.62434
0.18474
1.269
0.19263
0.12568
0.14954
0.29474
0.47829
0.12518
0.45635
1.0415
0.54402
0.1098
0.083649
0.78366
0.35344
1.1041
0.37442
0.25383
0.97086
0.15515
0.60127
1.4044
0.59467
0.82445
1.2012
0.4242
0.62921
0.074987
0.14235
0.49234
0.22711
0.14497
0.69158
0.71425
0.89921
0.27624
0.14383
0.61873
0.28766
0.075497
0.54742
0.088439
0.11738
0.097896
0.43924
0.15063
0.68043
0.17508
0.24225
0.93555
0.54106
0.22272
0.14983
0.10292
0.20023
0.080368
0.36529
0.50007
0.47923
0.17921
0.21641
0.10997
0.12406
0.4224
0.091294
0.65112
0.34068
0.54817
0.31593
0.98638
0.11625
1.048
0.10732
0.28317
0.51661
0.76013
1.1616
0.36277
0.3326
1.0605
0.97583
0.3755
0.23821
0.62184
0.30202
0.40381
0.40841
0.13109
1.1449
0.38528
0.10708
0.42354
0.15714
0.29404
0.28425
0.76197
0.13861
1.1369
0.096487
0.99775
0.23797
1.0312
0.12276
0.69938
0.78078
0.23776
0.90919
0.092084
0.36888
1.3055
0.36042
0.10948
0.68341
0.15935
0.57275
0.14949
0.13631
0.22297
0.075091
0.56323
1.3675
0.67525
0.27599
0.18699
0.26612
0.72501
0.37309
0.25012
0.1884
0.27595
0.23109
0.084284
0.092836
0.16609
0.35865
0.39681
0.15769
0.17887
1.563
0.29764
0.98244
0.86047
0.23898
0.50071
0.070228
0.88951
0.97637
0.093279
0.25709
0.25401
0.1761
0.38924
0.20002
0.46678
0.13608
0.12029
0.15448
0.063871
0.19906
0.099649
0.43464
0.086599
1.0242
0.10391
0.23251
0.12636
0.58181
0.50602
0.69691
0.092087
0.5255
0.48692
0.11203
0.30802
0.187
0.23532
1.0703
0.28885
0.53686
0.45157
0.080304
0.25698
0.091769
1.0874
0.32206
0.52481
0.47937
0.70431
0.19934
0.69925
0.064118
0.4228
0.64153
0.19661
0.22932
0.083308
0.16429
0.12574
0.15966
0.10344
0.10899
0.14719
0.13447
0.43404
0.52003
0.11917
0.30571
0.22434
1.0598
1.0945
0.10089
0.087304
0.6651
0.18731
0.12528
0.23298
0.16774
1.3582
0.11999
0.14408
1.1491
0.3225
0.11612
0.093618
0.99474
0.2681
0.44757
0.37971
0.1363
0.78749
0.45629
1.1141
0.92823
0.67169
0.092803
0.4304
0.79377
0.2286
0.063255
0.17245
0.85604
1.6843
0.20963
1.2808
0.26477
0.17121
0.8182
1.2221
0.12618
0.37987
0.25085
0.08197
0.22638
0.14296
0.13
0.73532
0.14361
0.31514
0.30398
0.34059
0.39742
0.45782
0.073919
0.23933
0.12422
0.57381
1.1295
0.84164
0.42887
0.29734
1.2307
1.3015
0.77397
0.26784
0.10027
0.70338
0.28714
0.095699
0.096262
0.17309
0.15126
0.1913
0.1527
0.41053
0.31603
0.1709
0.20899
0.13794
1.2475
0.27968
0.72275
0.58982
0.13532
1.2266
0.5944
1.1841
0.13434
0.10107
0.11737
0.71876
0.20358
1.1532
0.98429
0.56362
0.1172
0.22468
1.0865
0.28557
0.69991
0.65253
0.14779
0.11489
0.10922
0.27426
0.20927
1.6194
0.53225
0.067615
0.11838
0.27994
1.032
0.59378
0.32206
0.81
0.073029
0.11371
1.1224
0.45381
0.089749
0.090138
0.075306
0.074222
0.11811
0.090202
1.2038
0.69216
0.05425
0.097126
1.3712
0.33749
0.074876
0.46571
0.13422
0.18333
0.20965
0.086992
0.18478
0.10738
0.36859
0.32543
0.26559
0.27735
1.2425
0.094774
1.077
0.9501
0.7445
0.39424
0.4285
0.5648
0.23885
1.1232
0.27716
0.070396
0.12982
1.4993
1.2856
0.4867
1.736
1.042
0.67048
0.40377
0.093096
0.31408
0.15673
0.088769
0.36802
0.13091
0.6422
0.14197
0.23176
0.39615
0.87105
0.11848
0.77493
0.15749
0.70428
0.25678
0.16502
0.07524
0.69946
0.17951
0.88042
0.7975
0.82161
0.19691
0.90887
0.72972
0.11192
0.24546
0.83562
0.16033
0.096738
0.13437
0.15253
0.1858
0.3357
1.0975
0.19
0.093155
0.10572
0.43259
0.12453
0.78218
0.8313
0.50101
0.12042
0.64265
0.080722
0.93721
1.3413
0.8407
0.33523
0.11188
1.2059
0.26725
0.1726
1.1868
0.19851
0.066154
0.5421
0.66598
0.68004
0.18476
0.53062
0.076642
0.12692
1.009
0.094758
0.12686
0.19317
0.38495
0.3563
1.6295
0.35403
0.26604
0.10669
0.12966
0.69058
1.0425
1.0351
0.21632
0.21491
1.1125
0.12203
0.33702
0.11074
0.18588
0.79703
0.086441
1.331
0.085631
0.50559
0.11482
0.24312
0.11459
0.61477
0.2692
0.21177
0.75588
0.23433
0.19637
0.73507
0.17045
0.85445
0.20987
0.21637
0.27301
0.17113
0.085348
0.19743
0.084689
1.1612
0.85568
0.12294
0.096754
0.64321
0.13716
0.9504
0.39482
0.2561
0.62475
0.19999
0.086097
0.15602
0.6992
1.1332
0.086134
0.92237
0.8041
0.18373
0.11424
0.76844
0.70793
0.26123
0.76347
0.35454
0.093254
0.58736
0.49283
1.0064
0.16524
1.1301
0.062555
0.83694
0.14933
0.47029
1.1579
1.1869
0.10562
0.079092
0.75467
0.10927
0.10807
0.48845
0.53817
0.67245
0.32863
0.070317
0.38604
0.17005
0.097305
0.069683
0.35639
0.17206
1.0183
1.2811
0.53361
0.5996
1.5454
0.29544
0.21178
0.12383
0.046173
0.36889
0.063806
1.3592
0.17639
0.074103
0.96163
0.52523
0.77369
1.1504
0.47651
0.36298
0.4996
0.78634
0.29255
0.44062
1.0769
0.21444
0.12791
0.29475
1.3136
0.14958
0.24927
0.088216
0.25781
0.22223
0.12812
1.1154
0.68406
0.98093
0.67345
0.22214
0.12671
0.23751
0.096417
0.68682
0.68176
0.1973
0.74584
0.25859
0.58499
0.25301
0.074322
0.30088
1.1952
0.23942
0.33417
0.26839
0.2554
0.347
0.70102
0.86035
1.2316
0.07892
0.18038
0.39874
0.11301
0.29211
0.094973
0.10033
0.1401
0.29693
0.2026
0.83645
0.10921
0.16561
0.17871
0.10747
0.19584
0.25558
0.1485
0.51683
0.13724
0.096878
0.66449
0.27244
1.0575
0.090977
0.092527
0.092241
0.1474
0.067624
0.1861
0.56487
0.17211
0.067565
0.070677
0.065987
0.59038
0.13764
0.47456
0.2221
0.53735
1.1204
0.11242
0.14659
1.2478
0.46787
0.31124
0.1919
0.15176
0.33188
0.86965
0.661
1.3663
1.2698
1.1168
0.63286
0.71286
0.2067
1.199
0.29361
0.16507
0.22357
0.13247
0.63913
0.36591
0.85224
0.23862
0.32555
0.16225
0.50011
0.15835
0.10357
0.35087
0.23223
0.1216
0.10938
0.38152
0.59656
0.22209
0.34054
0.3253
0.083798
0.24016
0.99037
0.59933
0.73647
0.41266
0.65352
0.52985
0.29216
0.13335
0.083275
0.485
0.68781
0.37132
0.33258
1.0479
0.131
0.33795
0.23791
0.12642
1.1976
0.35235
0.4438
0.18226
0.1737
0.26054
0.71103
0.49813
0.56656
0.096941
0.39369
0.20614
0.51539
0.11846
0.1443
0.18391
1.034
0.079681
0.18315
0.31425
0.11866
0.38343
0.97197
0.073901
0.086405
0.13258
0.18418
0.72383
1.4271
0.72101
0.2903
0.10662
0.99012
0.47868
0.41032
0.26529
0.37134
0.36969
0.15007
0.10831
1.0214
0.11491
0.2315
0.21109
1.1579
0.45279
0.19658
0.29409
0.45736
0.3345
0.83953
0.69203
1.1206
0.26707
0.22367
0.14363
0.16338
0.31685
0.41275
0.080307
0.67653
0.14449
0.22643
0.64455
0.10942
0.35437
0.55248
0.16337
0.53633
0.722
0.1205
0.2652
0.74148
0.3387
0.26582
0.17701
0.10815
0.33621
0.20892
0.1044
0.4903
0.52432
1.2773
0.3544
0.0944
0.20137
0.13365
0.26902
0.15616
0.16602
0.075251
0.81885
1.1483
0.20177
0.18291
0.1078
0.14262
0.69123
1.0577
0.38513
0.162
0.44567
0.20867
0.17587
0.14744
0.66656
0.62123
0.62422
0.11539
0.086294
0.25987
1.1366
0.16368
0.34679
0.36585
0.82424
0.12762
0.38935
0.14825
0.1436
0.22679
0.19584
0.12551
0.23017
0.088091
0.74625
0.74471
0.15467
1.0058
0.16784
0.38924
0.18372
0.38486
0.40224
0.6169
0.159
0.33597
0.21717
0.26091
0.093949
0.12996
0.47897
0.23505
0.087579
1.1607
0.11908
0.181
0.61058
0.16012
0.095656
0.50726
0.63097
0.32878
1.3004
0.090488
0.14051
1.1639
0.29928
0.24741
1.2324
0.09454
0.35513
0.26778
0.35953
0.077337
0.16133
0.15904
0.225
0.35064
1.1001
0.11944
0.34644
0.13482
1.3026
1.2233
0.28386
0.73157
0.14885
0.28571
0.74069
1.1618
0.47772
0.82651
1.2441
0.51024
0.10268
0.2994
0.60961
0.11767
0.28925
0.060307
0.083514
0.10932
0.1049
0.10252
0.35208
0.18587
0.10756
0.13206
1.0682
1.5891
0.55997
0.15942
0.083127
1.2185
0.24733
0.10129
0.51684
0.16222
1.0134
0.32784
0.12092
1.1412
0.51308
0.1493
0.92254
0.43368
0.21563
1.0793
0.31016
0.48594
0.16393
0.07661
0.22373
0.13439
0.12276
0.14817
0.30828
0.14863
0.085173
0.75858
0.60096
0.6294
0.36717
0.67684
0.19849
0.80112
1.0868
0.38988
0.16558
0.31644
0.83603
0.18119
1.1237
0.10143
0.29161
0.13074
0.22856
0.18881
0.15772
0.53892
0.16792
0.88231
0.63945
0.07288
0.28643
0.23799
0.42866
0.22758
0.58463
0.13616
0.11107
0.65405
0.1431
0.83263
0.67333
0.443
0.093078
0.15471
0.10239
0.14741
0.086688
0.32183
0.084103
0.1493
0.85266
0.17419
1.1383
0.22382
0.29903
0.12563
1.1045
0.11155
0.63276
0.39266
0.24629
0.18143
0.098151
0.59855
0.23655
0.20565
0.082373
0.092101
0.23104
0.78678
0.86145
1.1907
0.19436
0.21813
0.20064
0.33979
0.1851
0.85342
0.12401
0.10942
0.20751
0.078695
0.26139
0.24756
0.24651
0.19142
0.99909
0.69958
0.12845
0.37152
0.50236
1.1783
0.14067
0.087117
0.21944
1.1359
0.18668
0.11294
0.23409
0.11774
0.40424
1.0629
0.19643
0.52329
0.66666
0.16911
1.0842
0.12868
0.81826
0.10127
0.36758
0.17764
0.27072
0.74359
0.91982
0.21619
0.076335
0.90335
0.092459
0.23952
0.55629
0.064862
1.0806
1.2076
0.1258
1.058
0.096949
0.23113
0.66394
0.53123
0.11943
1.0836
0.12061
0.071385
0.13236
0.3162
1.0638
0.29094
0.16151
0.57209
0.28924
0.34342
0.1851
0.48863
0.12425
0.34092
0.16958
0.96655
0.087716
0.071097
0.068579
0.22643
0.52194
0.19283
1.1593
0.47602
0.26152
0.15455
0.91377
0.45268
0.79264
0.17069
0.36901
0.66766
0.1542
0.16438
0.11957
0.080719
0.13285
0.3592
1.4094
0.50392
1.6988
0.18806
0.084634
0.30322
1.0565
0.19016
0.83499
0.076655
0.45177
0.36856
0.63811
0.37821
0.15468
0.55056
1.0164
0.10855
0.25295
0.27814
0.98843
1.0282
0.69028
0.46787
0.5415
0.79836
0.13587
0.19356
0.46903
0.99543
1.5455
0.14743
0.40959
1.2479
1.0311
0.98812
0.39821
1.2197
0.087376
0.84261
0.58247
0.079327
0.43697
0.12777
0.11563
0.14494
0.29003
0.19585
0.33928
0.42602
1.0548
0.073656
0.22973
0.94832
0.60866
0.73027
0.16976
0.43167
0.090674
1.0163
0.20932
1.2518
0.43587
0.091686
0.25711
0.23604
0.71932
0.21212
0.075185
0.36933
0.49156
0.92592
0.11647
0.39528
1.3067
0.082435
0.24857
1.1221
0.12438
0.94957
0.23222
0.15517
0.25094
0.089866
0.59572
0.85607
1.2299
0.22327
0.764
0.37278
0.46512
0.16718
0.52306
0.1861
0.10588
0.18108
0.075497
0.54041
0.89034
0.28696
0.24553
0.3373
0.81382
0.086615
0.45528
0.24905
0.62062
0.57478
0.12689
0.60002
0.137
0.18882
0.47715
0.088088
0.12778
0.32941
0.80313
0.46028
0.2875
0.90732
0.24374
0.39306
0.23588
0.40394
0.49996
0.091549
0.10419
1.0148
0.87474
0.1596
0.08434
1.108
0.59581
0.36671
0.2246
0.15313
0.14997
0.092949
1.2354
0.7447
0.12087
1.2685
0.37864
0.16381
0.083953
0.6445
0.14733
0.43287
0.96462
1.2205
0.5454
0.33035
1.3349
0.63646
1.3873
0.29265
0.15755
0.11283
1.0743
0.092018
0.27221
0.90125
0.45105
0.091158
0.26351
0.83035
0.22868
0.41901
0.13773
1.2198
0.9622
0.33908
0.12655
0.075851
0.33714
0.12664
0.17339
0.86747
0.22068
0.68765
0.67301
0.7808
0.47422
0.06817
0.99946
0.092298
1.2621
0.84013
0.085111
1.1751
0.18883
0.36259
0.10599
0.092798
0.16511
0.28476
0.15959
1.1901
0.69143
0.66302
0.23613
0.31779
1.4094
1.1578
0.58672
0.81576
0.18721
0.45814
0.49577
0.24229
0.36305
0.12709
1.0813
0.17626
0.22096
0.079079
0.11854
1.2521
0.74355
0.3251
1.1358
0.21304
0.35656
1.3431
0.077346
0.14068
0.12707
0.27135
0.22121
0.11162
0.66346
0.46234
0.10897
0.38291
1.2063
0.68849
0.11724
0.12266
0.48413
0.36919
0.12334
0.82628
0.19236
0.24057
0.89452
0.16034
0.70204
0.048966
0.16772
1.045
0.38855
0.15869
0.13416
0.2959
0.79976
0.62681
1.3279
0.63619
0.67068
1.4864
0.42441
1.1961
0.63152
0.37536
0.13801
1.1003
0.13491
0.54037
0.13898
0.083914
0.62126
1.1113
0.50876
0.33793
1.1434
0.90745
0.13022
0.51847
0.075539
0.15143
0.15561
1.2332
0.44172
0.11943
0.34729
0.31308
0.22188
0.10726
0.20574
0.082381
0.099643
0.17959
0.16654
0.55218
0.11773
0.13235
0.72352
0.89425
0.10106
0.91055
1.019
0.11476
0.47825
0.05093
0.22367
1.2721
0.4967
0.50343
0.12537
0.47534
0.092088
0.083411
0.23757
0.27544
1.4585
0.10589
0.29647
0.16345
0.20266
1.4029
0.1598
0.1361
0.33912
0.25503
0.3628
1.1682
0.16518
0.11902
0.10117
0.073334
0.22795
0.10323
0.546
0.68253
0.15962
0.19659
0.91913
0.44692
0.66817
0.070786
0.39048
0.42223
0.181
1.1665
0.17746
0.35332
0.76852
0.23484
1.1806
1.0041
0.36706
0.25981
0.41208
0.75215
0.14172
0.22862
0.10647
0.34674
0.67085
0.091831
0.17666
0.11011
0.088758
0.52181
0.42155
0.86883
0.1445
0.092147
0.18081
0.85416
0.96256
0.13766
0.086921
0.062462
0.646
0.11259
0.18645
0.2324
0.749
0.43333
0.87351
0.48958
0.11126
0.45673
0.203
0.20146
0.58206
0.23174
0.8374
0.68741
0.54045
0.71765
0.086287
1.2305
0.81488
0.42499
0.21396
0.84472
0.088498
0.082932
0.41654
0.21315
1.2161
0.25713
0.4365
0.65711
0.38311
0.17989
0.91413
0.62647
0.20889
0.33741
0.38088
0.38377
0.30763
1.1029
0.91412
1.1072
0.30094
0.12508
0.10034
0.17518
0.31202
0.11589
0.38439
0.082364
1.5038
0.84336
0.9352
0.09817
0.093351
0.19643
0.15295
0.52999
0.71594
0.1128
0.17964
0.53819
0.47659
1.1599
0.38591
0.13683
0.38224
0.25924
0.12758
0.58898
0.58537
0.486
0.2482
0.077883
0.34817
0.33984
0.19473
0.08048
0.86259
0.20439
1.2303
0.074447
0.3912
0.19374
0.11817
0.73209
0.15153
0.23436
0.19113
0.5498
0.26613
0.63142
0.12585
0.40953
0.45165
0.12334
0.52265
0.82972
1.3428
0.10148
0.13859
1.2217
1.0975
0.11143
0.11609
1.0766
0.45182
0.35135
0.079235
0.41547
0.13045
0.80833
1.049
0.092418
0.10629
0.073127
0.82696
0.24619
0.14776
0.20432
0.10329
0.68699
0.23422
0.25984
0.1547
0.76143
0.29938
0.66502
0.75195
1.155
0.17839
0.13489
0.11214
0.16014
0.18483
1.1237
0.67271
0.16432
0.26326
0.98639
0.6062
0.3838
1.3406
0.18565
0.34817
0.39122
0.88052
0.66907
0.49747
0.32897
0.24365
0.20104
0.39125
0.28126
0.31047
0.13756
0.27068
1.0524
0.57072
0.62895
0.74065
0.10269
0.17546
0.098803
0.22185
0.15002
0.092624
0.21986
1.6626
0.14685
1.2695
0.10229
0.29525
0.41146
0.27246
0.11485
0.25668
0.52717
0.20167
0.45942
1.5524
0.418
0.95506
0.09089
0.64443
0.46
0.070529
0.81816
0.17119
0.2855
0.41448
1.4694
0.42053
0.34525
0.13183
0.38763
0.76077
0.096127
0.17981
0.44548
0.22574
0.19436
0.49582
1.5773
0.10534
0.19243
0.26654
0.43466
0.43087
1.1271
0.82568
0.75866
1.3426
0.079458
0.18409
0.072041
0.80421
0.22651
0.16912
0.090952
0.34688
0.39907
0.19819
0.13841
0.63753
0.53514
0.13926
0.11471
0.48794
0.47056
0.10371
0.66452
0.35862
0.37831
1.1276
0.15874
0.2856
1.2235
0.076053
0.12124
1.0654
0.27448
0.53528
0.15554
0.18979
0.90257
0.49086
1.0707
0.62283
0.13588
0.17219
0.17017
0.3668
0.085585
0.46674
0.091765
0.86283
0.081119
0.15736
0.85146
1.6829
0.68064
0.7488
0.8054
0.67148
0.35284
0.23745
0.090328
0.57502
0.064964
0.13359
0.21948
0.15379
0.13602
0.65993
0.23025
0.70954
0.29555
0.40453
0.28947
0.094979
0.23537
0.17288
0.75155
0.24457
0.1032
0.60329
1.1423
0.99888
0.14302
0.14084
0.44797
1.2073
0.2873
0.1462
0.7247
0.42525
0.1733
0.078534
0.079855
0.39832
0.14411
0.082129
0.22126
0.67183
0.42188
1.1301
0.22453
1.0818
1.1022
0.14167
0.21933
0.24665
1.1861
0.16318
0.35445
0.50942
0.80564
0.54311
0.080676
0.23448
0.25098
0.095705
1.0563
1.6083
1.1312
0.4016
0.13673
0.16134
0.084961
0.19003
0.58797
1.5057
0.10236
0.25815
0.42173
0.39393
0.13357
0.11629
0.84836
0.4342
0.16162
0.86915
0.094292
0.23645
0.61417
0.16752
0.47778
0.37685
0.4686
0.59607
0.33121
0.1889
1.1271
0.1549
1.2499
0.46511
0.27342
1.1357
1.0964
0.25669
0.077395
0.078487
0.74563
0.10526
0.18885
0.20851
0.56975
0.64942
0.33984
0.19701
1.0978
0.29887
0.17312
0.43006
0.19448
0.078114
0.25768
0.14858
0.83609
0.15614
0.28884
0.087937
1.4216
1.2494
0.67585
0.18726
1.1214
1.0568
0.078204
0.49858
1.0058
0.56187
0.11129
0.51169
0.35932
0.48805
0.14091
0.63441
0.19598
0.28085
0.19636
0.77007
0.48054
1.4426
0.31625
0.27781
0.14489
0.10121
0.32428
0.29691
0.33721
1.298
0.30239
0.10538
1.1391
0.099645
0.19385
0.093779
0.15958
0.88659
0.17256
0.14641
0.073132
1.265
0.12555
0.15239
0.44257
0.93141
0.84705
1.3598
0.9128
0.35801
1.1134
0.13857
0.29044
1.0688
0.099098
0.71358
1.3914
1.2467
0.88274
0.19796
0.55356
0.69986
1.0283
0.58706
1.4118
0.91359
0.24056
1.1345
1.2273
0.1985
0.059553
0.12902
0.31346
0.13919
0.72651
0.4063
0.1588
0.31669
1.2219
0.10486
0.081015
0.27701
1.3649
1.1327
0.19948
0.20994
0.61418
1.1769
0.17963
0.10553
0.21482
0.089782
0.25549
0.95987
0.12002
0.19618
0.1289
0.19736
1.0665
0.16435
0.38371
0.12344
0.296
0.27234
0.2057
0.29567
0.34505
0.5557
0.12643
0.20635
0.13935
0.2882
1.0265
0.47425
1.3418
0.75416
0.32536
0.13205
0.67919
0.37807
0.76869
0.23705
0.49146
0.50447
0.191
0.80065
0.9111
0.097298
0.16565
1.104
0.08179
0.16598
0.65287
0.23028
0.31292
1.1974
0.11969
0.083138
0.44715
0.41845
0.073182
0.20314
0.73221
0.10493
1.1466
0.28115
0.28301
0.096861
0.070757
1.1558
0.33841
0.48142
0.14774
0.22592
0.16307
0.90178
0.16818
0.42479
0.1288
0.73522
0.13664
0.28836
0.67445
0.19027
0.40051
0.12694
0.48514
0.22223
0.19572
0.89696
0.13004
0.090834
1.0213
0.36467
0.13446
0.209
0.086158
0.15274
0.21649
0.98765
0.48231
0.099988
0.82749
0.32629
0.086162
0.32434
0.1671
0.24674
0.11866
1.0967
0.080268
1.2994
0.14924
0.087201
0.74829
0.37995
0.40947
0.86043
0.27174
0.11698
0.1234
0.38927
0.7154
0.12341
0.086292
0.54138
0.1428
0.52039
1.1069
0.48686
0.11231
0.18012
1.1116
0.11031
0.13391
0.96468
0.24737
0.13157
0.93814
0.13459
0.86487
1.1997
0.10724
1.1781
0.18217
0.14936
0.26333
0.3745
1.0267
0.10326
0.28667
0.18186
0.11382
0.13887
0.79737
0.20871
0.60148
0.37036
0.98624
0.12028
0.2061
0.82137
0.47821
0.45222
0.20504
0.37871
1.2486
0.11417
0.98974
0.44432
1.2534
0.11604
0.094315
1.1569
0.33711
0.5096
0.10614
0.15532
0.15303
0.37464
0.1319
1.1211
0.11127
0.18314
0.14106
0.080864
0.60621
0.16024
0.49031
0.39866
0.19925
0.33718
0.38612
0.65244
0.097277
0.10202
0.092183
0.28748
0.67202
0.18676
0.1822
0.28651
0.10988
1.1904
0.30043
0.6442
0.14815
0.1017
0.12201
0.99035
1.5606
0.13377
1.1322
0.11466
0.10656
1.0179
1.2586
0.30143
0.3541
0.29327
0.10257
0.16091
0.67333
0.28246
0.15966
1.072
0.13671
0.19416
0.19911
0.26509
0.41747
0.15942
0.29725
0.14992
0.37549
0.13697
1.0836
0.062865
0.39806
0.7908
1.5763
0.33839
0.077925
0.82188
0.86188
0.28991
0.19148
0.5449
0.24619
0.12483
0.26515
0.23614
0.86165
0.094965
0.86551
0.11427
0.090176
1.1027
0.76388
0.10605
0.15992
0.23366
0.090403
0.70391
1.0166
1.2067
0.14116
0.074062
0.11805
0.13034
0.45822
0.62359
0.178
0.14122
0.25245
0.23972
0.15249
0.10895
0.84848
1.3289
0.27326
0.10004
0.68005
0.22685
1.1831
0.20289
0.37861
0.097886
0.1031
0.28881
0.92657
1.0997
0.21788
0.90481
0.26976
0.40593
0.22217
1.1288
0.70388
0.09281
0.14024
0.11564
0.25668
1.0669
0.27491
0.081839
0.28419
0.2137
0.22098
1.0733
0.44344
0.304
0.17354
0.86967
0.32463
1.1081
0.066524
0.42839
0.16752
0.19321
0.38207
0.09149
0.56825
0.20123
0.50297
1.133
1.491
0.29956
0.14386
0.97104
0.13116
0.4564
1.0407
0.18846
0.82562
0.11018
0.2408
0.59549
0.32307
0.99166
0.30836
0.18764
0.33533
0.54158
1.6409
0.14757
0.5168
0.16606
0.13358
0.53195
0.70218
0.14328
0.15664
0.18236
0.94351
0.12197
0.85347
0.83565
0.90276
0.08907
0.10163
0.17022
0.14046
0.1832
0.086792
0.4892
1.098
0.21322
0.40304
0.1055
0.43607
1.0857
0.10705
1.3943
1.0939
0.17854
0.085983
0.13971
0.35624
0.13912
0.19504
0.33614
0.098041
0.24123
0.10774
0.16648
0.40026
0.084224
0.096016
1.111
0.11543
0.17639
0.10824
0.16923
0.12186
0.98124
0.29958
0.3433
0.36178
0.25606
0.34719
0.16137
0.095376
1.0242
0.56723
0.17963
0.20978
0.07486
0.23166
0.35996
1.3358
0.12619
0.69426
0.56029
0.081993
0.14586
1.2059
0.31838
0.57342
0.57712
0.18933
0.28114
0.18697
0.12512
0.20405
0.072471
0.086267
0.097581
0.51686
0.51306
0.37905
0.93207
0.12495
0.15102
0.15568
0.82612
0.29314
0.6813
0.39895
0.3148
1.0521
0.3031
0.69106
0.6062
0.16425
0.16514
0.90782
0.65548
0.16457
0.30385
1.196
0.096032
0.34053
0.18218
0.10425
0.14198
0.096115
0.23509
0.11737
1.0445
0.20662
0.14785
0.24982
0.11325
0.078754
0.11965
1.2324
1.2157
1.0059
0.091189
1.3119
0.20896
1.1002
0.18166
0.090985
0.55714
0.71674
0.5483
0.09242
0.71453
0.36625
0.21672
0.13191
1.2038
0.14326
0.15746
0.30729
0.085972
0.090113
0.38173
0.12073
0.24488
0.39694
0.72391
0.29979
0.38866
0.10888
0.28806
0.49232
0.33639
0.75097
0.30016
0.082994
0.39545
0.11684
0.57931
0.079177
0.085132
0.30371
0.9668
1.4635
0.45748
0.33099
0.075561
0.46961
0.80997
0.35367
0.2267
0.29537
0.11042
1.2697
0.10586
0.16612
1.1229
0.17307
0.18667
0.42136
0.075734
0.11057
1.1023
0.1897
0.10472
0.16734
0.73955
0.18992
0.53498
0.1748
0.43461
0.15562
0.60929
0.12471
0.25227
0.18349
0.20413
0.060609
0.12436
0.16968
0.07346
0.65452
0.16802
0.6922
0.91181
0.19336
0.15969
0.16316
0.33162
0.49542
0.11049
0.09303
0.3145
0.10089
0.067822
0.10801
0.95595
0.35175
0.34066
1.0052
0.57049
0.12412
0.38331
0.1692
0.22809
0.70719
1.2291
0.20773
0.24522
0.94133
0.25391
0.17581
0.34742
0.2164
1.3582
0.34619
0.138
0.98026
0.22366
0.15295
0.13199
1.1857
0.55005
0.07084
0.20594
1.1073
0.10487
0.13831
0.33281
0.36261
0.35824
0.81502
0.15849
1.2254
0.10016
1.2388
0.62785
0.062306
1.1211
0.79658
0.14462
1.3158
0.33655
0.30645
0.49716
0.11467
0.10482
0.10863
0.13347
0.084274
0.80661
0.20924
0.56323
0.23482
0.93154
0.10283
0.66861
0.10832
0.21889
0.13418
0.094534
0.076892
0.37332
0.3154
0.27411
0.089987
0.14502
0.20529
0.55119
0.12232
0.098251
0.12294
1.3285
0.12896
0.54351
0.093727
0.12937
0.36361
1.0846
0.12501
0.072087
0.51719
0.67838
0.62038
0.89775
0.40976
0.13454
0.083197
0.12749
1.0901
0.18825
0.37766
0.20919
0.32441
0.24251
1.632
1.1951
0.33325
1.0662
0.70139
0.23283
0.13801
0.47182
0.16232
1.0247
0.33419
0.14763
0.094977
0.71725
0.22054
0.14085
0.094108
0.10465
0.148
0.098398
0.62342
0.16776
0.10336
0.21192
0.2348
0.095291
0.28409
0.064285
0.45776
0.11039
0.88073
1.0431
0.40646
0.92107
0.30562
0.66183
1.128
1.0438
0.58496
0.13046
0.18852
0.29388
0.32854
0.10453
0.16201
0.61243
0.85778
0.5254
0.47224
0.51189
0.96117
0.23566
0.7881
0.69282
1.1788
1.1733
0.65071
1.0055
0.79959
0.65584
0.20909
1.045
0.1906
0.15486
0.09482
0.58399
0.4248
0.086731
0.39672
0.22753
0.074563
0.23262
0.34157
0.12499
0.72748
0.3988
0.18134
0.49909
0.15031
0.089016
0.17232
0.14674
0.32082
0.39343
0.24712
1.0923
0.26467
0.36567
1.0132
0.12451
0.17792
1.1185
0.13598
0.34488
0.13986
0.28145
0.42844
0.76438
0.12013
0.37286
0.7981
0.11192
0.57591
0.75882
0.084545
0.098923
0.33873
0.19853
0.20941
1.185
0.17143
0.19169
0.45817
0.18264
0.21568
0.2547
0.21136
0.18364
1.2027
0.15361
0.25975
0.70973
0.1526
0.22373
0.053982
0.11554
0.53923
1.2263
0.091024
0.24777
0.2874
0.13942
0.81596
0.16604
0.14844
0.35629
0.72476
0.11256
0.40863
0.47015
0.14975
0.56018
0.52284
1.0785
0.12036
0.17609
0.40395
0.13232
0.082345
0.48931
0.28802
0.11505
0.094855
0.19861
0.92121
0.18638
0.17881
1.0179
1.1144
1.5197
0.18514
0.13158
0.078023
0.72246
0.16113
1.2622
1.2071
0.92684
0.24341
0.15128
0.082272
0.11994
0.61009
1.1556
0.30877
0.1847
0.11016
0.12142
1.0489
0.10104
0.35937
0.22916
0.24375
0.099643
0.076681
0.13692
0.95112
0.30713
0.30536
0.97467
0.7994
1.0015
0.13952
0.93077
0.21461
0.47282
0.32823
0.16116
0.53828
0.24694
0.14799
0.10469
1.361
0.62002
1.4263
0.40322
0.086071
0.12124
0.055289
0.13464
0.13497
0.91633
0.15561
0.09994
0.33149
1.2943
0.41062
0.31148
0.11092
0.53374
0.081728
0.096612
0.073213
0.17713
0.22789
0.6005
0.14315
0.099634
0.29643
0.15356
0.96988
1.3645
0.78199
0.30141
0.38582
0.31981
0.086746
0.098772
0.07554
1.5426
0.60311
0.10486
1.0996
0.62801
1.0466
0.34069
0.25159
0.7994
0.18207
0.65731
1.1289
0.17824
0.26649
0.25082
0.65421
0.23216
0.33518
0.13808
0.19505
1.0404
0.86038
0.22668
0.10768
0.13522
0.82555
0.54067
0.22833
0.25212
0.16967
0.42583
0.73971
0.64715
0.083613
0.11446
0.4222
0.83588
0.46071
0.23546
0.08851
0.16904
0.13043
0.065355
0.13859
0.085148
0.39824
0.1262
0.51881
0.12799
0.95694
0.11786
0.57404
0.17924
0.20916
1.0572
1.1135
0.69579
0.42483
0.077795
1.1573
0.30848
0.75139
0.099157
0.25595
0.54298
0.13912
0.26118
1.3163
0.21362
0.19371
0.083937
0.82605
0.07489
0.41497
0.62183
1.1304
0.32747
0.090081
1.0019
0.18069
0.27781
0.77946
0.24681
0.28042
0.32844
0.069498
0.69614
0.11441
0.40794
0.099745
0.11855
0.097298
0.77411
1.1418
0.22913
0.16717
0.26208
0.094078
0.63403
0.52418
0.59513
0.17187
0.47611
1.1536
0.74186
0.08887
0.98353
0.1738
0.14684
0.90704
0.80111
0.14619
1.2139
0.10042
1.0167
0.41797
0.23048
1.333
0.14966
0.15757
0.78133
0.11846
0.38108
0.099668
0.28141
0.21386
0.87302
1.0497
0.30033
0.45668
0.30257
0.087032
1.0263
0.20379
0.25885
0.95539
0.65964
0.11075
0.2096
0.2648
0.54204
0.10639
0.075067
0.44533
0.09501
0.24122
0.16439
0.076238
0.14529
0.19106
0.2572
0.57414
0.15942
0.20949
0.28615
0.22474
0.62036
1.2051
0.22974
0.17388
0.40549
0.19032
0.19107
0.56991
0.1289
0.089609
0.15878
0.35722
0.61272
0.38386
0.30582
0.1462
0.05716
0.1434
0.29626
1.1825
0.36479
0.42118
0.51907
0.11367
0.73403
0.20067
0.10398
0.29203
0.90988
0.080024
0.40856
0.52282
0.86912
1.1272
0.07543
0.10036
0.57398
1.187
0.78977
0.4424
0.59754
0.59524
0.10105
0.27734
0.20458
0.57264
0.2029
0.51042
0.086239
0.29337
0.16338
0.09136
0.27143
0.089267
0.059997
1.2223
0.073771
0.11039
0.55399
0.10305
0.70936
0.9769
0.14945
0.090665
0.29118
0.2659
1.3103
0.13388
0.19454
0.27327
0.6415
0.11088
1.5127
0.28941
0.81028
0.2154
0.72114
0.38806
0.54249
0.57937
1.1281
0.49989
0.10515
0.085984
0.56062
0.11075
0.72775
1.2961
0.10121
0.26521
0.74329
0.30643
0.28643
0.1585
0.16208
0.93349
0.79987
0.087021
0.11742
0.81042
1.4586
0.09471
1.12
0.33995
0.088089
0.1499
0.097818
0.59981
0.32532
0.80014
0.72836
0.14478
0.11499
0.9907
0.35874
0.080105
0.67457
0.14586
0.36916
0.20806
0.37871
0.085341
0.2662
0.16382
0.12399
0.48624
0.099976
0.11371
1.2167
1.0751
0.11912
1.4392
0.11031
0.88647
0.38751
0.38166
0.11006
0.61007
1.1795
0.23577
0.19376
0.085387
0.84789
0.73119
0.30841
0.11123
0.96541
0.10062
0.36358
0.4156
0.70081
0.63012
0.11282
0.68481
0.41629
0.51584
0.11798
0.10145
0.1128
0.28485
1.4185
0.1125
0.15181
0.24578
0.40798
0.45552
0.33586
0.11849
0.19385
0.37032
0.11696
1.2303
0.14743
0.07871
0.89079
1.0912
0.12616
0.13248
0.15715
1.1308
0.06721
0.21057
0.83665
0.14017
0.61837
0.11052
0.12132
0.42367
0.12347
0.95701
0.11902
0.32842
1.1202
0.063988
0.11765
0.11651
1.1863
0.59177
0.14
0.17495
0.094228
0.65272
0.08854
1.069
0.58023
0.48312
1.051
0.30689
0.5493
0.12001
0.62434
0.57152
0.074636
0.44804
0.1468
1.0354
0.1635
0.17895
0.13284
0.15812
0.49466
0.6754
0.71847
0.32128
1.0757
0.095826
1.1041
0.14921
0.25383
0.34761
0.429
0.43862
0.65679
0.16089
0.10588
0.86848
0.4242
0.60883
0.099281
0.12997
0.40822
0.3064
0.10311
0.17968
0.074744
0.54729
1.1124
1.0609
0.072296
0.48154
0.075497
0.16927
0.1039
1.1105
0.15907
0.48481
0.47367
1.4112
0.3723
0.12984
0.5936
0.09556
0.29381
0.12864
1.0769
0.2377
0.080368
0.55908
0.15632
0.35623
0.92382
0.072015
1.0188
0.58623
0.22607
0.15878
0.21816
0.35486
0.99296
0.31593
0.29173
0.26725
0.52982
0.664
0.17872
0.34931
0.1261
1.0688
0.47555
0.24641
0.56099
0.1144
0.19948
0.28209
0.14493
0.10428
1.6774
0.31731
0.13109
1.1449
0.92937
0.47008
0.31379
0.086847
0.22382
0.14859
0.76197
0.17403
0.070716
0.77731
0.99775
0.4596
0.60971
0.27025
0.058612
0.3433
0.1126
0.8178
0.3965
0.22903
0.20518
0.36042
0.33757
0.68341
0.16404
0.72285
0.14994
0.43416
1.0376
1.4325
0.62917
0.59432
0.67525
0.13226
0.1074
0.86763
0.18556
0.26782
0.16025
0.13684
0.27595
0.7145
0.49308
1.2341
0.10422
0.48546
0.39681
1.0219
1.6599
0.26636
0.22023
0.25765
0.87862
0.16396
0.83038
0.10961
0.1373
0.97637
0.093279
0.19801
0.25401
0.36647
0.72807
0.20002
1.3143
0.30118
0.35513
0.15448
1.4211
0.091998
0.57982
0.14416
0.21338
0.09939
0.60676
0.23251
0.10905
0.58181
0.99423
0.85176
0.1876
0.68715
0.95033
0.11203
0.071326
0.12651
1.2358
0.88591
0.65258
1.2992
0.07702
0.18098
0.50688
0.34724
0.27492
1.0955
0.52481
0.47937
0.27159
0.19934
0.10155
0.177
0.10647
0.49368
0.19661
0.22932
0.13468
0.23113
0.11276
0.096979
1.0235
0.947
0.45252
0.32202
0.70171
0.52003
0.11917
0.16875
0.22434
0.1205
0.62232
0.32483
0.073588
0.11605
0.18731
0.32106
0.23298
0.14053
1.083
0.085622
0.14408
1.1491
0.10346
1.1308
0.47721
0.59735
0.98387
0.28529
0.17102
0.10491
0.79227
1.3776
0.21602
0.32495
1.2388
0.14648
0.75443
0.16686
0.61243
0.094486
0.17245
1.1231
0.24241
0.34554
0.34569
0.3784
0.33975
0.17328
0.1017
0.16501
0.1225
0.37245
0.089023
0.24421
0.64266
0.066796
0.5158
0.14361
0.37097
1.2275
0.87625
0.76763
0.086193
0.25488
0.37592
1.7403
0.30481
0.33772
1.1856
0.23451
0.56802
0.21915
1.0754
0.42274
0.26784
0.46656
0.34527
0.99358
0.49732
0.32927
0.15159
0.15126
0.43813
0.1002
1.0816
0.28559
1.123
0.50724
0.13794
0.11575
0.27564
0.55842
1.1822
0.20452
1.1531
1.3457
0.14585
0.16701
0.46152
0.43758
1.0287
0.28587
0.10434
0.26112
0.71943
0.1172
0.20973
0.60866
0.36307
0.59466
0.351
0.66655
0.14562
0.14551
0.56837
1.541
0.088615
0.22514
0.42905
0.19001
0.15018
0.1295
0.11472
0.11629
0.70929
1.0689
1.1044
0.22159
0.12706
0.97576
0.090138
0.24043
0.32456
0.48528
0.12956
1.2052
0.12253
0.177
0.13403
1.0505
0.21566
0.19619
0.11729
0.50495
0.16362
0.91096
1.1724
1.2136
0.11824
0.19118
0.59435
0.26559
0.84031
0.11637
0.16395
0.092105
0.29777
0.10359
0.30408
0.18569
0.29374
0.74031
0.19843
0.29473
0.12236
0.70997
1.3631
0.42765
0.064642
0.058007
1.042
0.19756
0.58597
0.081862
0.16204
0.10991
1.2325
0.36802
0.75255
0.5882
0.14197
0.56783
0.071195
0.37312
0.11848
0.081012
1.3055
0.70428
0.38113
0.08976
0.62825
0.15798
0.41228
0.094138
0.10622
0.49675
0.53214
0.3724
0.16971
0.074754
0.099633
0.4833
0.16033
0.34494
0.83888
0.57667
0.26704
0.3357
0.07346
0.18154
0.22758
0.38625
0.10373
0.55845
0.16554
0.083964
0.15313
0.14708
0.083431
0.16364
0.13645
0.40389
0.52067
0.26386
0.11188
0.30592
0.11706
1.0783
0.35963
0.19954
0.9175
0.5421
0.19763
0.35184
1.0892
0.075894
0.18478
1.1244
1.009
0.23357
0.16216
0.38205
0.077066
0.1332
0.67751
0.37379
0.13936
0.11869
0.50572
0.30294
1.0425
0.1401
0.21632
0.090842
0.17054
0.43919
0.5952
1.0813
0.092964
0.79703
0.95423
0.098176
0.53893
1.373
0.16269
0.19768
0.16085
1.3259
0.231
0.12555
0.75588
0.11787
1.0496
0.73507
1.3062
0.32261
0.70453
0.10083
0.10281
0.56388
0.085348
0.13557
0.062766
0.068951
0.30755
1.2306
0.52361
0.64321
0.10617
0.55273
0.14929
0.070354
0.66877
0.078981
0.18771
0.51088
0.063968
0.1016
0.22507
0.6226
0.27283
0.78758
0.099887
0.60084
0.38438
0.18544
0.33498
0.35454
0.5194
0.094905
0.10214
0.11648
0.14245
0.17497
0.23265
0.074685
1.5147
0.10806
0.38272
0.31401
0.46176
0.24814
0.81738
0.15015
0.27013
0.33616
0.091442
0.10932
0.25142
0.36982
0.10313
0.088916
0.27212
0.093687
0.44965
0.17793
0.67853
1.2811
0.53361
0.066175
0.080642
0.24728
0.21713
0.080629
0.11689
1.1241
0.20362
1.4146
1.3563
0.098654
0.96163
1.1161
0.77369
1.0366
0.21494
0.36298
0.22
0.11043
0.86635
0.14468
1.0235
0.1763
0.079557
0.76014
1.2915
0.52803
0.33265
0.15089
1.2566
0.33737
0.1646
0.15387
0.12797
0.5897
0.13568
0.55045
0.12671
1.3254
0.3871
1.1232
0.26209
0.30047
0.077024
0.25859
0.26023
0.127
0.066998
0.1695
0.53865
0.088876
0.085153
0.058753
0.19911
0.1108
0.70102
0.14036
1.1208
1.2932
0.16939
0.094508
0.17561
0.25333
0.15705
0.39916
0.10348
0.59052
0.091231
0.62175
0.41066
0.16561
0.17871
0.10747
0.4071
1.1203
0.092833
0.10396
0.17775
1.0157
0.23452
0.31947
0.2034
0.16012
0.31013
0.4384
0.16331
0.44541
0.13492
0.11458
0.13782
0.61219
0.13849
0.065987
0.59038
0.29152
0.11253
1.4845
0.30412
1.1204
0.11242
0.14659
0.15857
0.23624
0.083424
0.71282
0.70127
0.36143
0.27492
0.10697
0.092672
0.4353
0.087319
0.63286
0.40631
0.11024
0.097002
0.15665
0.31349
0.56132
0.33565
0.92394
1.0715
0.1961
0.11007
0.32555
0.067594
0.96452
0.076342
0.22212
0.36322
0.13574
0.70321
0.11417
0.09619
0.1976
0.2591
0.23969
0.16412
0.083798
0.61525
0.23525
0.59933
0.075675
0.3002
0.12101
0.16851
0.37716
0.13249
0.62951
0.43523
0.68781
0.48879
0.33258
0.27973
0.12417
0.50689
0.23711
0.45078
0.10875
0.41137
0.33687
0.090299
0.24532
0.62742
0.71103
0.24035
0.2458
0.12377
0.40735
0.2113
0.92897
0.73293
0.54811
0.10906
0.4916
0.12572
0.13315
0.31425
0.12189
0.085405
0.61099
0.2738
0.086405
0.43239
0.86485
0.21637
0.18526
0.4058
0.2903
0.16523
0.47513
0.31119
0.90958
0.14645
0.79352
0.52671
0.21881
0.21819
0.27376
0.10443
0.91938
0.25916
0.47782
1.6136
1.0771
0.24028
0.11043
0.4753
0.10017
0.69203
1.1206
0.26707
0.10229
0.5022
0.22345
0.17765
0.34849
0.080307
1.0048
1.2893
0.14646
0.64455
0.17622
0.35437
0.53825
0.16337
0.22737
0.48229
0.6316
0.16356
0.44794
0.3387
0.20033
0.17701
0.27172
0.14441
0.1136
0.44985
1.0562
0.86787
0.14772
0.24079
0.48698
0.19601
1.1582
0.8213
0.30961
1.1753
0.2072
0.073137
0.56716
1.0446
0.12622
0.0876
1.1435
0.69123
0.20383
0.070584
0.14438
1.1151
0.073571
0.22487
0.27462
0.26085
0.17699
0.26472
0.15065
0.6273
0.5596
0.79804
0.10147
0.34679
0.35387
0.18065
1.1766
0.066085
1.1544
0.081334
0.083219
0.21485
0.21789
0.35804
0.14295
0.12088
0.09384
0.27957
0.18564
0.97144
0.37717
0.13864
1.1929
0.65891
0.11314
1.0668
0.32971
0.29521
0.17728
0.093949
0.1083
0.26244
0.16656
0.13923
1.0924
0.11908
0.181
0.65169
0.25114
0.094355
0.073131
0.48971
0.24537
0.68488
0.10752
0.47022
0.11583
0.087114
0.24741
0.083747
0.11228
1.2489
0.067044
0.25716
0.69851
1.5973
0.26227
0.55247
0.19509
0.43475
0.45047
0.34644
0.13646
0.21673
1.2233
0.11586
0.56955
0.14317
0.97828
0.21846
0.10977
0.59088
1.061
0.099463
1.4636
0.93607
0.078646
0.10977
0.33807
0.79323
0.060307
0.26773
0.20092
0.49173
0.080915
0.30112
0.18587
1.1118
1.174
1.1534
0.10692
0.3174
1.2991
0.52119
0.23473
0.24391
0.36258
0.096875
0.14493
0.14898
0.27693
0.2459
1.065
0.51308
0.071086
0.17873
1.1004
0.82811
0.18928
0.14818
0.57221
0.31571
0.36333
0.090336
0.20805
0.55004
0.090706
0.14659
0.26194
0.32505
0.11362
0.5519
0.17661
0.36717
0.70436
1.1765
0.12983
0.32199
0.087137
0.86705
0.10545
0.26039
0.21317
0.15881
0.092388
0.53691
0.54488
0.10132
1.096
0.1109
0.16253
0.41529
0.10343
0.095348
0.090824
0.15014
0.49779
1.0113
0.39835
0.12933
0.13616
0.11107
0.1447
0.66472
1.181
0.67333
1.1396
1.1997
0.12867
1.2364
0.80141
0.32386
0.96922
1.634
0.36202
0.8698
0.17419
0.54023
0.3245
0.41595
0.23616
0.26091
0.37568
0.63276
0.14389
0.92625
1.2204
0.64525
0.28692
0.23655
0.31028
0.082373
0.34136
0.21619
0.78678
0.86145
0.85421
0.19558
0.32221
0.089569
0.72695
1.5464
0.18051
0.99889
0.10942
0.23934
0.10159
0.22021
0.076817
0.24319
0.61961
0.82889
0.2234
0.18583
0.36225
0.23071
0.089027
0.060393
0.12833
0.21944
0.43168
0.31154
0.098468
0.26546
0.11774
0.31171
0.36521
0.21185
1.3195
0.081643
0.14327
0.49845
0.20664
0.10844
0.10902
0.92454
0.8168
0.91721
0.4403
0.07086
0.089031
0.68351
0.412
1.4017
1.0531
0.095216
0.064862
0.11493
0.67389
0.64763
0.11801
0.12669
0.85851
0.26599
0.10436
0.16309
0.7317
0.12623
0.064129
0.13236
0.53701
0.22329
0.29204
0.16151
0.17106
0.28924
0.17277
0.50465
0.089213
0.1631
1.0613
0.4375
0.11439
0.16419
1.2269
0.092777
0.68828
0.12064
0.58102
1.1593
0.083947
0.23995
0.5825
1.1545
0.1488
0.28367
0.17069
0.10603
0.13395
0.31605
0.20793
0.11957
0.065086
0.27887
0.11224
1.3068
0.07519
0.18354
0.091892
0.51251
0.21622
1.1836
0.26255
0.22347
0.38511
0.58112
0.45388
0.26134
0.095827
0.19582
0.33382
1.0164
0.20904
0.16886
0.41121
0.52649
0.091551
0.27575
0.075496
0.24146
0.73337
0.91867
0.6062
0.25692
0.095989
0.87389
0.5131
1.343
1.2479
0.45431
0.24713
0.23366
1.0187
0.078813
0.37451
0.062682
0.079327
0.36005
1.1618
0.38505
0.14494
0.074001
0.21261
0.10026
0.42602
0.17364
0.23376
0.12943
0.32315
0.56888
1.2542
0.69594
0.10103
0.09509
0.1134
1.2064
1.0126
1.1191
0.12731
0.7834
0.085661
0.21241
1.3557
0.095409
0.11953
0.87356
0.28482
0.21951
0.22296
0.60116
0.11205
0.24857
0.43705
0.10196
0.17852
0.77584
0.069063
0.21439
0.55324
0.55334
1.0118
1.2299
0.075708
0.764
0.55397
0.14211
0.81281
0.17472
0.077662
0.10136
0.22468
0.093574
0.41165
0.11414
0.48211
0.37394
0.14928
0.89984
0.2738
0.16589
0.66023
1.1712
0.419
0.50821
0.24125
0.075163
0.97245
0.47715
0.31392
0.27664
0.1007
0.10728
0.43334
0.087758
1.0982
1.2138
0.088319
0.088451
0.094903
0.11281
0.14539
0.10419
0.11632
0.30264
0.1596
0.39294
0.13112
0.085196
0.8973
0.15269
0.42964
0.30205
0.28563
0.23874
0.087133
0.14176
0.54274
0.72675
0.13529
0.34741
0.35971
0.17833
0.16136
0.39308
0.22234
1.0945
0.59979
0.16807
0.20608
1.3873
0.21242
0.73219
0.17818
0.32015
0.22063
0.69361
0.90125
0.2368
0.091158
0.70373
0.23285
0.22868
0.47619
0.24293
0.55392
0.099822
0.21475
0.12655
0.075851
1.1717
0.23932
0.10494
0.12048
0.20114
0.30911
0.25958
0.16765
0.38563
0.10481
0.056619
0.5463
0.18928
0.52671
0.20171
0.074307
0.0833
0.21199
0.41936
0.77931
0.61634
0.7763
0.15959
0.38375
0.69143
0.21242
0.14466
0.29614
0.17173
0.30455
0.58672
0.17753
1.1988
0.23393
0.2611
0.24229
0.2619
0.15829
0.15076
0.98589
0.19631
0.079079
0.11854
0.15978
0.74355
0.18137
0.15045
0.21633
0.37129
0.12265
0.38337
0.59072
0.083091
0.95014
0.18914
0.19911
0.14267
0.12157
1.1027
0.29128
1.2063
0.085076
0.11289
0.67937
0.63462
0.49366
0.30784
0.10051
0.45023
1.4516
0.33042
0.33037
0.49502
0.61315
0.49262
1.1604
0.15609
0.15143
0.43492
0.45254
0.91467
0.63868
0.90145
0.28985
0.19992
1.4864
0.36189
0.38623
0.68159
0.31469
0.70545
0.61733
0.45124
0.21426
0.73971
0.10897
0.16101
0.19787
0.14316
1.0712
0.55773
0.13387
0.14215
0.36072
0.080623
0.15143
0.31085
1.2332
0.17427
0.21519
0.83296
0.26611
0.3023
0.10726
0.11744
0.12809
0.099643
0.17959
0.066504
0.097541
0.59615
0.40428
0.20423
0.107
0.13471
0.12288
0.07456
0.1281
0.12253
0.05093
0.22367
1.0378
0.11985
1.2617
0.14583
0.06075
0.7681
0.31116
0.55413
0.27544
0.57376
0.10589
0.63127
0.090919
0.21654
0.15928
0.29036
0.66702
0.20147
0.50733
0.080119
0.53833
0.16518
0.33785
1.0654
0.72331
0.60126
0.11619
0.32464
0.24873
0.17825
0.63991
1.5473
0.30687
0.14165
0.070786
0.20766
0.13952
0.181
1.2919
0.10522
0.35332
0.76852
1.61
0.10864
0.76724
0.10705
0.25981
0.081662
0.45488
0.17434
0.092308
0.14625
0.12032
1.2323
0.091831
0.3105
0.15789
0.11816
0.32836
0.42155
0.3379
0.1445
0.092147
0.18081
0.33731
0.26995
0.20976
0.086921
0.56405
0.28221
0.6909
0.40905
0.10195
0.11507
0.43333
0.17945
1.006
0.34116
0.32927
0.203
0.10952
0.58206
0.30737
0.083174
0.27156
0.38233
0.7285
0.41707
1.2904
0.81488
0.16607
0.1792
0.13051
0.13449
0.33646
0.14377
0.063268
0.98243
0.23623
0.76783
0.11314
0.22891
1.0437
0.1788
0.16531
1.6572
0.15039
1.0707
0.12978
0.41933
1.1198
0.49993
0.68364
0.12781
0.30414
0.19727
0.41801
0.49608
0.086584
0.90286
0.082364
1.5038
0.21951
0.23896
0.15277
0.36231
0.98453
0.99269
0.10087
0.37473
0.1128
0.083132
0.19122
0.24991
0.10649
0.091818
0.39651
1.1714
0.085286
0.62779
0.58898
0.58537
0.16515
0.62864
1.133
0.27559
0.18861
0.093177
0.18011
0.21013
0.75943
0.14901
0.081715
0.3912
0.048589
0.1003
0.73209
0.15153
0.41824
0.19113
0.83356
0.49426
0.45685
0.12585
0.066438
0.55154
0.098675
0.22622
0.29987
0.23508
0.59587
0.13859
0.41107
0.12921
0.47855
0.5867
0.18718
0.70408
0.41884
0.099504
0.23409
0.58502
0.80833
0.84779
0.87011
0.11948
0.11891
0.6778
1.1709
0.45493
0.10413
1.0399
0.70777
0.10294
0.21785
0.54798
0.52661
0.16705
1.0786
0.84778
0.95668
0.17839
0.16606
1.0052
0.12779
0.18483
1.1237
0.15487
0.14828
0.57429
0.62213
0.32575
0.35208
0.082219
0.20093
0.15615
0.37132
0.227
0.445
0.10343
0.1391
0.24365
0.16548
0.1081
0.15738
0.31047
0.063821
0.080212
0.14466
1.5079
0.15877
1.1208
0.26546
0.070529
0.13739
0.22518
0.074958
0.23857
0.17408
1.3243
0.13936
0.14674
0.19071
0.39452
0.42154
0.27246
0.21682
0.25934
0.11277
0.09156
0.42958
0.32596
0.418
0.13308
0.09089
0.38854
1.2174
0.3126
0.14907
0.23967
0.86538
0.16206
0.063735
0.98528
0.1589
0.13183
0.1793
0.18702
0.1196
0.058175
0.83482
0.32473
0.16263
0.49582
0.13958
0.10534
0.25082
0.27855
0.43466
0.42527
1.175
0.38195
0.49734
0.10782
0.17037
0.14176
0.29529
0.090775
0.75112
1.1756
0.2
1.194
1.0649
0.19819
0.72177
0.73686
1.1736
0.13926
0.10462
0.29675
0.89534
0.10371
0.33948
0.35862
0.86197
0.35928
0.64427
0.11925
0.64088
0.4437
0.97259
0.33647
1.1333
0.12078
0.15554
0.20561
0.51181
0.49086
0.25462
0.65814
0.55112
0.81918
0.10489
0.10852
0.18602
0.2422
0.091765
0.47634
0.18652
0.10888
0.32006
0.076932
0.68064
0.11299
1.4055
0.25818
0.053437
0.68544
0.58863
0.15737
0.22751
1.1343
1.0934
0.12176
0.66077
0.71149
0.24641
0.13334
0.29555
1.1181
0.23992
0.30318
0.13656
0.44285
0.079276
0.24457
0.4088
0.11473
0.34611
0.077711
0.29314
0.36599
0.15002
0.25068
0.1
0.16549
0.12757
0.42525
0.14891
0.11535
0.17705
0.088496
0.14411
0.082129
0.22126
0.878
0.42188
0.22829
0.77702
0.32303
0.49687
0.15286
0.12976
0.14217
0.10722
0.66651
0.18075
0.083795
0.80564
0.91798
0.17646
0.40706
0.25098
0.12544
0.14058
0.63975
0.38559
0.11271
0.458
0.51575
0.22524
0.88147
0.77077
0.33616
0.29513
0.18969
0.14925
0.21678
0.50629
0.28482
0.086158
0.2803
0.31669
0.87116
0.38226
0.08958
0.61417
0.19792
1.1847
1.0063
0.28829
0.19362
0.10151
0.305
0.17778
0.64589
0.094409
0.13129
0.27342
1.5824
0.22477
0.089344
0.26482
1.1835
0.14099
0.10526
0.21449
0.29395
0.31002
0.12564
0.2684
0.073148
0.11102
0.29029
0.098315
0.43006
1.3352
0.078114
0.83702
0.15115
0.56208
0.13766
0.20941
0.12401
1.2972
0.68557
1.1622
0.54676
0.18535
0.37998
0.14209
0.45084
0.19387
0.12462
0.10554
0.31161
0.44763
1.0064
0.079821
0.5733
1.0756
0.69276
0.13835
1.1754
0.96432
0.096734
0.10932
0.11123
0.29659
0.87249
0.08405
0.33523
0.065008
0.10317
0.16215
0.31257
0.20309
0.12487
0.79212
0.21244
0.15499
0.1541
0.098505
0.14641
0.10938
1.0583
0.10771
0.13469
0.28295
0.2227
0.84705
0.073163
0.13685
0.10393
0.91849
0.098346
0.19389
0.092802
1.0115
0.19823
0.23844
0.16877
0.43883
0.1081
0.55356
0.14218
0.28194
0.10253
0.31122
0.08322
1.085
0.34045
0.16125
0.13034
0.32906
0.2342
0.23863
0.13919
0.5517
0.24354
0.61072
0.23962
0.21609
0.34234
0.27277
0.66973
1.137
0.10661
0.19775
0.4028
0.080465
0.5011
0.95394
0.18078
0.69637
0.24822
1.2145
0.13594
0.080347
0.36333
0.5185
0.19736
0.21845
0.066478
0.824
0.094305
1.1591
0.27234
0.29656
0.13078
0.54678
0.098153
0.40501
0.58676
0.77218
0.20762
0.24164
0.21077
0.092679
1.2
0.098596
0.10244
0.12096
0.94696
0.29224
0.12845
1.3045
0.13152
0.14498
0.17535
0.20337
0.097298
0.31957
0.53688
0.93659
0.10681
0.65287
0.23028
0.31525
0.11723
0.13283
0.1508
0.5651
0.18509
1.648
0.1655
0.73221
0.63316
0.15619
0.13136
0.80135
0.096861
0.54681
0.14154
0.17614
1.0023
0.22533
0.67714
0.40176
0.44404
0.14435
0.19704
0.084118
0.18905
0.082354
0.129
0.58666
0.088979
0.40051
0.29781
0.19466
0.85137
1.1197
0.15488
0.56749
0.076979
0.9062
0.15153
1.3438
0.20177
0.35056
0.27778
0.12392
0.13991
0.088893
0.26889
1.3255
1.6792
0.084525
0.14532
1.3066
0.24674
0.3267
0.94975
0.094097
0.13538
0.63298
0.19748
0.12728
0.12977
0.54954
0.86043
0.16979
0.086467
0.69945
0.10665
0.12857
0.066158
0.15904
0.54138
1.3475
0.51775
0.87755
0.10122
0.2216
0.18012
0.090373
0.39918
0.1197
0.4216
0.37827
0.13157
0.95654
0.096721
0.96784
0.55096
0.35224
0.11321
0.2655
0.6879
0.12039
0.72236
0.98928
0.11606
0.69948
0.19926
0.54248
0.089686
0.79737
0.97521
0.11318
0.56193
0.22231
0.12028
0.16149
0.82137
0.42561
0.45222
0.39888
0.6252
0.37755
0.18825
0.15497
0.14247
0.26755
0.3435
0.1071
0.79254
0.4645
0.5096
0.12401
1.0775
0.11085
0.15945
0.20789
0.38715
0.22805
0.14741
1.0263
1.1832
0.10208
0.28365
0.18242
0.11539
0.37803
0.7746
0.09583
0.6675
0.44437
0.67138
0.061962
0.23824
0.58492
1.0241
0.18966
0.27121
0.16659
0.57965
0.1072
0.95721
0.14815
0.095277
0.58606
0.20253
0.11669
0.065287
0.091047
0.13465
1.1929
0.094299
0.26504
0.26962
0.81206
0.29327
0.10257
0.16095
0.81736
0.79006
0.27637
1.072
0.38794
0.59678
0.11243
0.74025
0.49159
0.48246
0.29725
0.18093
0.37549
0.17455
1.0201
0.57032
0.35567
0.52178
0.61074
0.076402
0.17833
0.16896
0.09082
0.12241
0.85032
0.5996
0.38336
0.38226
0.16723
0.23614
0.73814
0.094965
0.18624
0.11427
0.13334
0.1792
0.31619
0.17257
0.077565
0.8838
0.21831
0.097396
0.18428
0.92993
0.49311
0.10866
1.2995
0.13034
0.45822
0.46177
0.38324
0.11579
0.63515
0.23972
0.68628
0.19464
0.20332
1.3289
0.10972
0.17491
0.52557
0.23125
0.39533
1.2226
0.37861
0.11626
0.16758
0.28881
0.38477
0.41928
0.12144
0.67737
0.59018
0.57491
0.13817
0.91987
0.26394
0.79909
1.2571
0.19494
0.36028
0.31475
0.25364
0.10726
1.2641
0.16258
0.44504
0.099162
0.077338
0.304
0.30684
1.5858
0.18464
0.31334
0.19594
0.13154
0.16752
0.12334
0.13526
0.09149
1.2237
0.20123
0.091023
0.14138
0.47707
0.17321
0.14386
0.2172
0.1137
0.22014
0.22875
0.18983
0.11653
0.11587
0.11215
0.59549
0.11377
0.21994
0.30836
0.07349
0.7985
0.11404
0.17787
0.16985
1.2208
0.16606
0.57563
0.53195
0.15634
0.11234
0.93777
0.13706
0.39674
0.16508
0.2832
0.83565
0.11511
0.3014
0.1216
0.77378
0.33056
0.23273
0.086792
0.18785
0.34818
0.2132
0.76189
0.07323
0.603
0.19314
0.080154
0.29194
0.25631
0.08549
0.085983
0.14994
0.1345
0.079096
0.25988
0.8385
0.68551
0.086981
0.092686
1.0729
1.074
0.19346
0.096016
0.096856
0.40086
0.50782
1.2262
0.11855
0.41271
0.075313
0.29958
0.18483
0.36178
0.7835
0.34719
0.15878
0.33121
0.25859
0.15714
0.30163
0.085232
0.07486
0.088633
0.51016
0.12606
1.1679
1.1624
0.08878
0.18113
0.071291
0.33004
0.31838
0.49126
0.1466
0.29534
0.58754
0.14052
0.32629
0.20405
0.11472
0.16343
0.24272
0.080603
1.1725
0.30958
0.88841
0.78469
0.39081
0.10696
0.18551
0.18132
0.11524
0.39895
0.13894
0.29269
0.17935
0.93639
0.10398
0.060282
0.16514
0.39617
0.18107
0.25111
0.29908
0.19548
0.90316
0.26085
0.37323
0.10264
0.10727
0.87387
0.16578
0.27803
0.55147
0.092861
0.10156
0.33545
0.11325
0.5179
0.28998
0.23179
0.25452
0.18572
0.28923
0.34186
0.10832
0.078764
0.18166
0.23975
0.2051
0.16561
0.24901
0.09242
0.71453
0.67091
0.21672
0.13191
0.14498
0.10216
0.10268
0.13683
0.18441
0.095405
0.11541
0.94164
1.126
1.0669
0.65294
0.38025
0.91664
1.3436
1.0665
1.1591
0.20974
0.75097
0.30016
0.52296
0.36935
0.22384
0.23128
0.16524
0.9668
0.090248
0.1574
0.17167
0.076639
0.33099
0.075394
0.35424
0.61326
0.13257
0.28531
0.42832
0.33063
0.36697
0.76248
0.42842
0.092656
0.35901
0.94761
0.52743
0.24781
0.14694
0.13152
0.21144
0.089817
1.0053
0.076717
0.18992
0.71929
0.1748
0.17306
0.28005
0.60929
0.20121
0.60158
0.43268
0.81752
0.23595
0.070665
0.2071
0.34183
0.5181
0.16107
0.22498
0.090176
0.19336
0.42736
0.16316
0.42962
0.08801
0.18185
0.4815
0.092906
1.0967
1.1248
0.91541
0.52587
0.50626
0.94703
1.0052
0.70111
0.156
0.27278
0.12795
0.41994
1.0582
0.60753
0.20773
0.24522
0.16994
0.6327
0.1689
0.54222
1.1821
0.097964
1.0903
0.093055
0.73021
0.60803
0.16828
0.55169
0.45539
0.90336
0.19553
0.37232
0.19755
0.21196
0.096269
0.22775
0.36261
0.20565
0.3283
0.17964
1.1649
0.10016
0.13068
0.23786
0.21626
1.1211
0.79658
0.46206
0.29891
0.1192
0.78313
0.12981
0.11467
1.1699
0.1245
0.37816
0.1995
0.80661
0.21497
0.5696
1.496
1.2179
0.10016
0.15462
0.48936
0.42718
1.2149
0.12495
0.30288
0.37332
0.84751
0.11522
0.26607
0.26987
0.13619
0.33082
0.14868
0.19341
0.41092
1.3285
0.14676
0.11043
0.9939
0.99654
1.3689
0.12978
0.5862
0.10304
1.2391
0.1356
0.62038
0.56791
0.40976
0.28729
0.083197
0.36402
0.40272
0.44057
0.58346
0.58961
0.17318
0.24251
0.15423
1.1764
0.21616
0.10414
0.53218
0.41817
0.26884
0.39612
0.32098
0.14285
0.1018
0.084799
0.1281
0.15834
0.30838
0.44123
0.086354
0.10465
0.21981
0.096082
1.2254
0.3431
0.07336
0.077379
0.67746
0.17729
0.26066
0.14275
0.50712
0.082588
0.10989
0.16483
0.1911
0.18282
0.8345
0.39019
0.31721
0.47013
0.89495
0.14436
0.15683
1.2193
0.26
0.10742
0.14053
0.50421
0.16832
0.18422
0.19451
0.55782
0.061518
0.15689
0.7881
0.23347
1.1849
1.1733
1.0052
1.0055
0.23026
0.18539
0.34482
0.069577
0.14025
0.090188
0.095329
0.34801
0.23527
0.53542
0.39672
0.28209
0.094112
0.23262
0.60914
0.62512
0.18725
0.094045
1.283
0.25509
0.10774
0.62687
0.19952
0.14674
0.079707
0.39343
0.87225
0.21652
0.32836
0.7514
0.29516
0.46418
0.10444
0.22742
0.1504
0.29781
0.13986
0.2734
0.067166
0.76438
0.098277
0.12254
0.7981
0.44448
0.66825
0.75882
0.3575
1.0109
0.13729
0.13115
0.50371
0.62703
0.16131
0.70934
0.40337
0.83928
0.14497
0.2547
0.11243
0.14866
0.13258
1.127
0.56541
0.70973
0.12437
0.17132
0.15825
0.19123
0.53923
0.09223
0.09986
0.24777
0.30878
0.18245
0.086475
1.1891
0.12876
0.085
0.72476
0.11256
1.1321
0.10988
0.93554
0.16304
0.92822
1.0785
0.08541
0.093299
0.44171
0.81413
0.41755
0.27302
0.20853
0.078058
0.77539
0.24342
0.10435
0.50522
0.15745
1.0179
0.42514
0.66095
0.35779
0.13158
0.26483
0.55746
0.706
0.16811
0.14057
0.92684
0.2126
0.18856
1.3058
0.68645
0.80549
0.82498
0.32613
0.11462
0.07379
0.12427
0.11247
0.12394
0.25851
0.084827
0.093494
0.30406
0.06716
0.32749
0.95112
0.17745
0.30536
0.079588
0.083616
0.19763
0.13035
0.11981
0.11922
0.47282
0.14893
0.52532
0.11217
0.33141
0.1815
0.1556
0.21464
0.51067
1.4263
0.40322
0.086071
0.12124
0.055289
0.13464
0.13497
0.91633
0.15561
0.09994
0.33149
1.2943
0.41062
0.31148
0.11092
0.53374
0.081728
0.096612
0.073213
0.17713
0.22789
0.6005
0.14315
0.099634
0.29643
0.15356
0.96988
1.3645
0.78199
0.30141
0.38582
0.31981
0.086746
0.098772
0.07554
1.5426
0.60311
0.10486
1.0996
0.62801
1.0466
0.34069
0.25159
0.7994
0.18207
0.65731
1.1289
0.17824
0.26649
0.25082
0.65421
0.23216
0.33518
0.13808
0.19505
1.0404
0.86038
0.22668
0.10768
0.13522
0.82555
0.54067
0.22833
0.25212
0.16967
0.42583
0.73971
0.64715
0.083613
0.11446
0.4222
0.83588
0.46071
0.23546
0.08851
0.16904
0.13043
0.065355
0.13859
0.085148
0.39824
0.1262
0.51881
0.12799
0.95694
0.11786
0.57404
0.17924
0.20916
1.0572
1.1135
0.69579
0.42483
0.077795
1.1573
0.30848
0.75139
0.099157
0.25595
0.54298
0.13912
0.26118
1.3163
0.21362
0.19371
0.083937
0.82605
0.07489
0.41497
0.62183
1.1304
0.32747
0.090081
1.0019
0.18069
0.27781
0.77946
0.24681
0.28042
0.32844
0.069498
0.69614
0.11441
0.40794
0.099745
0.11855
0.097298
0.77411
1.1418
0.22913
0.16717
0.26208
0.094078
0.63403
0.52418
0.59513
0.17187
0.47611
1.1536
0.74186
0.08887
0.98353
0.1738
0.14684
0.90704
0.80111
0.14619
1.2139
0.10042
1.0167
0.41797
0.23048
1.333
0.14966
0.15757
0.78133
0.11846
0.38108
0.099668
0.28141
0.21386
0.87302
1.0497
0.30033
0.45668
0.30257
0.087032
1.0263
0.20379
0.25885
0.95539
0.65964
0.11075
0.2096
0.2648
0.54204
0.10639
0.075067
0.44533
0.09501
0.24122
0.16439
0.076238
0.14529
0.19106
0.2572
0.57414
0.15942
0.20949
0.28615
0.22474
0.62036
1.2051
0.22974
0.17388
0.40549
0.19032
0.19107
0.56991
0.1289
0.089609
0.15878
0.35722
0.61272
0.38386
0.30582
0.1462
0.05716
0.1434
0.29626
1.1825
0.36479
0.42118
0.51907
0.11367
0.73403
0.20067
0.10398
0.29203
0.90988
0.080024
0.40856
0.52282
0.86912
1.1272
0.07543
0.10036
0.57398
1.187
0.78977
0.4424
0.59754
0.59524
0.10105
0.27734
0.20458
0.57264
0.2029
0.51042
0.086239
0.29337
0.16338
0.09136
0.27143
1.085
0.11209
0.16858
0.6645
0.11039
0.10293
0.59822
0.24355
0.84934
0.14945
0.16137
1.5994
0.99566
0.20086
0.1382
0.4211
0.10071
0.10971
0.89733
1.1891
0.5604
0.85774
0.30292
0.2682
0.68872
0.94067
0.60444
0.090913
0.088872
0.61202
0.57702
0.56062
0.78505
0.4391
0.10826
0.18097
0.56236
0.20419
1.1187
0.87908
0.10691
0.5055
0.91129
0.1798
0.087021
0.13841
0.27789
0.13896
0.27148
1.12
0.75686
0.33962
1.185
0.11035
0.22825
0.17817
0.13458
1.2279
0.14478
0.23012
0.29968
0.10497
0.12262
0.34178
0.14586
0.36916
1.1701
0.72933
0.12665
0.2662
0.20841
0.90988
0.15164
0.59934
0.93004
0.083596
0.12555
0.19493
0.27678
0.11031
0.37572
0.28301
0.15974
0.11006
0.15164
0.23307
0.098111
0.080497
0.31025
0.14821
1.0826
0.30841
0.86819
0.083852
0.22249
0.097785
0.4156
0.17083
0.74161
0.37709
0.75338
0.079011
0.25309
0.10338
1.0263
0.19372
0.28485
1.4185
0.10348
0.8912
0.24578
0.10449
0.67828
0.19205
0.12126
0.32847
0.15419
0.1496
0.25116
1.1251
0.19064
0.10662
0.87489
0.25075
0.11273
0.33511
0.1871
0.44457
0.13819
0.9685
0.62653
1.0726
0.088877
0.27305
1.5883
1.1223
0.11946
0.070384
0.62865
0.31234
0.098838
0.16252
0.13045
0.36945
0.1167
0.42675
0.33937
0.14405
0.39486
0.08854
0.13057
0.15841
1.0783
0.25103
0.32462
0.14409
0.18649
0.22559
0.2416
0.38003
0.75246
1.2623
0.79562
0.1357
0.60577
0.337
0.72797
0.29774
0.6754
0.94581
0.10066
0.10227
0.16895
0.10307
0.14921
0.080402
0.88656
0.23059
0.23323
0.65679
1.1201
0.44687
0.25028
0.26727
0.54605
0.096005
0.080847
0.098352
0.92542
0.225
0.17968
0.9757
0.55913
0.22253
1.0609
0.22449
0.28647
0.075497
0.16927
0.36899
0.24982
0.77439
0.33602
0.47367
0.29377
0.25711
0.12704
0.10708
0.1597
0.29381
0.084391
1.0769
0.2377
0.40495
0.75229
0.66491
0.35623
0.12126
0.26968
0.14281
0.4625
0.72809
0.10522
0.18998
0.34444
0.33691
0.30306
0.22852
0.68367
0.23727
0.074367
0.33429
0.90695
1.11
0.68612
0.47555
0.49934
0.86458
1.1713
0.90408
0.17096
0.082797
0.26222
1.6774
0.39067
0.15441
0.39357
0.093907
0.10382
1.1488
0.12892
0.22948
0.48209
0.095011
1.2751
0.17679
0.16503
0.095738
0.38846
0.35273
0.27025
1.114
0.34206
0.10833
0.48076
0.3965
1.3522
0.11057
0.076692
0.33841
0.11277
0.76393
0.071199
0.43273
1.1084
1.0376
0.29123
0.80841
0.59432
0.14699
0.92045
0.50541
0.86763
0.10317
0.10792
0.16
0.57519
1.2351
0.72105
0.14178
0.22229
0.70951
0.13323
0.25852
1.0219
0.65578
0.65186
0.42126
0.076983
0.87862
0.32069
0.13232
0.97
0.88742
0.56034
0.11389
0.19801
0.31389
0.14347
0.11026
0.1623
0.11398
0.19721
0.079547
0.76921
0.059857
0.40963
0.11461
0.35407
0.21338
1.2517
0.082393
1.0459
0.33187
0.20669
0.25997
0.13952
0.20791
0.96048
0.58961
0.33749
1.0206
0.12651
0.18696
0.076717
0.07229
0.18228
0.43562
0.49372
1.1124
1.0896
0.39629
0.32871
0.09634
0.12562
0.13747
0.19934
0.36962
0.32736
0.76332
0.079713
0.20707
0.11563
0.17775
0.16728
0.30578
0.48844
0.61743
0.16517
0.28468
0.32041
0.34457
0.59622
0.084925
0.27362
0.11204
0.2864
0.18137
0.75751
0.073588
1.0382
0.18731
0.487
0.28207
0.78364
0.26488
0.24848
0.12158
1.1491
0.091218
1.1308
0.1487
0.08712
0.3584
0.14926
0.26064
0.17973
0.45671
0.19921
0.1695
0.12923
1.2388
0.14648
0.66853
0.6662
1.1942
0.56499
0.1256
0.11567
0.43326
0.11041
0.082146
0.40735
0.59727
0.345
0.2353
0.16501
0.13739
1.1698
0.089023
0.63515
0.20723
0.72965
0.5158
0.66642
1.1461
0.15772
0.88556
0.19292
0.10798
0.11487
0.12369
1.7403
0.28443
0.50988
0.29579
0.19536
0.56802
0.89616
0.1727
1.0929
0.61978
0.28748
0.21939
0.24304
0.078183
0.7553
0.087279
0.10048
0.14369
0.16588
0.84049
0.15498
0.1663
0.12422
0.67807
0.1632
0.11714
0.23358
0.15714
0.76461
0.16924
1.1519
0.098136
0.59663
0.23004
0.11679
0.13657
0.88882
0.057572
0.26112
0.091576
0.50832
0.20066
0.1376
0.1232
0.070509
0.351
0.10759
0.98048
1.0268
0.07155
0.11434
1.2432
0.11935
0.66366
0.87554
0.15713
1.2928
0.207
0.11629
0.30335
0.075734
0.46321
0.61025
0.12706
0.19277
1.1352
0.45906
0.27237
0.7386
0.13226
0.19027
1.094
0.10397
0.13959
0.075404
1.2012
0.19619
0.10811
0.28958
0.34332
0.41106
0.26543
0.1974
0.14625
0.24928
0.99431
0.12833
0.067561
0.18277
0.40617
0.092105
0.27475
0.24634
0.30428
0.18569
0.24296
0.13443
0.51804
1.0379
0.13443
0.24473
0.62074
0.080353
1.1438
0.1964
0.22185
0.17213
0.58597
0.093739
0.1667
0.1764
0.11918
0.27607
0.71411
0.53888
0.4918
0.11139
0.88253
0.19489
0.3799
0.4097
0.72953
1.6859
0.5829
0.33115
0.34309
0.31488
0.15786
0.20779
0.12458
0.074586
0.53214
0.6861
0.10129
1.0418
0.24566
0.11863
0.66108
0.1054
0.19396
0.41807
1.0226
0.3357
1.1233
0.18154
0.53087
0.42228
0.4307
0.56546
1.0999
0.20516
0.43295
0.88288
0.23082
1.6641
0.096695
0.14199
0.12712
0.18456
0.11188
0.14626
0.11706
1.0783
0.35963
1.2671
0.15813
0.10192
0.15367
0.35184
0.33567
0.075894
0.18478
1.1244
0.10215
0.10806
0.6702
0.15204
0.71858
0.079807
0.090246
1.6175
0.14948
0.076922
0.19287
0.14217
0.28488
0.13428
0.073333
0.2659
1.1412
0.13664
0.5952
0.27674
0.10627
0.37757
0.11526
0.19343
1.2247
0.39816
0.082266
0.15391
0.56079
0.12934
0.13146
0.07439
0.10328
1.2374
1.1742
0.73507
0.082367
0.10491
0.9014
0.068054
0.7607
0.15647
1.0598
0.081123
0.83641
0.068951
0.10847
0.49513
0.71618
0.094859
0.1386
0.10483
1.0497
1.1294
0.1585
0.2604
0.15834
0.51088
1.2092
0.25577
0.28146
0.5857
0.12368
0.086304
0.19423
0.24644
0.26252
0.093706
0.50084
0.3024
1.1393
0.67584
0.49539
0.15963
0.36666
0.084689
0.086921
0.31668
0.87031
0.57258
1.2127
0.1377
1.1907
0.68149
0.081106
0.15015
0.58315
0.12113
0.091442
1.1343
0.20291
0.17499
0.30146
0.090833
0.48773
0.48378
1.1111
0.54895
0.10605
1.2811
0.53361
0.12638
0.080642
0.87645
1.4446
0.080629
0.32132
0.15893
0.20373
0.30432
0.097424
0.098654
0.14346
0.54174
0.77369
0.24597
0.087553
1.331
1.0116
0.84029
0.090293
0.094222
1.0235
0.29011
0.19395
0.70654
0.33477
0.52803
0.12465
1.1501
0.86711
0.90989
0.23189
0.86408
0.14457
0.38429
0.15272
0.55045
0.36352
0.33512
1.0155
0.99144
0.26209
0.58361
1.0439
0.33639
0.26023
0.22988
0.2843
0.18219
0.11533
0.50881
1.137
0.25218
0.13773
0.12768
0.069621
0.24137
0.31412
0.086197
0.12957
0.10416
0.51571
0.34628
0.99214
0.66011
0.16644
0.75103
0.27611
0.98063
0.19063
0.54931
0.29508
0.22761
0.30876
1.0138
1.5042
0.6516
0.13693
0.097532
0.26092
0.86767
0.59486
1.0082
0.31013
0.44074
0.16331
1.2336
0.1291
1.0263
0.62748
0.27827
0.14133
0.88085
1.4195
0.85539
0.20499
0.070993
0.10982
0.64657
0.49601
0.23391
0.52232
0.29199
0.083424
0.078226
0.64363
0.71543
1.5579
0.20059
1.5309
1.2229
0.15191
0.38874
0.12308
0.086335
0.13614
0.26022
0.1079
0.15364
0.13306
0.085392
0.9741
0.74119
0.081314
0.30192
0.18234
0.94235
0.076342
0.37565
0.75275
0.69042
0.16574
0.11151
0.75277
0.13478
0.39636
0.31679
0.57839
1.0654
0.66411
1.0852
0.25062
0.76506
0.3002
0.12101
0.10361
0.071821
0.52493
0.17631
0.072675
0.14288
0.21854
0.13219
1.0262
0.6247
0.2524
0.87799
0.87556
0.11189
0.41137
0.11353
0.090299
0.38453
0.31997
1.1218
0.10962
0.13352
0.51964
0.9993
0.2113
0.91538
0.23461
0.1063
0.10906
0.21748
0.23263
0.53161
0.31425
0.061894
0.42869
0.43858
0.15474
0.14156
0.10633
0.15486
0.32419
1.3102
1.2309
0.15341
0.24528
0.72823
0.31119
0.14235
0.28292
0.10739
0.19095
0.56756
0.38152
0.86767
0.203
0.14277
0.15169
0.11879
0.24387
0.2284
0.30758
0.11043
0.42176
0.15947
0.89516
0.17726
0.11246
0.082283
1.0243
0.15307
1.3655
0.066441
0.32846
0.10378
1.2893
0.15555
1.5236
0.74813
0.097092
0.28732
1.2884
0.20355
0.08566
0.087301
0.27052
0.78849
0.3387
0.14462
0.29364
1.0622
0.29331
1.0695
0.44985
0.63907
0.1556
1.1279
1.1135
0.084086
0.65932
0.16068
0.067252
0.128
1.2741
1.0139
0.40108
0.29419
1.5587
0.17363
0.37623
0.26226
0.14923
0.20634
0.070584
0.27848
1.1151
0.62322
0.13574
0.71258
0.33167
0.75291
1.1329
0.64959
0.74302
0.15414
0.37953
0.10147
0.086486
1.0339
0.085944
0.82884
0.066085
0.074407
0.12758
0.26463
0.21485
0.34796
0.90752
0.14386
0.5878
0.36579
0.34449
0.18564
0.66878
0.4642
1.6096
0.58121
0.65891
0.29139
0.11526
0.23231
1.057
0.42452
0.095808
0.24801
0.73244
0.077051
0.82472
0.91688
0.11908
0.20181
0.72642
0.68072
0.080234
0.74746
0.055064
0.12652
0.23234
0.31493
0.47022
1.1317
1.1973
1.1512
0.083747
0.63892
1.2489
0.15717
0.54617
0.78528
0.13605
0.31017
0.35545
0.1221
0.10584
0.45047
0.09721
0.22666
0.20994
0.8575
0.99655
0.10063
0.10912
0.14395
0.31514
0.73575
1.0914
0.15034
0.1075
0.98629
0.99694
0.62556
0.3833
0.11196
0.1267
0.36309
0.12561
0.17953
0.46632
0.20309
0.094444
0.47954
1.2191
0.7818
1.0121
0.30255
0.63865
0.35311
0.099224
0.086518
0.91186
0.71738
0.93796
0.14335
0.83781
0.26831
0.74582
1.1636
0.070353
0.32311
0.94622
1.1004
0.19068
0.34342
1.1523
0.57197
0.29945
0.18565
0.13914
0.25323
0.29718
1.1174
0.22367
0.26486
0.1334
0.55739
0.13256
0.75131
0.13004
0.31266
0.19761
0.19037
1.2807
0.96019
0.06819
0.78182
0.11862
0.25802
0.76786
0.1695
0.2854
0.54488
0.59532
0.23839
1.1957
0.85295
0.076358
1.0197
0.1944
0.090824
0.50935
0.074328
0.077887
0.46234
0.19778
0.12374
0.41155
0.061557
0.30228
0.25464
1.148
0.18592
0.51089
0.33608
1.2364
1.0708
0.98418
0.097925
0.437
1.033
0.45557
0.70459
0.079697
0.2528
0.4826
1.1686
0.69766
0.10141
0.63914
0.10603
0.2711
1.2934
0.199
0.28692
0.3654
0.12876
0.62715
0.34136
0.33512
0.63029
0.91073
0.85421
0.3976
0.14605
1.0927
0.23234
0.50962
0.10374
0.9375
0.38483
0.23934
0.88337
0.22021
0.076817
0.38369
0.61961
0.61579
0.2234
0.081653
0.86174
0.23071
1.2322
0.082289
0.097755
0.082822
0.63335
0.41328
0.15984
0.5406
0.18193
0.13087
0.36521
0.3346
0.1409
0.081643
0.089246
0.517
0.38989
0.53196
0.10902
1.4375
0.8168
0.11958
0.17781
0.76192
0.2226
1.1591
0.49895
0.67523
0.22016
1.1665
0.97398
0.067338
1.1084
0.63486
0.31999
0.43642
0.17402
1.2008
0.69315
0.16309
0.1253
0.58396
0.25242
0.082124
0.42011
0.22329
0.50094
0.35139
0.17714
0.41022
0.23295
0.49583
0.11457
0.065298
0.64844
0.27813
0.18446
0.27611
0.27107
0.34925
0.13693
0.12064
0.22774
0.36377
1.2736
0.23477
0.44024
0.13624
0.9406
0.28367
0.14716
0.13423
1.1241
0.17881
0.3237
0.15409
0.18195
1.0676
0.53352
1.0671
0.07519
0.10015
0.11185
0.24754
0.82064
0.50259
1.2284
0.3563
0.38511
1.2114
1.0022
0.51628
0.47479
0.26283
0.85147
0.35387
0.53707
1.0314
0.61427
1.0224
0.22851
0.062047
0.89959
0.3746
0.28353
0.19818
0.66013
0.4802
0.10921
0.092806
0.17134
0.529
0.99755
0.45431
0.61993
0.13367
0.42814
1.1679
0.072829
0.67783
0.24786
0.27352
0.49962
0.38641
0.27109
1.1586
0.10705
0.11978
0.29985
0.072448
0.24398
0.1493
0.33567
0.44721
0.34499
0.69594
0.099015
0.074533
0.070618
0.17714
0.43914
0.12041
1.1166
0.20946
0.32055
0.13139
1.3557
1.2476
0.14327
0.26634
0.90936
0.12587
0.2223
1.0365
1.0229
0.088679
0.25154
1.2471
0.17852
0.086509
0.96967
0.21439
0.17224
0.55334
0.31478
0.72312
0.41004
0.14304
1.2471
0.14164
0.59731
0.76852
0.70417
1.1179
0.09811
1.1196
0.1087
0.14616
0.48211
0.077295
0.14928
0.22198
0.2738
1.061
0.24447
0.24606
1.0517
0.22453
0.14361
0.099374
0.48021
0.13836
0.10281
0.33889
0.09805
0.10728
0.56278
0.67241
0.16931
0.27017
1.0234
0.21354
0.094903
0.38297
0.21303
0.27051
0.1074
0.44048
0.15346
0.31552
0.097505
0.13855
0.11289
0.15757
0.16379
0.084842
0.44887
0.10709
0.074692
0.15527
0.074205
0.72675
1.2939
0.16105
0.14238
0.11506
0.53146
0.61974
0.36
1.0945
0.37299
0.11054
0.20608
0.12073
0.1878
1.1335
0.14892
0.25625
1.2001
0.081315
1.407
0.094019
0.61622
0.30987
0.88872
1.4795
0.23757
0.18805
0.65541
0.1752
0.29734
0.3328
0.47372
0.18163
0.48906
0.11291
0.12048
0.89269
0.098799
0.20953
0.58016
0.30319
0.10481
0.047656
0.086395
1.0764
0.61257
0.15216
0.079137
0.10475
0.76237
0.88026
0.31915
1.1117
1.1546
0.22226
0.15888
0.46859
0.21242
0.14466
0.32399
0.51958
0.3769
0.17304
0.39324
0.23413
0.16785
0.076612
0.5092
0.2619
1.0219
0.26718
0.16809
0.43864
0.36584
1.034
0.36467
1.1684
1.5884
0.66604
0.16379
0.13358
0.2341
0.66166
0.9887
0.27017
0.16638
0.35639
0.12258
0.12806
0.73791
0.26802
0.18016
0.086993
0.15028
0.15444
0.8839
0.10737
0.069132
0.93889
1.0878
0.064957
0.13339
0.33042
0.43282
0.17218
0.096159
0.49262
0.18839
0.72297
0.43163
0.39077
0.37303
1.0265
0.1696
0.14538
0.077696
0.17183
0.66073
0.16186
0.13707
0.11294
0.12249
0.86167
0.61733
0.13494
0.10462
0.92618
0.19916
0.29625
0.64396
0.14316
1.1926
0.29929
0.092543
0.30751
0.23179
0.069057
0.095645
0.10138
0.31492
1.22
0.76663
0.1126
0.30146
0.35352
0.10632
0.092167
0.49043
0.1361
0.23547
0.066504
0.47175
1.1866
0.072362
0.6539
0.19581
0.13471
0.58029
0.07456
0.23604
0.20119
0.3943
1.0454
0.13173
0.18613
0.26641
0.14583
0.99669
0.9081
0.17647
0.10643
0.97186
0.52051
0.64916
0.1039
0.66734
0.21654
0.48106
0.29036
0.31547
0.16047
0.20009
0.59515
0.134
0.12353
0.27656
0.086319
0.08346
0.12554
0.11308
0.20677
0.45245
0.53354
0.28378
0.44533
0.30687
0.21869
0.070786
0.097354
0.10741
0.20153
0.28621
0.31552
0.3738
0.38594
0.93378
0.96229
0.11995
1.2221
1.3317
0.37386
0.13456
0.16178
0.16332
1.1414
1.1495
0.31139
0.2787
0.12867
0.26746
0.19585
0.12711
0.83228
0.66462
0.096186
1.396
0.12437
0.31805
0.61442
0.2977
0.19231
0.19117
0.27569
0.14072
0.13379
0.25333
0.068495
0.31225
1.1102
0.39097
0.85368
0.080994
1.5987
1.0494
0.58206
0.49875
0.09638
0.86468
0.11809
0.19977
0.61742
0.30064
0.17451
0.13219
0.30016
1.5525
1.3252
1.563
0.14377
0.63566
0.98243
0.28298
0.12153
0.10295
0.41955
0.22771
1.0388
0.52755
0.12493
0.17647
0.06868
0.14563
0.17033
0.32908
0.56341
0.68364
0.29517
0.30414
0.13632
0.46778
0.96386
1.1223
0.43044
1.027
0.085146
0.27864
0.13061
1.0186
0.70952
0.19603
0.78525
0.39695
0.28327
0.1128
0.49971
0.42372
1.1254
0.54112
0.35559
0.19718
0.13818
0.17227
0.61671
0.58898
0.58537
0.16515
0.16234
0.57808
0.061899
0.16029
0.097297
0.11239
0.097492
1.0824
0.22116
0.31242
0.084728
0.048589
0.91076
0.23799
0.12475
0.21946
0.06264
0.83356
0.88021
0.1789
0.59913
0.20061
0.1862
1.1906
0.22622
0.21835
1.1614
0.11259
0.13859
0.16032
0.089364
0.56627
0.15509
0.23568
0.43139
1.1331
0.084453
0.12363
0.279
1.2288
0.22311
0.63741
0.11948
0.11891
0.20913
1.1709
0.17136
0.088428
1.1672
0.13731
0.07361
0.48907
0.54798
0.15284
0.16705
0.49792
0.095204
0.17676
0.22627
0.06193
0.18892
0.12779
1.3539
0.15035
0.19902
0.14269
0.64962
0.62213
0.14477
0.28303
0.079305
0.15278
0.15615
0.20971
0.51165
0.92201
0.82395
0.54489
0.74657
0.13082
0.091314
1.1509
0.17636
0.063821
0.23113
0.20248
1.5079
0.63249
0.10761
0.29571
0.070529
0.13739
0.3064
0.12811
0.65497
0.92794
1.3243
0.21852
0.66246
0.19071
1.3866
0.2459
0.2278
0.626
0.36773
0.11277
0.62612
0.49022
0.72714
0.86748
0.43786
0.09089
0.45624
1.2174
0.61205
0.14907
1.1577
1.4036
0.71887
1.2134
0.96207
0.25974
0.10112
0.57391
0.59412
0.21504
0.16282
1.1922
0.46267
0.16263
0.84918
0.36574
0.10534
0.98445
1.2552
0.34144
0.54808
0.11499
0.38024
0.097587
0.13744
0.10001
0.079617
0.15044
0.1442
0.10011
0.37608
1.0832
0.23999
0.70849
0.073742
0.76997
0.1417
0.1048
1.1885
0.62453
0.66146
0.13968
1.436
0.57845
0.34281
0.5471
0.14424
0.13552
0.67752
0.1147
0.4437
0.25947
0.74234
1.4135
0.12078
0.97821
0.13542
0.40081
0.38856
0.26778
0.90977
1.1691
0.31538
0.065248
0.31574
0.14768
0.47845
0.23894
1.0445
0.18652
0.11533
0.15855
0.45591
0.1244
0.12418
0.12747
1.1731
0.1593
0.24524
0.90062
0.099298
1.0952
0.44971
0.22
0.6595
0.31601
0.094957
0.29029
0.19572
0.16895
0.13877
0.23992
0.20812
0.13656
0.73991
0.079276
0.70549
0.4088
0.75129
0.28017
0.17407
0.20275
0.44897
0.6696
0.19487
0.30081
0.84219
1.2046
0.42525
0.13432
0.18469
0.15815
0.18147
0.37156
0.082129
0.87868
0.878
0.22194
0.17641
0.093892
0.54345
0.11784
0.15286
0.21116
0.12835
0.26725
0.66651
0.10693
0.094885
0.23308
0.29194
0.89051
0.40706
0.25098
0.12544
0.14058
0.63975
0.38559
0.11271
0.458
0.51575
0.22524
0.88147
0.77077
0.33616
0.29513
0.18969
0.14925
0.21678
0.50629
0.28482
0.086158
0.2803
0.31669
0.87116
0.38226
0.08958
0.61417
0.19792
1.1847
1.0063
0.28829
0.19362
0.10151
0.305
0.17778
0.64589
0.094409
0.13129
0.27342
1.5824
0.22477
0.089344
0.26482
1.1835
0.14099
0.10526
0.21449
0.29395
0.31002
0.12564
0.2684
0.073148
0.11102
0.29029
0.098315
0.43006
1.3352
0.078114
0.83702
0.15115
0.56208
0.13766
0.20941
0.12401
1.2972
0.68557
1.1622
0.54676
0.18535
0.37998
0.14209
0.45084
0.19387
0.12462
0.10554
0.31161
0.44763
1.0064
0.079821
0.5733
1.0756
0.69276
0.13835
1.1754
0.96432
0.096734
0.10932
0.11123
0.29659
0.87249
0.08405
0.33523
0.065008
0.10317
0.16215
0.31257
0.20309
0.12487
0.79212
0.21244
0.15499
0.1541
0.098505
0.14641
0.10938
1.0583
0.10771
0.13469
0.28295
0.2227
0.84705
0.073163
0.13685
0.10393
0.91849
0.098346
0.19389
0.092802
1.0115
0.19823
0.23844
0.16877
0.43883
0.1081
0.55356
0.14218
0.28194
0.10253
0.31122
0.08322
1.085
0.34045
0.16125
0.13034
0.32906
0.2342
0.23863
0.13919
0.5517
0.24354
0.61072
0.23962
0.21609
0.34234
0.27277
0.66973
1.137
0.10661
0.19775
0.4028
0.080465
0.5011
0.95394
0.18078
0.69637
0.24822
1.2145
0.13594
0.080347
0.36333
0.5185
0.19736
0.21845
0.066478
0.824
0.094305
1.1591
0.27234
0.29656
0.13078
0.54678
0.098153
0.40501
0.58676
0.77218
0.20762
0.24164
0.21077
0.092679
1.2
0.098596
0.10244
0.12096
0.94696
0.29224
0.12845
1.3045
0.13152
0.14498
0.17535
0.20337
0.097298
0.31957
0.53688
0.93659
0.10681
0.65287
0.23028
0.31525
0.11723
0.13283
0.1508
0.5651
0.18509
1.648
0.1655
0.73221
0.63316
0.15619
0.13136
0.80135
0.096861
0.54681
0.14154
0.17614
1.0023
0.22533
0.67714
0.40176
0.44404
0.14435
0.19704
0.084118
0.18905
0.082354
0.129
0.58666
0.088979
0.40051
0.29781
0.19466
0.85137
1.1197
0.15488
0.56749
0.076979
0.9062
0.15153
1.3438
0.20177
0.35056
0.27778
0.12392
0.13991
0.088893
0.26889
1.3255
1.6792
0.084525
0.14532
1.3066
0.24674
0.3267
0.94975
0.094097
0.13538
0.63298
0.19748
0.12728
0.12977
0.54954
0.86043
0.16979
0.086467
0.69945
0.10665
0.12857
0.066158
0.15904
0.54138
1.3475
0.51775
0.87755
0.10122
0.2216
0.18012
0.090373
0.39918
0.1197
0.4216
0.37827
0.13157
0.95654
0.096721
0.96784
0.55096
0.35224
0.11321
0.2655
0.6879
0.12039
0.72236
0.98928
0.11606
0.69948
0.19926
0.54248
0.089686
0.79737
0.97521
0.11318
0.56193
0.22231
0.12028
0.16149
0.82137
0.42561
0.45222
0.39888
0.6252
0.37755
0.18825
0.15497
0.14247
0.26755
0.3435
0.1071
0.79254
0.4645
0.5096
0.12401
1.0775
0.11085
0.15945
0.20789
0.38715
0.22805
0.14741
1.0263
1.1832
0.10208
0.28365
0.18242
0.11539
0.37803
0.7746
0.09583
0.6675
0.44437
0.67138
0.061962
0.23824
0.58492
1.0241
0.18966
0.27121
0.16659
0.57965
0.1072
0.95721
0.14815
0.095277
0.58606
0.20253
0.11669
0.065287
0.091047
0.13465
1.1929
0.094299
0.26504
0.26962
0.81206
0.29327
0.10257
0.16095
0.81736
0.79006
0.27637
1.072
0.38794
0.59678
0.11243
0.74025
0.49159
0.48246
0.29725
0.18093
0.37549
0.17455
1.0201
0.57032
0.35567
0.52178
0.61074
0.076402
0.17833
0.16896
0.09082
0.12241
0.85032
0.5996
0.38336
0.38226
0.16723
0.23614
0.73814
0.094965
0.18624
0.11427
0.13334
0.1792
0.31619
0.17257
0.077565
0.8838
0.21831
0.097396
0.18428
0.92993
0.49311
0.10866
1.2995
0.13034
0.45822
0.46177
0.38324
0.11579
0.63515
0.23972
0.68628
0.19464
0.20332
1.3289
0.10972
0.17491
0.52557
0.23125
0.39533
1.2226
0.37861
0.11626
0.16758
0.28881
0.38477
0.41928
0.12144
0.67737
0.59018
0.57491
0.13817
0.91987
0.26394
0.79909
1.2571
0.19494
0.36028
0.31475
0.25364
0.10726
1.2641
0.16258
0.44504
0.099162
0.077338
0.304
0.30684
1.5858
0.18464
0.31334
0.19594
0.13154
0.16752
0.12334
0.13526
0.09149
1.2237
0.20123
0.091023
0.14138
0.47707
0.17321
0.14386
0.2172
0.1137
0.22014
0.22875
0.18983
0.11653
0.11587
0.11215
0.59549
0.11377
0.21994
0.30836
0.07349
0.7985
0.11404
0.17787
0.16985
1.2208
0.16606
0.57563
0.53195
0.15634
0.11234
0.93777
0.13706
0.39674
0.16508
0.2832
0.83565
0.11511
0.3014
0.1216
0.77378
0.33056
0.23273
0.086792
0.18785
0.34818
0.2132
0.76189
0.07323
0.603
0.19314
0.080154
0.29194
0.25631
0.08549
0.085983
0.14994
0.1345
0.079096
0.25988
0.8385
0.68551
0.086981
0.092686
1.0729
1.074
0.19346
0.096016
0.096856
0.40086
0.50782
1.2262
0.11855
0.41271
0.075313
0.29958
0.18483
0.36178
0.7835
0.34719
0.15878
0.33121
0.25859
0.15714
0.30163
0.085232
0.07486
0.088633
0.51016
0.12606
1.1679
1.1624
0.08878
0.18113
0.071291
0.33004
0.31838
0.49126
0.1466
0.29534
0.58754
0.14052
0.32629
0.20405
0.11472
0.16343
0.24272
0.080603
1.1725
0.30958
0.88841
0.78469
0.39081
0.10696
0.18551
0.18132
0.11524
0.39895
0.13894
0.29269
0.17935
0.93639
0.10398
0.060282
0.16514
0.39617
0.18107
0.25111
0.29908
0.19548
0.90316
0.26085
0.37323
0.10264
0.10727
0.87387
0.16578
0.27803
0.55147
0.092861
0.10156
0.33545
0.11325
0.5179
0.28998
0.23179
0.25452
0.18572
0.28923
0.34186
0.10832
0.078764
0.18166
0.23975
0.2051
0.16561
0.24901
0.09242
0.71453
0.67091
0.21672
0.13191
0.14498
0.10216
0.10268
0.13683
0.18441
0.095405
0.11541
0.94164
1.126
1.0669
0.65294
0.38025
0.91664
1.3436
1.0665
1.1591
0.20974
0.75097
0.30016
0.52296
0.36935
0.22384
0.23128
0.16524
0.9668
0.090248
0.1574
0.17167
0.076639
0.33099
0.075394
0.35424
0.61326
0.13257
0.28531
0.42832
0.33063
0.36697
0.76248
0.42842
0.092656
0.35901
0.94761
0.52743
0.24781
0.14694
0.13152
0.21144
0.089817
1.0053
0.076717
0.18992
0.71929
0.1748
0.17306
0.28005
0.60929
0.20121
0.60158
0.43268
0.81752
0.23595
0.070665
0.2071
0.34183
0.5181
0.16107
0.22498
0.090176
0.19336
0.42736
0.16316
0.42962
0.08801
0.18185
0.4815
0.092906
1.0967
1.1248
0.91541
0.52587
0.50626
0.94703
1.0052
0.70111
0.156
0.27278
0.12795
0.41994
1.0582
0.60753
0.20773
0.24522
0.16994
0.6327
0.1689
0.54222
1.1821
0.097964
1.0903
0.093055
0.73021
0.60803
0.16828
0.55169
0.45539
0.90336
0.19553
0.37232
0.19755
0.21196
0.096269
0.22775
0.36261
0.20565
0.3283
0.17964
1.1649
0.10016
0.13068
0.23786
0.21626
1.1211
0.79658
0.46206
0.29891
0.1192
0.78313
0.12981
0.11467
1.1699
0.1245
0.37816
0.1995
0.80661
0.21497
0.5696
1.496
1.2179
0.10016
0.15462
0.48936
0.42718
1.2149
0.12495
0.30288
0.37332
0.84751
0.11522
0.26607
0.26987
0.13619
0.33082
0.14868
0.19341
0.41092
1.3285
0.14676
0.11043
0.9939
0.99654
1.3689
0.12978
0.5862
0.10304
1.2391
0.1356
0.62038
0.56791
0.40976
0.28729
0.083197
0.36402
0.40272
0.44057
0.58346
0.58961
0.17318
0.24251
0.15423
1.1764
0.21616
0.10414
0.53218
0.41817
0.26884
0.39612
0.32098
0.14285
0.1018
0.084799
0.1281
0.15834
0.30838
0.44123
0.086354
0.10465
0.21981
0.096082
1.2254
0.3431
0.07336
0.077379
0.67746
0.17729
0.26066
0.14275
0.50712
0.082588
0.10989
0.16483
0.1911
0.18282
0.8345
0.39019
0.31721
0.47013
0.89495
0.14436
0.15683
1.2193
0.26
0.10742
0.14053
0.50421
0.16832
0.18422
0.19451
0.55782
0.061518
0.15689
0.7881
0.23347
1.1849
1.1733
1.0052
1.0055
0.23026
0.18539
0.34482
0.069577
0.14025
0.090188
0.095329
0.34801
0.23527
0.53542
0.39672
0.28209
0.094112
0.23262
0.60914
0.62512
0.18725
0.094045
1.283
0.25509
0.10774
0.62687
0.19952
0.14674
0.079707
0.39343
0.87225
0.21652
0.32836
0.7514
0.29516
0.46418
0.10444
0.22742
0.1504
0.29781
0.13986
0.2734
0.067166
0.76438
0.098277
0.12254
0.7981
0.44448
0.66825
0.75882
0.3575
1.0109
0.13729
0.13115
0.50371
0.62703
0.16131
0.70934
0.40337
0.83928
0.14497
0.2547
0.11243
0.14866
0.13258
1.127
0.56541
0.70973
0.12437
0.17132
0.15825
0.19123
0.53923
0.09223
0.09986
0.24777
0.30878
0.18245
0.086475
1.1891
0.12876
0.085
0.72476
0.11256
1.1321
0.10988
0.93554
0.16304
0.92822
1.0785
0.08541
0.093299
0.44171
0.81413
0.41755
0.27302
0.20853
0.078058
0.77539
0.24342
0.10435
0.50522
0.15745
1.0179
0.42514
0.66095
0.35779
0.13158
0.26483
0.55746
0.706
0.16811
0.14057
0.92684
0.2126
0.18856
1.3058
0.68645
0.80549
0.82498
0.32613
0.11462
0.07379
0.12427
0.11247
0.12394
0.25851
0.084827
0.093494
0.30406
0.06716
0.32749
0.95112
0.17745
0.30536
0.079588
0.083616
0.19763
0.13035
0.11981
0.11922
0.47282
0.14893
0.52532
0.11217
0.33141
0.1815
0.1556
0.21464
0.51067
1.4263
0.40322
0.086071
0.12124
0.055289
0.13464
0.13497
0.91633
0.15561
0.09994
0.33149
1.2943
0.41062
0.31148
0.11092
0.53374
0.081728
0.096612
0.073213
0.17713
0.22789
0.6005
0.14315
0.099634
0.29643
0.15356
0.96988
1.3645
0.78199
0.30141
0.38582
0.31981
0.086746
0.098772
0.07554
1.5426
0.60311
0.10486
1.0996
0.62801
1.0466
0.34069
0.25159
0.7994
0.18207
0.65731
1.1289
0.17824
0.26649
0.25082
0.65421
0.23216
0.33518
0.13808
0.19505
1.0404
0.86038
0.22668
0.10768
0.13522
0.82555
0.54067
0.22833
0.25212
0.16967
0.42583
0.73971
0.64715
0.083613
0.11446
0.4222
0.83588
0.46071
0.23546
0.08851
0.16904
0.13043
0.065355
0.13859
0.085148
0.39824
0.1262
0.51881
0.12799
0.95694
0.11786
0.57404
0.17924
0.20916
1.0572
1.1135
0.69579
0.42483
0.077795
1.1573
0.30848
0.75139
0.099157
0.25595
0.54298
0.13912
0.26118
1.3163
0.21362
0.19371
0.083937
0.82605
0.07489
0.41497
0.62183
1.1304
0.32747
0.090081
1.0019
0.18069
0.27781
0.77946
0.24681
0.28042
0.32844
0.069498
0.69614
0.11441
0.40794
0.099745
0.11855
0.097298
0.77411
1.1418
0.22913
0.16717
0.26208
0.094078
0.63403
0.52418
0.59513
0.17187
0.47611
1.1536
0.74186
0.08887
0.98353
0.1738
0.14684
0.90704
0.80111
0.14619
1.2139
0.10042
1.0167
0.41797
0.23048
1.333
0.14966
0.15757
0.78133
0.11846
0.38108
0.099668
0.28141
0.21386
0.87302
1.0497
0.30033
0.45668
0.30257
0.087032
1.0263
0.20379
0.25885
0.95539
0.65964
0.11075
0.2096
0.2648
0.54204
0.10639
0.075067
0.44533
0.09501
0.24122
0.16439
0.076238
0.14529
0.19106
0.2572
0.57414
0.15942
0.20949
0.28615
0.22474
0.62036
1.2051
0.22974
0.17388
0.40549
0.19032
0.19107
0.56991
0.1289
0.089609
0.15878
0.35722
0.61272
0.38386
0.30582
0.1462
0.05716
0.1434
0.29626
1.1825
0.36479
0.42118
0.51907
0.11367
0.73403
0.20067
0.10398
0.29203
0.90988
0.080024
0.40856
0.52282
0.86912
1.1272
0.07543
0.10036
0.57398
1.187
0.78977
0.4424
0.59754
0.59524
0.10105
0.27734
0.20458
0.57264
0.2029
0.51042
0.086239
0.29337
0.16338
0.09136
0.27143
0.16655
0.5717
0.10241
0.6645
0.11039
0.10293
0.31814
0.24355
0.47655
0.42576
0.68947
1.1982
0.91678
0.24587
0.20738
0.4211
0.067386
0.41717
0.16082
0.08504
0.5604
0.85774
0.53937
0.28836
0.93876
0.33185
0.49803
0.13367
0.23269
0.1805
0.43916
0.56062
0.16786
0.098444
0.82195
0.4238
0.67972
0.20419
0.20199
0.47381
1.1364
1.2157
0.17811
0.1798
0.12643
1.0792
0.426
1.5617
1.3023
1.12
0.22873
0.30827
1.2231
0.10324
1.25
0.74816
0.31091
0.16556
0.14478
0.23012
1.0374
0.78415
0.30134
0.14117
0.24879
0.084868
0.12381
0.72933
0.37876
0.22542
1.0926
0.16251
0.16778
0.18005
0.4453
0.36519
0.12555
0.94323
1.0776
0.074196
0.30681
0.71095
0.15974
0.24531
0.14207
0.25375
0.10329
0.11143
1.1459
0.16661
0.071827
0.84373
0.11524
0.1109
0.96424
0.097785
0.29928
0.1248
0.55251
0.95871
1.438
0.20306
0.662
0.10926
0.12606
0.63974
0.11344
1.4185
0.090297
0.61961
0.087853
0.1558
0.43337
0.073442
0.56275
0.42322
1.5257
0.11239
0.089874
0.10944
0.40438
0.10662
0.93809
0.25075
0.65046
1.1764
0.47468
0.50055
0.85675
0.53949
0.076859
0.55787
0.97839
0.33428
0.20474
0.89233
0.11946
0.16525
0.2171
1.4227
0.8077
0.14599
0.80307
0.14223
0.1167
0.39314
0.63805
0.14405
1.1969
0.26376
0.20272
0.89112
1.0783
0.11937
0.10323
0.60313
0.077052
0.15329
0.53707
0.26137
0.75246
0.090167
0.79562
0.1357
0.16893
0.84525
0.24076
0.8056
0.6754
0.15335
0.14758
0.16029
0.086461
0.27974
0.15743
0.82296
0.16729
0.17032
0.14197
0.43071
0.29455
0.15835
0.6791
1.0219
0.59664
0.15946
0.37385
0.093489
0.84498
0.5457
0.17968
0.9757
1.5579
0.25011
0.9074
0.44325
0.19358
0.41651
1.3204
0.97742
0.30016
0.17981
0.33602
0.70823
1.0803
0.53307
0.12704
0.10708
0.13454
0.095499
0.1005
0.41144
0.10763
0.092665
0.085286
0.076858
0.3483
0.80109
0.34199
0.73716
0.14903
0.20207
0.10522
0.53174
0.34444
0.99732
0.30306
0.10931
0.11279
0.30147
0.55563
0.73945
0.98706
0.11637
0.74498
0.38085
0.33848
0.12835
1.1713
0.86495
1.0432
1.0086
0.58462
0.27793
0.34663
0.15441
0.52208
0.38788
0.26193
0.075489
0.12892
0.068803
0.6929
0.10112
0.88365
0.090984
0.68294
0.49552
0.18712
0.086336
1.006
0.27169
0.18658
0.47199
0.099069
0.10672
0.41624
0.49333
1.5303
0.49691
0.5681
0.78159
1.3997
0.74739
0.20558
0.17635
0.29123
0.071806
0.74346
0.19656
0.92045
0.33405
0.1593
0.8926
0.3574
0.10797
0.98969
0.27948
0.2184
0.15266
0.11063
0.2111
0.14594
0.11625
1.0219
0.68534
1.2098
0.30486
0.10429
0.57392
0.62239
0.42527
0.080127
0.16993
0.56034
0.29434
0.16432
0.12504
0.092417
1.1861
0.1298
0.11398
0.58912
0.4333
0.24978
0.10456
0.40963
1.0338
0.073325
0.21338
1.1771
0.50146
0.42054
0.14141
0.20669
0.095403
0.78106
1.0118
0.10134
0.14202
0.26757
0.80644
0.39151
0.18696
0.10471
0.30288
0.98171
0.34184
0.07274
1.1041
0.3153
0.83439
0.1527
0.078712
0.12562
0.39179
1.1424
0.5618
0.53765
0.08601
0.47884
1.0089
0.17965
0.17775
1.0037
0.070054
0.92861
1.1722
0.14582
0.12483
0.27646
0.34457
0.12107
0.084925
0.1152
0.47455
0.38853
0.054967
0.26945
0.14904
0.22229
0.18731
0.10167
0.18027
1.3223
0.84969
0.9913
0.12173
0.37048
0.32893
0.23077
0.11659
0.08712
0.38801
0.96049
1.082
0.53693
0.16185
0.21743
0.073289
1.0869
0.15381
0.10972
0.52138
0.14519
1.1942
0.99252
0.50068
0.45981
0.063186
0.56829
0.60754
0.47786
0.1298
1.3628
0.66228
0.50871
0.18089
0.17955
0.15559
0.27394
0.16281
0.65945
0.96271
0.75403
0.25377
0.65979
1.014
0.6478
0.10798
0.20446
0.21277
1.0769
1.032
0.19427
0.18355
0.19536
1.2157
0.20209
0.079369
0.13799
1.183
0.10568
0.25553
0.36579
1.3011
0.7553
0.10833
0.32671
0.25275
0.54534
0.10062
0.26689
0.30116
0.19886
0.14673
0.1632
0.2957
0.92148
1.1149
0.54948
0.50476
0.23107
0.29633
0.59663
0.10994
0.11679
0.089725
0.22299
1.1111
0.49237
0.56487
0.070444
0.39483
0.34378
0.3724
0.42256
0.34233
0.15331
1.0448
0.171
0.20188
0.11434
1.2432
0.7339
0.091107
0.2052
0.20017
0.93686
0.72055
0.14427
0.30335
0.10734
0.83499
0.61025
0.12706
0.19277
0.2167
0.30615
0.089694
0.20413
0.081139
0.15544
0.57426
0.10397
0.69531
0.075404
0.14748
0.19619
0.61329
0.16357
0.38607
0.093806
0.51698
0.19319
0.14625
0.24928
0.95284
0.90586
0.11529
0.81188
1.5804
0.092105
0.32502
0.27953
0.10997
0.12775
0.94812
0.18751
0.15665
0.82447
0.248
0.75581
0.09691
0.080353
0.66364
0.1964
0.15165
1.0422
0.12767
0.1764
1.0035
0.25116
0.11918
1.1111
0.20085
0.14492
0.10088
0.097926
0.21775
0.33518
0.81223
0.58306
0.18925
0.11892
0.091993
0.12754
0.78897
0.1327
0.068344
0.47136
0.14203
0.55381
0.13239
0.17188
0.13928
0.66797
0.91266
1.2698
0.56414
0.1054
0.32407
1.3371
0.76986
0.69771
1.1233
1.2115
0.85263
0.42228
0.24099
0.60371
0.12873
0.10611
0.22445
0.16763
0.23082
0.16199
0.36056
0.41635
0.95891
0.10513
0.51486
0.15907
0.086412
1.0783
0.21658
1.1678
0.13087
0.4419
0.19831
1.1839
0.33567
0.20234
0.091746
0.42631
0.087831
0.1653
0.79116
1.0429
0.69981
0.29643
0.17561
0.55708
0.13189
0.070884
0.18919
1.2059
0.28488
0.14414
0.55137
0.21013
1.1412
0.81906
0.11113
0.14178
0.26017
0.4896
0.40061
0.34484
0.54052
0.39816
1.2524
0.48743
0.089996
0.21902
0.13161
0.73779
0.323
0.21211
0.28953
0.13603
0.072209
1.3427
0.1491
1.1676
0.7607
0.73873
1.2395
0.24188
0.14729
0.083815
0.23088
0.44275
0.17762
1.1491
0.23231
0.077571
0.12655
0.097632
0.084977
0.21005
0.41702
1.2336
0.12131
0.25577
0.26852
0.25986
0.38874
0.18841
1.4966
0.27404
0.26252
0.70272
0.65162
0.3024
0.94954
1.2367
0.20332
0.2296
0.15106
0.15655
0.086921
0.26156
0.086711
0.19763
0.27876
0.12179
0.5639
0.3598
0.081106
0.15015
0.088613
0.50781
0.16067
0.43369
0.41309
0.37253
0.42656
0.13232
0.14087
0.48378
0.53942
0.42736
1.5394
1.0331
0.21971
0.66218
0.16055
0.07844
0.44336
0.080629
0.22715
0.29837
0.10475
0.27352
0.51215
0.30997
0.13345
0.12382
1.1801
0.24597
0.91594
0.13563
0.16083
0.41231
0.25256
0.19656
0.20405
0.12642
0.096173
0.75754
0.45047
0.068625
0.42681
0.35638
0.67415
0.81229
0.27183
0.099009
0.14454
0.22903
0.11929
0.20525
0.23999
0.14409
0.45067
0.25571
0.15622
0.27429
1.0439
0.33921
0.26023
0.48658
0.2843
0.18219
0.60582
0.083259
1.137
0.53879
0.83894
0.10465
0.28703
0.2056
0.29204
0.19499
0.36873
0.26153
0.13401
0.096631
0.15202
0.66011
0.156
0.75103
1.4139
0.98063
0.12358
0.095812
0.094912
0.16205
1.0744
1.0138
0.61563
0.75292
1.2967
0.10279
0.33756
0.95979
0.70648
0.92642
0.19169
0.44074
0.18859
0.77547
0.16989
0.22294
0.18348
0.090821
0.15192
0.88085
0.076721
0.26601
0.14881
0.33512
0.58949
0.64657
1.367
0.91212
0.17489
0.75902
0.12239
0.13491
1.0642
1.0136
0.19328
0.34772
0.15943
1.2229
0.45733
0.38874
0.19869
0.99286
0.81032
0.081033
0.19052
0.36712
0.43205
0.65135
0.42455
0.40354
0.1109
0.30564
0.30283
0.94235
0.14638
0.75908
0.75275
0.073888
0.14518
0.11151
0.53705
0.75186
0.39636
0.46278
0.17001
0.22499
0.31823
0.79688
0.25062
0.76506
0.11257
0.12101
0.088572
0.21418
0.11446
0.1881
1.0657
0.11931
1.017
0.92223
1.0159
0.21741
0.32265
0.072205
0.19272
0.11189
0.41137
1.5384
0.18783
0.99144
0.91918
1.1218
0.69046
0.25256
0.10346
0.48928
0.22467
0.20727
0.20613
0.22987
0.23891
0.19615
0.45673
0.47306
0.31425
0.1473
0.17715
0.12328
0.65171
1.2306
0.10706
0.12627
0.83651
1.3102
0.86931
0.090511
0.24861
0.49587
0.19638
0.19043
0.18405
0.63152
0.28784
0.38511
0.087687
0.14529
0.203
0.71353
0.2495
1.1795
0.18405
0.14082
0.17807
0.095199
0.37755
0.09669
0.086523
1.2551
0.26943
1.1301
0.3098
0.53736
0.39846
0.18264
0.19593
0.77518
0.68183
0.11943
1.5236
0.74813
0.96948
0.26689
0.13619
0.086585
0.11016
0.90837
0.12365
0.13121
1.2639
0.091747
0.12566
0.81275
0.22692
0.28219
0.15454
1.1923
0.15226
1.1021
0.5365
0.28204
0.086736
1.017
0.18435
0.6593
0.2826
0.55207
0.40108
0.58002
0.098876
0.17363
0.2799
0.23943
0.086492
0.20362
0.097457
0.1557
0.34479
0.268
0.37183
1.1114
0.50316
0.75291
0.14876
1.1789
0.21245
0.27675
0.19676
0.62366
0.13446
1.0339
0.22926
0.82884
0.066085
0.95994
0.086047
0.26463
0.43984
0.34796
0.87008
0.14386
0.10784
0.1425
0.30922
0.080924
0.092542
0.16378
0.68057
0.11309
0.27743
0.48972
0.13379
1.0549
0.076898
0.28531
0.095808
0.12748
0.61478
0.10061
0.44488
0.90713
0.3762
0.52117
0.10389
1.2968
0.1177
0.19054
0.090512
0.095713
0.59498
0.31493
0.16377
0.12625
1.1973
0.21709
0.20766
0.11597
0.19746
0.16299
0.85756
0.67177
0.57801
0.071295
0.11453
0.092372
0.9812
0.25794
0.31017
0.22666
0.20994
0.59372
0.99655
0.87731
0.52762
0.5209
0.42294
0.084814
1.1021
0.47332
0.67424
0.1701
0.89351
0.48269
0.14513
0.087343
0.43803
1.1728
0.21629
0.13231
0.19133
0.10071
1.0086
0.99473
1.0227
0.054742
1.0121
0.34553
1.0131
0.16555
0.1789
0.0991
0.18812
0.097407
0.069266
0.20642
0.58421
0.36858
1.0724
0.080961
0.070353
0.20528
0.94622
0.16516
0.25569
0.088689
0.48052
0.5347
0.22021
0.67291
0.13914
0.15872
0.23836
0.11736
0.28267
0.26486
0.6739
0.55739
0.16496
0.92695
0.43141
0.18942
0.19761
0.19037
0.1009
0.15669
0.071579
0.30871
0.11862
1.0161
0.45162
0.072392
0.83431
0.081079
0.63281
0.16186
0.13848
0.11525
0.19217
0.19794
0.1944
0.12226
0.081066
0.062551
0.077887
0.25622
0.5288
0.8374
0.30135
0.65548
0.25454
0.19702
1.1618
0.24207
0.069694
0.86612
1.0957
0.59021
0.98418
0.14124
0.36746
0.2855
0.29196
0.11125
0.13776
0.20244
0.25346
0.11289
0.15226
0.092083
1.0983
1.2756
0.17752
0.10678
0.41689
0.091343
0.64
0.19632
0.13966
0.052458
0.33512
0.208
0.91073
0.33325
0.3976
0.10345
1.0927
0.35153
0.35161
0.31403
0.2111
1.0652
0.52563
0.31461
0.14533
0.61976
0.35477
0.16133
0.15894
0.13492
0.11638
0.94872
0.10208
0.27357
0.47884
1.1086
0.1326
0.098491
0.4109
0.077242
0.7943
0.19713
0.20666
0.13927
0.3346
0.18115
0.12553
0.29002
0.517
0.2077
0.58763
0.93778
0.12086
0.085222
0.48883
0.58019
0.8684
0.51757
1.1837
0.85863
0.56084
0.55546
0.083748
0.10102
0.37279
0.64691
0.22934
1.0454
0.11555
0.25976
0.11483
0.14577
0.16309
1.1758
0.1197
0.13663
0.22925
0.42011
0.48517
0.50094
0.35139
0.12592
0.093211
0.31117
0.079912
0.325
0.56761
0.64844
0.52574
0.10913
0.26222
1.1077
0.58016
0.13693
0.086762
0.1131
0.23937
0.57165
0.23477
0.69648
1.2965
0.39838
1.0099
0.48282
0.067451
0.79907
0.13335
0.69595
0.11152
0.17918
0.44588
0.72078
0.17708
0.43309
0.11747
0.63784
0.14526
0.41173
0.50259
1.4338
0.3563
0.30202
0.57268
0.43861
0.52054
0.28154
0.80271
0.9678
0.14231
0.11384
1.3586
0.61427
0.31357
0.93345
0.12235
0.10561
0.71926
0.40484
0.52507
0.40365
0.11864
0.20177
0.16258
0.093382
0.47694
0.21636
0.25003
1.2967
0.070825
0.11238
1.2158
1.0652
0.17566
0.17956
1.0759
0.23961
0.54101
1.0517
0.81866
1.0862
0.80982
0.66298
0.12602
0.24398
1.2295
0.14596
0.44721
0.54609
0.096034
0.1803
0.98239
0.22503
0.11379
0.1542
0.45068
1.1876
0.77133
0.96013
0.13968
0.14519
0.30354
0.52235
0.97986
0.35564
0.17189
0.1101
0.62165
0.4527
0.38604
0.13755
0.27961
0.22059
0.086509
0.96967
0.54098
0.97997
0.094465
0.14931
0.3313
0.10129
0.19769
0.53287
1.0303
0.1063
0.85983
0.7314
0.60656
0.051775
1.0659
0.14139
1.5378
0.11524
0.46796
0.14928
0.1156
0.98748
0.56541
0.1839
0.60813
0.85859
0.19367
0.30814
0.11213
0.57005
0.59525
0.10281
0.60103
0.13165
0.10728
0.24535
0.10205
0.16931
0.27017
0.71594
1.2271
0.99189
0.56613
0.98409
0.27051
0.1074
0.084193
0.10365
0.31552
1.0011
0.31013
0.32411
0.12313
0.1336
0.11258
0.98016
0.10291
0.73583
0.81775
0.074205
1.1579
0.066567
1.2459
0.14238
0.25551
1.0782
0.09711
0.2665
1.3582
0.11652
0.11054
1.0256
0.28619
0.26386
0.89072
0.19087
0.25625
0.42526
1.0147
0.11903
0.8849
0.61126
0.16596
0.54434
0.41172
0.23757
0.90153
0.53882
0.13781
0.37947
0.16227
0.10178
0.1398
0.60243
0.43933
1.052
0.14637
0.17736
0.34109
1.0557
0.30319
0.28491
0.18235
0.39899
0.12262
0.80287
0.51016
0.91463
0.10475
0.11963
0.6733
0.54107
1.1117
0.11181
0.14924
0.4707
0.30839
1.0093
0.64897
0.18447
0.6834
0.14698
0.15261
1.1284
0.10788
0.1434
0.18855
0.33228
0.48068
0.80375
0.41735
0.23378
1.1937
1.2038
1.0904
0.18706
1.1641
0.1783
0.15731
0.10569
0.14951
0.11653
0.39534
0.9887
0.29657
0.079282
0.08687
0.1554
0.12806
0.17083
0.1221
0.41167
0.22414
0.51765
0.092666
0.096231
0.93519
0.23636
0.077962
0.52805
0.064957
0.15731
0.12378
1.0805
0.17218
0.29792
0.12675
0.76912
0.59883
0.48138
0.84465
0.83741
1.13
1.1266
1.1967
1.1861
0.34877
0.66073
0.24264
0.08156
0.13336
0.10202
0.21213
0.06922
0.50434
0.20996
0.087596
0.19712
0.20443
0.14714
0.14316
0.88918
0.29929
0.2244
0.47114
0.16685
0.38258
0.23568
0.32108
0.13483
0.11777
0.54283
0.094954
0.46042
0.13062
0.30404
0.09264
0.87145
0.094257
0.22814
0.39974
0.47175
0.27213
0.35686
1.5744
0.18078
0.19391
0.16002
0.15429
0.1862
0.080467
0.21158
0.38448
0.13173
0.17197
0.24906
0.072092
0.20758
0.99814
0.17647
0.10643
0.97186
0.20153
0.12529
0.35288
0.59231
0.23324
0.23981
0.83805
1.0231
0.086618
0.48533
0.59515
1.2067
0.12353
0.27656
0.086319
0.49015
0.52859
1.2854
0.089766
0.25823
0.95373
0.12086
0.83366
0.15888
0.21175
0.4879
1.1774
0.25273
0.21857
0.22593
0.37141
0.25149
0.094657
0.1385
0.26929
0.077579
1.0912
0.11292
0.56296
0.10211
1.235
0.16229
0.10733
0.68346
0.22208
0.43249
0.87396
0.26746
0.36112
1.0608
0.25895
0.75685
0.0627
1.6331
0.069207
0.17241
0.22804
0.080716
0.086683
0.10167
0.272
0.44433
0.064501
1.0005
0.13239
0.341
0.3852
0.096194
0.90038
0.79753
0.5871
0.32032
1.1403
0.18968
0.20565
1.1343
1.1809
0.23296
0.51317
0.087763
0.73461
0.16172
0.30016
0.41806
1.3252
0.89514
0.13519
0.18512
0.072701
0.71189
0.53268
0.16526
0.14747
0.44554
0.7174
0.24653
0.099815
0.13405
0.29462
0.31881
0.1239
0.1103
0.14934
0.11867
1.4364
1.0274
1.1167
0.46778
0.14606
0.2639
0.41245
0.71937
0.085146
0.33508
0.20827
0.16647
0.70952
0.20555
1.4785
0.18324
0.099843
0.85637
0.16519
0.34112
0.12784
0.54112
0.56449
0.090817
0.25275
0.2473
0.32479
0.64462
0.58537
0.90891
1.1103
0.99138
0.46835
0.11922
0.3102
0.18391
1.0797
1.0589
0.98515
0.22769
0.40517
0.18209
0.27431
0.35138
0.12475
0.39612
0.22752
0.20045
0.51865
0.56529
0.82338
0.31568
0.13162
1.1906
0.2972
0.11577
0.13223
0.16884
0.2155
0.46012
0.078324
0.56627
0.4986
0.093636
0.22638
0.48496
1.1683
1.0031
0.53009
0.15813
0.13678
0.63741
0.91199
0.29637
0.20913
0.12941
1.1472
0.30081
1.2016
0.66434
0.39315
0.20775
0.75849
0.31646
0.15502
0.23026
1.2785
0.1346
0.10885
0.30486
0.10995
0.42919
0.40526
0.15035
1.0623
0.20962
0.64962
0.44442
0.31956
0.22309
1.0842
1.1204
0.49918
0.1035
0.30743
0.32341
0.14883
0.57489
0.18374
0.18837
0.55775
0.68364
0.080021
0.20394
0.12463
0.71002
0.2086
0.26927
0.1863
0.29923
0.22548
0.38072
0.092944
0.11002
0.65497
1.1261
0.35196
0.32694
0.83106
0.71825
0.16529
0.44494
0.14445
0.19437
1.2148
0.51265
0.10773
0.18506
0.18508
0.38535
0.13189
0.27362
0.086377
1.2745
0.23038
0.11405
1.1577
0.80311
0.21309
0.19715
0.26104
0.1682
0.27635
0.40412
0.24487
0.87797
0.26091
0.33226
0.46267
0.086344
1.2401
0.77858
0.43902
0.98445
0.14262
0.21255
0.85401
1.0159
0.28094
0.18593
0.37037
0.22346
0.69092
0.51287
0.13338
0.10011
0.2279
0.80686
1.256
0.085615
0.92404
0.65996
0.46629
0.091456
0.75855
0.82505
0.48457
0.14573
1.436
0.57845
1.105
0.22054
0.43755
0.79783
0.90551
0.28974
0.4437
0.55897
0.24035
0.91426
0.14923
0.46134
0.59742
0.40081
0.45019
0.26374
0.90977
0.54474
0.75342
0.2614
0.75785
0.14768
0.20859
0.17939
0.15489
0.49751
0.69474
0.16394
0.93863
0.1244
0.5589
0.18666
0.77456
1.3369
0.17425
0.39957
0.099298
0.11288
0.44971
0.39216
0.23725
0.32046
0.83206
0.3836
0.54426
0.10613
0.33315
0.60468
0.28687
0.11693
0.5253
0.11425
0.69125
0.10906
0.33595
1.1642
0.1786
1.0475
0.11586
0.10031
0.11427
0.095839
0.84219
0.17784
0.21581
0.65309
0.12069
0.28007
0.13268
0.52769
0.21838
0.40439
0.878
0.68393
0.91742
0.093892
0.2227
0.10088
0.20841
0.67294
0.13255
0.29218
0.66651
0.7657
0.23377
0.18896
0.14023
0.1681
1.0087
0.21002
0.18544
0.5929
0.3059
0.11432
0.84373
0.64373
0.51575
0.10966
0.92417
0.12453
0.066638
0.08518
0.097726
0.12081
0.24122
0.3224
0.56717
0.17451
0.69681
0.09496
0.76906
0.38226
0.11412
0.61417
0.093453
0.064113
0.11087
0.28829
0.37952
0.095098
1.318
0.87043
0.49993
0.13387
0.31633
0.17311
0.16396
0.17549
0.084902
0.15998
0.58681
0.23768
0.16078
0.12561
0.50036
0.70869
0.37152
0.2684
0.5559
0.29546
0.10567
0.098315
0.69949
1.2857
0.078114
0.073558
0.23684
0.56208
0.75804
0.66668
0.12401
0.11058
0.32184
1.191
0.38727
0.12191
0.11453
0.095366
0.92281
0.38249
0.6904
0.24306
0.61379
0.44763
0.12568
0.2242
1.2459
0.88464
1.0713
0.29549
0.079577
1.2225
0.096734
0.32167
0.41932
0.076968
0.24534
0.24867
0.17656
0.18655
0.16257
0.29778
0.079812
0.69823
0.21518
0.16097
0.82575
0.089311
0.20289
0.098505
0.3615
0.38735
0.14371
0.75657
1.1304
0.69166
0.22485
0.45061
0.74452
1.0682
0.10393
1.122
0.093657
1.0564
0.095198
0.39868
0.52889
1.2213
1.1996
0.14855
0.24042
0.98659
0.065364
0.28194
0.31774
0.64743
0.097758
0.25451
0.11149
0.20523
0.14502
0.56661
0.45043
0.13814
1.4551
1.1652
0.31339
0.68828
0.59348
0.19123
0.11059
0.18442
0.31431
1.137
0.211
0.31271
0.4028
0.44813
0.1666
0.95394
0.083917
0.34795
0.13534
0.24244
0.46445
1.0586
0.12465
0.10089
0.28291
0.099258
0.18557
1.0944
0.96425
0.26885
0.096679
1.1616
0.32449
0.1369
0.90702
0.20351
0.11478
0.59448
0.45633
0.10391
0.078497
0.17888
0.060826
0.068899
0.77024
0.12096
0.94696
0.29224
0.21857
1.1187
0.11768
0.10849
0.4959
0.24047
0.083245
0.55696
0.10466
1.132
0.14677
0.27619
0.71657
0.79238
0.5129
0.46708
0.23489
0.79268
0.18509
0.45279
0.1957
0.16057
0.20087
1.0963
0.13136
0.10753
0.85197
0.20873
0.79095
1.179
0.099638
0.5112
0.30803
0.27157
0.26193
0.19945
0.19704
0.38885
0.18905
0.28291
0.25037
0.39599
0.15906
0.6887
0.10399
0.98665
0.17269
0.13394
0.15488
0.42875
0.24757
1.0535
0.33014
0.275
0.13143
0.17129
0.27778
0.10519
1.1575
0.088893
0.35637
0.96211
1.4776
0.084525
0.14532
0.066536
0.35677
0.24108
0.5976
0.094097
1.2307
0.04908
0.70322
0.11691
1.5691
0.52925
0.1129
0.27742
0.68012
0.69945
0.10665
0.56496
0.84071
0.13807
0.10711
1.3475
0.46506
1.2079
0.31844
0.10026
0.10545
0.72214
0.13663
0.2918
0.4216
0.11117
0.12102
0.26395
0.15505
0.96784
0.19302
0.5564
1.1269
0.60591
0.8733
0.11823
0.28412
0.98928
0.41611
0.2137
0.62797
1.1131
0.50219
1.0424
0.97521
1.1633
0.86344
1.1177
0.12499
0.48434
0.10001
0.34068
0.45222
0.73564
0.59051
0.07778
0.15006
0.32861
0.12051
0.20705
0.10349
0.1905
0.15152
0.11126
0.17869
0.33186
0.3134
0.13342
0.41094
0.11941
1.076
0.27095
1.2995
1.0688
0.56828
0.22204
0.095059
0.94732
0.39286
0.47396
0.7746
0.27529
1.663
0.44437
1.198
0.47988
0.23824
0.38917
0.24356
0.2458
1.1605
0.16659
0.26318
0.13755
0.15537
0.12459
0.13252
0.091621
0.63836
0.10362
0.35023
0.56652
0.87102
0.136
1.477
0.53456
0.081216
0.34375
0.13385
0.14059
0.10782
0.079382
0.79006
0.12755
0.29383
0.096882
0.75793
0.69842
0.067603
0.93643
0.19917
0.24051
0.16536
0.37549
0.11437
0.91198
0.57032
0.14445
0.8741
0.71463
0.23862
0.17833
0.15847
0.11499
0.40863
0.85032
0.64633
0.90676
0.11758
1.2586
0.19994
0.2005
0.073241
0.18992
0.11157
0.1516
0.23385
0.11206
0.71022
0.077565
0.38921
0.06525
0.22677
0.12889
0.11108
0.22524
0.46215
0.073447
0.38576
0.66031
0.23039
0.61135
0.17584
0.13005
0.15019
0.21975
1.2767
0.16216
0.59992
0.56037
0.06528
0.42782
0.26236
0.79542
0.12457
0.19961
0.254
0.12314
1.1686
0.96771
0.27138
0.3387
0.085966
1.2961
0.26073
1.3388
1.0015
0.13211
0.37679
0.29092
0.69419
0.36751
0.59568
0.91779
0.089961
0.098312
0.17505
0.21445
0.35716
0.077338
0.20138
0.15098
0.078083
0.14726
0.2104
0.45113
0.13154
0.1418
1.0512
0.20658
0.75892
0.12322
0.5781
0.091023
0.31282
0.63223
1.1506
0.101
0.33317
0.1137
0.22014
0.35269
0.51541
1.4144
0.25327
0.6358
0.20732
0.11377
1.0392
0.234
0.23399
0.7985
0.11404
0.26504
0.1078
0.38673
0.16606
0.086707
1.1475
0.11417
0.63232
0.40442
0.13706
0.12168
0.10604
1.0636
0.12395
0.11511
0.090924
0.73797
0.06191
0.18962
1.0757
0.30905
0.37265
0.71619
0.22694
1.1392
0.61978
0.14519
0.36002
0.24591
0.13823
0.50139
0.54486
0.28011
0.7629
0.073979
0.079096
0.25988
0.12484
0.68551
1.1192
0.079822
0.092949
1.0024
0.19346
1.0884
0.23606
0.09116
0.84182
0.56927
0.28091
0.11123
0.14403
0.09061
0.15568
0.14753
0.72531
0.43037
0.15917
0.12064
0.40796
0.23977
0.11534
0.091318
0.47996
0.11182
0.0729
0.25002
0.98764
1.2248
0.13389
0.14849
0.1084
0.091528
0.34611
0.098684
0.89804
0.25031
0.88119
0.14052
0.99162
0.20405
0.66513
0.16343
0.24272
0.85486
0.94408
0.67014
0.10896
0.20011
0.49194
0.10696
0.318
0.78544
0.16236
0.91673
0.67023
0.11363
0.35514
0.30959
0.90255
0.27581
0.15254
0.32473
0.21577
0.50421
0.29908
0.19548
1.0621
0.14743
0.94148
0.24197
1.1614
0.87387
0.56822
0.11959
1.0813
1.037
0.078439
0.063998
0.11325
0.092749
0.28998
1.1442
0.23115
0.71909
0.11003
0.87246
0.42096
0.086592
0.13411
0.71503
0.50459
0.32381
0.16521
0.91393
0.19567
0.25553
0.21672
0.066496
0.18734
0.24874
0.91717
0.13301
0.44689
0.19624
0.1372
0.21888
0.13923
0.30301
0.20031
0.45118
0.91664
1.091
1.0156
0.40569
0.2974
0.52133
0.19226
0.106
0.44631
0.13279
0.44855
0.1624
0.76614
0.12407
0.34135
0.11338
0.59641
0.22542
1.1292
0.16292
0.26726
0.32589
0.14749
0.071899
0.21592
0.41847
0.22136
0.079927
0.10654
0.86276
0.21693
0.15221
0.15024
0.14694
1.2756
0.12213
0.27749
1.0053
0.076717
1.2162
0.10233
0.24483
0.30773
0.16491
0.84833
0.38632
0.51589
0.70827
0.81752
0.45867
0.14944
1.1594
0.45079
0.67465
0.10973
0.22498
1.0598
0.29003
0.099625
0.3433
0.42962
0.08801
0.18185
0.72562
0.20165
1.0967
0.18835
0.078699
0.28301
0.11699
0.26246
0.53933
0.13874
1.0708
0.21583
0.22693
0.10864
0.22601
1.145
0.82586
1.029
0.62969
1.4196
0.29378
0.26332
0.13549
0.11048
0.60849
0.65141
1.0664
0.1397
0.17927
0.33882
0.082881
0.11439
0.45124
0.48039
0.6579
1.0158
0.095779
0.092809
0.41175
0.12829
0.59322
1.2686
0.12428
0.83597
0.13068
0.1467
0.59415
0.36374
0.79658
0.13338
0.58727
0.45647
0.11291
0.42188
1.2178
0.13822
0.24937
0.1372
0.16313
0.34512
0.36576
0.10608
0.13314
0.45442
0.97998
0.30711
0.48936
0.21136
0.096565
0.08034
0.052052
0.22342
0.83609
0.1536
0.2479
0.96257
0.4641
1.1313
0.60578
0.9219
0.17627
1.3285
0.18394
0.69546
0.56209
0.12273
0.72131
0.37376
0.11857
0.14291
0.5312
0.57947
0.89158
0.31656
0.17993
0.2973
0.083197
1.0085
0.12846
0.44057
0.43366
0.09616
0.2899
0.10653
0.15423
0.22217
0.50214
0.45584
0.60783
0.11894
0.28196
0.94669
0.13997
0.12087
0.1506
0.97
0.077208
0.30371
0.30838
0.50081
0.086354
0.090085
1.1314
0.46933
0.83302
0.27659
0.098765
0.87003
0.21047
0.40689
0.66629
0.78473
1.268
0.26151
0.14308
0.10671
0.11528
0.56932
0.64685
0.26708
0.8118
0.3918
0.36057
0.25078
0.26095
0.40581
0.095654
0.095338
0.19616
0.87078
0.067528
0.17363
0.27845
0.71478
0.48815
0.38333
0.12359
1.1124
0.9175
0.4525
1.1277
0.28849
0.23026
0.12936
0.08607
1.3026
0.7845
0.11465
0.56711
0.34801
0.23527
0.09474
0.1738
0.24463
0.094112
0.17279
0.15269
0.62512
1.3347
0.60122
0.12198
0.25509
0.10892
0.13545
0.28829
0.097184
0.41791
0.28456
0.1449
0.16823
0.32836
1.2446
0.32317
0.17749
0.42224
0.44697
0.75569
0.29781
0.13986
0.17993
0.64932
0.14301
0.098277
0.22255
0.10045
0.17498
0.25729
0.11946
0.15336
0.12629
1.0861
0.13115
0.17231
0.2301
0.17945
0.70697
1.229
0.15729
0.14497
0.12293
1.1802
1.1064
0.9767
0.2204
0.56541
0.25217
0.10814
0.08697
0.16448
0.10323
0.13881
0.1472
0.23573
0.099936
0.12742
0.21175
0.097504
0.37103
1.135
0.30719
0.4506
0.86896
0.14326
0.10988
0.94674
0.16304
0.9021
0.34051
0.40332
0.10004
0.62228
0.81413
0.41755
0.27302
0.20853
0.078058
0.77539
0.24342
0.10435
0.50522
0.15745
1.0179
0.42514
0.66095
0.35779
0.13158
0.26483
0.55746
0.706
0.16811
0.14057
0.92684
0.2126
0.18856
1.3058
0.68645
0.80549
0.82498
0.32613
0.11462
0.07379
0.12427
0.11247
0.12394
0.25851
0.084827
0.093494
0.30406
0.06716
0.32749
0.95112
0.17745
0.30536
0.079588
0.083616
0.19763
0.13035
0.11981
0.11922
0.47282
0.14893
0.52532
0.11217
0.33141
0.1815
0.1556
0.21464
0.51067
1.4263
0.40322
0.086071
0.12124
0.055289
0.13464
0.13497
0.91633
0.15561
0.09994
0.33149
1.2943
0.41062
0.31148
0.11092
0.53374
0.081728
0.096612
0.073213
0.17713
0.22789
0.6005
0.14315
0.099634
0.29643
0.15356
0.96988
1.3645
0.78199
0.30141
0.38582
0.31981
0.086746
0.098772
0.07554
1.5426
0.60311
0.10486
1.0996
0.62801
1.0466
0.34069
0.25159
0.7994
0.18207
0.65731
1.1289
0.17824
0.26649
0.25082
0.65421
0.23216
0.33518
0.13808
0.19505
1.0404
0.86038
0.22668
0.10768
0.13522
0.82555
0.54067
0.22833
0.25212
0.16967
0.42583
0.73971
0.64715
0.083613
0.11446
0.4222
0.83588
0.46071
0.23546
0.08851
0.16904
0.13043
0.065355
0.13859
0.085148
0.39824
0.1262
0.51881
0.12799
0.95694
0.11786
0.57404
0.17924
0.20916
1.0572
1.1135
0.69579
0.42483
0.077795
1.1573
0.30848
0.75139
0.099157
0.25595
0.54298
0.13912
0.26118
1.3163
0.21362
0.19371
0.083937
0.82605
0.07489
0.41497
0.62183
1.1304
0.32747
0.090081
1.0019
0.18069
0.27781
0.77946
0.24681
0.28042
0.32844
0.069498
0.69614
0.11441
0.40794
0.099745
0.11855
0.097298
0.77411
1.1418
0.22913
0.16717
0.26208
0.094078
0.63403
0.52418
0.59513
0.17187
0.47611
1.1536
0.74186
0.08887
0.98353
0.1738
0.14684
0.90704
0.80111
0.14619
1.2139
0.10042
1.0167
0.41797
0.23048
1.333
0.14966
0.15757
0.78133
0.11846
0.38108
0.099668
0.28141
0.21386
0.87302
1.0497
0.30033
0.45668
0.30257
0.087032
1.0263
0.20379
0.25885
0.95539
0.65964
0.11075
0.2096
0.2648
0.54204
0.10639
0.075067
0.44533
0.09501
0.24122
0.16439
0.076238
0.14529
0.19106
0.2572
0.57414
0.15942
0.20949
0.28615
0.22474
0.62036
1.2051
0.22974
0.17388
0.40549
0.19032
0.19107
0.56991
0.1289
0.089609
0.15878
0.35722
0.61272
0.38386
0.30582
0.1462
0.05716
0.1434
0.29626
1.1825
0.36479
0.42118
0.51907
0.11367
0.73403
0.20067
0.10398
0.29203
0.90988
0.080024
0.40856
0.52282
0.86912
1.1272
0.07543
0.10036
0.57398
1.187
0.78977
0.4424
0.59754
0.59524
0.10105
0.27734
0.20458
0.57264
0.2029
0.51042
0.086239
0.29337
0.16338
0.09136
0.27143
0.11456
0.3404
0.34771
0.20839
1.0966
0.76649
0.73045
0.20647
0.11545
0.14108
0.18498
0.13883
0.22232
0.24587
0.12461
0.11673
0.19412
0.41717
0.13584
0.12933
0.65899
0.12891
0.23969
0.22292
0.069782
0.90341
0.13334
0.14344
0.24556
1.0483
0.43916
0.71122
0.076176
0.288
0.0903
0.38324
0.38395
0.26697
0.21476
0.49094
0.071277
0.3328
0.17811
0.44674
0.19589
0.73335
0.17887
0.41675
0.58316
0.76537
0.64864
0.44621
0.099523
0.22672
0.17116
0.52475
0.19097
0.14774
0.14478
0.83454
0.44892
0.46062
0.46089
0.48793
0.26762
0.20723
0.063125
0.15268
0.37889
0.14301
0.071606
0.4381
0.24357
0.18005
1.4256
0.16313
0.35207
0.19225
1.1289
0.074196
0.15054
0.18877
1.4622
0.24531
0.084392
0.23028
0.69381
0.16436
0.38404
0.30483
0.16682
0.17517
0.94328
1.1641
0.87156
0.62989
0.18051
0.090524
0.20221
0.61538
0.85077
0.81631
0.15666
0.3704
0.38579
1.1035
1.2233
0.84632
0.07386
0.61003
0.12138
0.19722
0.072985
0.15085
1.0006
0.11492
0.72679
0.77749
0.50643
0.10944
1.2246
0.82166
0.93809
0.12971
1.0291
1.1764
0.078465
0.50055
0.2777
0.19549
0.81295
1.0071
0.15695
0.070755
1.0639
0.2777
0.84523
0.25681
0.24765
1.1527
0.10339
0.29497
0.16135
0.20912
0.10324
0.10153
0.26462
0.69458
0.090683
0.21864
0.23622
0.086476
0.40146
0.10486
1.1121
0.12897
0.13829
0.36727
0.26023
0.33638
1.2981
0.22367
0.79562
0.1315
0.28979
1.1491
1.0915
0.28755
0.6754
0.075343
0.54201
0.20701
0.072513
0.37168
1.1608
0.82296
0.068268
0.17032
0.25056
0.12001
0.13761
0.90708
0.6791
0.077806
0.59664
0.77883
1.0376
0.11686
0.84498
0.26345
0.46633
0.12298
1.5579
0.4289
0.91613
0.72069
0.78581
0.15249
1.2433
0.097219
0.61597
0.083444
0.58296
0.21288
0.28639
0.29901
0.58714
0.11528
0.11871
0.095499
0.099751
0.71644
1.2647
0.60286
0.59137
0.67856
0.3483
0.46091
0.90403
0.50867
0.19229
0.42378
0.063662
0.28935
0.34444
0.11196
0.12354
0.075956
0.10242
0.091906
0.97571
0.91838
0.14257
0.11637
0.1269
0.14157
0.25925
0.41193
0.72182
0.26196
0.63147
1.1096
0.1589
0.2158
0.34663
1.1316
0.52208
0.63731
1.1169
0.090175
0.65986
0.067749
0.88513
0.45198
0.30067
1.1614
0.34391
0.18301
0.10961
0.26429
0.37704
0.12041
0.45234
0.47199
0.22411
0.084091
0.087782
0.21332
0.22707
0.071333
0.18424
0.1061
1.3997
1.3139
0.85796
0.3093
0.085363
0.24839
0.18199
0.19656
0.25051
0.33405
0.30724
0.94605
0.96585
0.24182
0.31621
0.62155
0.52544
0.49594
1.0763
0.84028
0.18616
0.3634
0.061974
0.13392
0.16676
0.98876
0.401
0.3581
0.2313
0.2727
0.080127
0.32538
0.21914
1.458
0.077714
1.2199
0.23797
0.31082
0.12532
1.1132
0.42953
1.4916
0.58311
0.41088
0.24151
0.23314
0.073325
1.0505
0.42638
0.89216
0.26018
0.55519
0.79923
1.7508
0.42402
0.48551
0.14287
0.086504
0.11389
0.12649
0.37508
0.45649
0.25858
0.13358
1.1391
0.12058
1.0576
0.096186
0.12658
0.7713
0.5418
0.11089
0.092246
0.51439
0.10433
0.35064
0.53765
0.08601
0.46529
0.78583
0.40024
0.17775
0.3926
1.157
0.24403
1.1722
0.34291
0.17096
0.78714
0.1678
0.12107
0.16583
0.13576
0.44419
0.69696
0.214
0.10374
0.99699
0.34285
0.095352
1.7119
0.15657
0.1786
1.0121
0.25395
0.33134
0.14134
0.7775
0.06568
0.11659
0.94726
0.38801
0.092625
0.30477
0.53693
0.60649
0.13765
1.0556
0.12879
0.21063
1.1013
0.13031
0.13561
1.1942
0.13688
0.12713
0.08609
0.076126
0.69604
1.105
0.70027
0.068209
0.41521
0.35373
0.55609
0.81449
0.085178
1.2829
0.11086
0.10612
0.098595
0.96271
0.75403
0.14581
0.65979
1.1042
0.88229
0.20619
0.26961
0.47118
1.0769
0.092429
0.15899
0.64627
0.33713
0.11497
0.34903
0.36857
0.13799
0.10104
0.14095
0.8325
0.12665
1.1238
0.068104
0.1741
0.34654
0.60518
0.18473
0.093913
0.26689
0.1226
0.22902
0.9334
0.26568
0.048564
1.2298
0.35056
0.52914
0.12727
1.2952
0.20215
0.10801
1.1627
1.1269
0.38954
1.1005
0.2735
0.16428
0.56487
0.63668
0.54173
0.83505
0.18211
0.93251
0.52302
0.18309
1.0448
0.36389
0.10639
0.11434
0.17834
0.26794
0.091107
0.26526
1.2325
1.1605
0.72055
0.72652
0.52829
0.89305
0.29189
0.67211
0.2811
1.0725
0.2167
0.11047
0.40499
1.2446
0.088107
0.22001
0.23502
0.85227
0.13046
0.39451
0.19013
0.52438
0.76422
0.97486
0.62929
0.084459
0.33099
1.0264
0.20641
0.66991
0.95284
0.15203
0.11529
1.4856
0.14997
0.10365
0.32502
0.49994
0.098865
0.091459
0.084888
0.10541
0.30948
0.6057
0.13484
0.39154
0.19073
0.53211
0.095783
0.23289
0.11613
1.2712
0.31411
0.17613
1.0717
0.19361
0.14178
0.20099
0.092552
0.59044
0.78869
0.097926
0.27733
0.33518
0.40232
1.2056
0.593
0.50421
0.95403
0.2966
0.068553
1.0932
1.1123
0.080401
0.10772
0.59014
0.095606
0.10501
0.28365
0.66797
0.75017
1.0627
0.15342
0.52191
0.47482
0.67526
0.76986
0.43741
0.65087
0.235
0.16239
0.097617
0.24679
1.0125
0.12873
1.1888
0.14628
0.6451
0.23082
1.2219
1.0134
0.41635
0.72097
0.25881
0.77319
0.15907
0.10868
0.8904
0.21658
0.15188
0.31102
0.67755
0.832
1.1839
0.33567
0.20234
1.6428
0.091757
0.21532
0.14248
0.20407
0.25351
1.0579
0.09448
0.10819
0.34337
0.13639
0.37802
0.70086
1.2059
0.27651
0.11838
0.14341
0.21013
0.54467
0.81906
0.11113
1.4124
0.84631
0.88248
0.2506
0.87464
0.26828
0.39816
0.19749
0.78755
0.73693
0.2203
0.59747
0.73779
0.98373
0.086272
0.28953
0.20846
0.12918
0.24013
0.11358
1.137
1.1157
1.2571
0.24197
0.24188
0.6565
0.083815
0.16354
0.33436
0.16105
0.21895
0.24824
0.42617
0.2073
0.11934
0.73325
1.2022
0.41702
0.16859
0.42699
0.25577
1.1277
0.25986
1.1007
0.18841
0.14487
0.13831
0.68445
0.29709
0.36248
0.3024
0.41133
0.48998
0.080075
0.24147
0.351
0.86279
0.33732
0.23635
1.2778
0.2332
0.34813
0.12385
0.5639
0.14425
0.12622
0.23443
0.11471
0.21492
0.76836
0.13336
1.0265
0.63123
0.91312
0.13765
0.21902
0.17062
0.093268
0.12448
0.11503
0.1579
0.44578
0.079899
0.083934
0.70936
0.087889
0.14016
0.08239
0.11913
0.069101
0.14118
0.58854
0.56457
0.2585
0.11064
0.26143
0.30243
0.70361
0.13563
0.8114
0.14729
0.32859
0.43068
0.13299
0.083671
1.1105
0.75754
0.50714
0.097313
0.42681
0.35638
0.18995
1.1454
1.1505
0.096943
1.2122
0.1487
0.21039
0.13869
0.12666
0.11478
0.93712
0.80015
0.19696
0.27429
1.0725
0.33921
0.30712
0.58273
0.16342
0.18219
0.12903
0.40465
0.11722
0.13849
1.2739
0.17545
0.33903
0.14109
0.18833
0.79851
0.35178
0.13747
0.13401
0.42414
0.18012
0.67817
0.40216
0.43702
1.4139
0.1259
0.70437
0.39397
0.10922
0.13928
0.12992
0.35575
0.52704
0.13564
0.18889
0.38159
0.65793
0.10724
0.061273
0.18561
0.38717
0.45081
0.22567
0.27337
0.41217
0.1794
0.12308
0.22221
0.16068
1.4414
0.18569
0.3584
0.20636
0.80108
0.59783
0.47787
0.16066
0.74253
0.29879
0.16038
0.28239
0.073592
0.12207
0.13505
0.64882
1.262
1.6983
0.28626
0.19194
0.38874
0.11704
0.735
0.33412
0.14816
0.536
0.54507
0.19455
0.12513
0.16598
0.16558
0.087903
0.9698
0.15574
0.31423
1.2434
0.75908
0.75275
0.073888
0.14518
0.57549
0.44484
0.86971
0.1399
1.1387
0.6363
0.42847
0.24542
0.12439
0.86982
0.598
0.14038
0.096871
0.66669
0.19231
0.11881
1.4629
1.0657
0.11931
0.16607
0.92223
0.60634
0.3754
0.26921
0.072205
0.46905
0.11189
0.11957
0.75215
1.1456
0.25186
0.17354
0.18548
0.38123
0.1026
1.0951
0.48928
0.98702
1.3394
0.6004
0.48049
0.20515
1.4856
1.1446
1.2331
0.25817
0.094146
0.17715
0.12328
0.65171
0.13448
0.10706
0.61365
0.1705
1.2336
0.82481
0.14463
0.18295
0.41624
0.74284
0.95495
0.18327
0.85683
0.058961
0.082382
0.51223
0.33544
0.12877
0.80292
0.2495
0.18544
0.15228
0.57869
0.1125
1.2422
0.089118
1.3178
0.086523
0.091949
0.33388
0.71891
0.90447
0.23371
0.39846
0.76827
0.19593
0.15314
0.69111
0.18912
0.11403
1.1961
0.30775
0.18046
0.42024
0.27167
0.091474
0.10372
0.12365
0.13559
0.23314
0.20498
0.21173
0.22105
0.22692
0.1095
0.15454
0.080453
0.27343
0.22247
1.2609
1.0739
0.086736
0.072051
0.18435
0.47811
0.14
0.27834
0.40108
1.0496
0.38074
0.15803
0.17012
0.086278
0.24637
0.46725
0.29875
0.3258
0.27375
0.268
0.24563
0.84317
0.92056
0.21296
0.10493
0.38712
0.2186
0.64616
0.32372
1.327
0.070932
0.23795
0.26118
1.0721
0.15866
0.13561
0.070562
0.48156
0.081474
0.33882
0.87008
0.31166
0.094037
1.0917
0.17487
1.3419
0.19481
0.070662
0.14193
0.21256
0.15486
0.48972
0.10378
0.10042
0.22514
0.14243
0.06195
0.51638
0.5319
0.13712
1.5424
1.0495
0.094796
0.087471
0.10733
0.20776
0.22084
0.65033
0.070385
0.82534
0.090217
0.68937
0.10058
0.19616
0.14314
0.8296
0.21366
0.17748
0.10801
0.16299
0.14163
0.21001
0.11917
0.12273
0.40158
0.1047
0.9812
0.28685
1.3022
0.4575
0.32145
0.48879
0.28777
0.11572
1.1222
0.10793
0.12012
0.084814
0.24699
0.12902
0.67424
0.11683
0.21901
0.1236
0.89712
0.39876
0.14784
0.078676
0.35113
0.15405
0.081578
0.19705
0.11994
0.99473
0.12691
0.20151
1.0121
0.34553
0.48603
1.0874
0.6449
0.22744
0.089871
0.40342
0.069266
0.070065
0.10492
0.22039
0.14644
0.92117
0.11541
0.60911
1.2782
0.078431
0.62228
0.088689
0.71521
0.14282
0.88045
0.11261
0.16849
0.42338
0.083483
0.25369
0.28267
0.50685
0.56567
0.086688
0.41863
0.27629
1.2022
1.3348
0.093472
1.0774
0.60281
0.33956
0.095234
0.95557
0.19411
1.0161
0.12798
0.2413
0.50167
0.19018
0.12172
0.11014
0.20142
0.93644
0.19217
0.43414
0.73194
0.12226
0.081066
1.3976
0.15965
1.0415
0.6642
0.8374
0.19581
0.20829
0.58772
1.0415
1.0819
0.19309
0.7317
0.11912
0.81334
0.11916
0.29018
0.23521
0.13589
0.11774
0.19502
0.07411
0.87734
0.23028
1.3802
0.11271
0.15768
1.1823
0.081728
1.2756
1.0655
0.29838
1.0352
0.2965
0.93102
1.5958
0.51354
0.40292
0.33512
0.41904
0.29216
0.15124
0.40208
0.08491
0.19891
0.12584
0.1444
0.084393
0.17814
0.51162
0.15474
0.15187
0.63451
0.61976
0.10683
1.2226
0.35812
0.15667
0.10114
0.077446
0.49456
0.27357
0.47884
0.64842
0.1326
0.098491
1.1705
0.071714
0.088076
0.35033
0.2345
0.07835
1.177
0.41566
0.12553
0.60006
0.33384
1.0161
0.58763
0.093047
0.43142
0.5899
0.79011
0.08955
0.40021
0.51757
1.0341
0.49325
0.32132
1.0893
1.0416
0.11268
0.52857
0.098586
0.22934
0.13454
0.22885
1.6454
0.98295
0.24302
1.2077
0.59672
0.14183
0.15391
0.59901
0.12686
1.2614
0.569
0.10662
0.12592
0.27737
0.33199
0.92596
0.26318
0.32016
1.1875
0.18312
0.10913
0.26222
0.88906
1.0347
0.13693
0.086762
0.72018
0.33811
0.11233
0.060209
0.69648
0.23816
0.39838
0.28762
1.1001
0.43015
0.077739
0.1182
1.0837
0.48818
0.81465
0.3397
0.76003
0.17708
0.27064
0.15965
0.77378
0.1928
0.51947
0.50259
0.208
1.2756
1.2188
0.19812
0.099619
0.307
0.12943
0.10444
0.19283
0.30473
0.85334
1.1112
0.1772
0.77062
0.38255
0.13591
0.49592
0.25324
0.21516
0.26157
0.40365
0.73763
1.1144
0.82756
0.32732
0.085431
0.21636
0.26719
0.080884
0.36292
0.22672
0.15394
0.0857
0.73255
0.17956
1.2921
0.24995
0.13031
0.24535
0.42527
0.32367
0.40349
0.81974
0.084448
0.28295
0.22399
0.34267
1.227
0.14369
0.39964
0.068069
0.87847
0.23487
0.16181
0.18428
0.10927
0.4662
0.11093
0.40498
0.11334
0.14519
0.53296
0.32803
0.08054
0.2732
0.20673
0.12194
0.60212
0.36129
0.73503
0.6958
0.68061
0.094887
0.2033
0.2461
0.40663
0.42115
0.67025
0.14172
0.27624
0.14742
0.35378
0.072889
0.46098
0.081539
0.20291
0.087755
0.097862
0.13293
0.15642
0.23893
0.20557
0.11802
0.54327
0.26936
0.21732
0.094454
0.35717
0.1839
0.23366
0.38198
0.19166
0.30814
0.086532
0.077223
0.46189
0.20383
0.11906
0.47724
0.39384
0.14823
0.12064
0.16931
0.15813
0.23353
0.83885
0.23814
0.072759
0.98409
0.56505
0.078971
0.084193
1.7104
0.11369
0.48159
0.23279
0.30686
0.11342
0.75928
0.21412
0.51132
1.3936
0.15336
0.14501
0.18619
0.37856
0.61992
0.13514
0.31223
0.087056
0.13192
1.1036
0.288
0.89221
0.092419
0.95726
0.25033
0.15917
1.1166
1.2429
1.2268
0.10691
0.51124
0.49373
1.0447
0.57107
0.06656
0.16596
0.54434
0.21896
0.10074
0.091831
1.1007
0.12365
0.3851
0.41414
0.18797
0.31763
0.70256
0.43597
0.30311
1.0188
0.14273
0.79647
0.43385
0.29629
0.65566
0.25884
0.39899
0.14796
0.15461
0.51016
1.2388
0.11557
0.18808
0.32376
0.4347
0.69712
0.29838
0.081299
0.13798
0.96449
0.43165
0.43571
0.15005
0.6834
0.47592
0.15261
1.229
0.5145
0.14457
0.18855
0.37903
0.28998
0.1562
0.55424
0.71987
1.1937
0.13545
0.55395
1.1749
0.20871
0.48705
0.15731
0.25146
0.17622
0.51348
0.18704
0.9887
0.29657
0.42286
0.6436
1.3245
0.53533
0.22614
0.41107
1.0933
0.88279
0.097425
0.44488
0.23281
0.30829
0.27093
0.20382
1.2714
0.48752
0.096097
0.78184
0.67482
1.0169
0.79668
0.13812
0.36298
0.29953
1.0771
0.18013
0.83741
1.0038
0.18252
0.18719
0.54007
0.25087
0.49945
1.2334
0.36345
0.17908
0.3055
0.12327
0.06891
0.50434
1.1621
0.47931
0.10493
0.20443
0.14714
0.44053
0.13354
0.10969
0.52461
0.71086
0.39102
0.16128
0.13321
1.3172
1.1697
0.49298
0.64245
1.3439
0.20185
0.13062
0.11684
0.66831
0.18153
0.094257
0.14843
0.62578
0.20997
0.085886
1.3136
0.59185
0.14644
0.70059
0.3968
1.002
0.1862
0.19673
0.21172
0.99177
0.94971
0.14478
0.1215
0.16297
0.11159
0.076825
0.24012
0.13564
0.12271
0.79119
0.11731
0.34645
0.65369
0.23324
0.94224
0.65461
0.21479
0.6442
0.28827
0.64064
0.84097
0.072204
0.65088
0.65671
0.19463
0.32764
1.509
0.59141
0.94241
0.18761
0.93407
0.83366
1.1993
0.13644
0.60817
1.1774
0.25273
0.09753
0.22593
0.07249
0.094449
0.75858
0.55967
0.60981
0.55421
0.58562
0.46429
0.1815
0.21514
0.23124
0.13338
1.47
1.2119
0.22208
0.1482
1.3113
1.0267
0.57822
0.12376
0.3873
0.87766
0.39567
0.21245
0.39259
1.023
0.083528
1.6867
0.093376
0.2979
0.272
0.16761
0.24342
1.0005
1.1915
0.57336
0.3852
0.20976
0.13385
0.98957
0.13906
0.098801
0.12373
0.32465
0.11894
0.21259
0.16062
0.23961
0.20577
0.40495
0.34255
0.334
1.2363
0.30069
0.36797
0.19614
0.085211
0.19179
0.10616
0.1057
0.53268
0.92391
0.58561
0.18221
0.36407
0.24653
0.099815
0.10164
0.29462
0.61421
0.79653
0.80702
0.13269
0.11454
0.093409
0.98768
1.03
0.10215
0.24777
1.1798
0.27281
0.10169
0.3763
1.2699
0.24127
0.18438
0.10321
0.10753
0.10598
0.16407
0.10839
0.15612
0.21698
0.094959
0.25105
0.54112
0.072582
0.3974
0.25275
0.50358
1.1377
0.085233
0.14022
0.41569
0.75659
0.99138
0.25069
0.13123
1.2692
0.53501
0.1182
0.093715
0.71751
0.22769
0.59193
0.99349
0.11848
0.07931
0.11519
0.13587
0.24628
0.10192
0.10833
0.11017
0.82338
0.13401
0.14747
0.65913
0.62335
1.3596
0.53342
0.70687
1.4584
0.16102
0.078324
0.56627
0.48924
1.1408
0.072716
0.097858
0.07694
0.14958
0.10658
0.51005
0.35809
0.35949
0.12108
0.188
0.093925
1.5287
1.1472
0.30081
0.21302
0.11137
0.34789
0.081934
0.75849
0.37053
0.10901
1.1896
0.93423
1.0827
0.0897
0.29095
0.10995
0.14923
0.40526
0.15385
1.0623
1.1705
0.68428
0.29096
0.7355
0.53507
0.085729
0.12884
1.2268
0.1035
1.1459
0.43601
0.14883
0.25009
0.15004
0.51144
0.55775
0.87781
0.26158
0.54121
0.64322
0.5303
0.13849
0.7347
0.086849
0.37466
0.63742
0.38072
0.074955
0.11794
0.30883
0.067086
0.1239
0.31651
0.14791
0.54285
0.30585
0.60452
0.28189
0.12034
0.15956
1.2439
0.093495
0.10752
0.25246
0.13388
0.13189
0.73646
0.69159
1.2303
0.14485
0.23098
1.0897
0.23004
0.39024
0.13351
0.14944
0.53242
1.122
1.1881
0.12224
0.15502
0.24169
0.10894
0.43111
0.0895
0.57928
0.87509
0.18255
0.24385
0.80928
0.21255
0.6734
0.24114
0.082469
0.68071
0.36321
0.18596
0.074967
0.18081
0.12165
0.9798
0.70312
0.3509
0.30956
1.3309
0.57546
0.10612
0.12265
0.26862
0.23713
0.24066
1.2139
0.16708
0.60901
0.15733
0.63849
1.1167
0.21743
0.076963
1.3005
0.91706
0.24545
0.21547
0.1078
0.22492
0.17134
0.43348
0.21498
0.33852
0.12453
0.21733
1.2624
0.4017
0.26728
0.2614
0.071907
0.11569
1.0527
0.11187
0.15489
0.39081
0.4673
0.094248
0.83176
0.1244
0.27477
0.5778
0.10005
0.55637
0.17134
0.072311
0.24114
0.15084
0.24968
0.15976
0.23725
0.091287
0.46245
0.24016
0.54813
0.3277
0.98065
0.23311
0.18367
0.11693
0.15128
1.1247
0.98061
0.61118
0.14348
0.95773
0.76442
0.4337
0.2018
0.12272
0.20884
0.34129
0.84219
0.10653
1.2648
0.44799
0.93719
0.15321
0.20397
0.65609
0.14838
0.34902
0.41889
0.68393
0.1709
0.65283
0.14283
0.24701
0.20841
0.29482
0.37917
0.15106
0.92934
0.22043
0.11477
0.28421
0.092098
0.11123
0.54676
1.2916
0.10387
0.19185
0.59336
1.1053
0.069436
0.30459
0.26752
0.1245
0.31667
0.22896
0.20543
0.18542
1.0287
0.55237
0.24055
0.097148
0.94209
0.17451
0.69681
0.13976
0.76906
0.12912
0.21618
0.087198
0.24985
0.087987
0.11087
0.25784
1.1381
0.11026
0.32196
1.126
0.98768
0.19748
0.11779
0.17311
0.65761
0.28199
0.078726
0.0907
0.22653
0.1212
0.24833
0.17159
0.73187
0.84594
0.92911
0.52057
0.28721
0.079855
0.21102
0.95211
0.69949
0.71032
0.097184
0.096208
0.23802
0.56208
0.17297
0.10408
0.77611
1.0244
0.16627
0.84375
0.89281
0.12191
0.51629
0.2785
0.75053
0.85908
0.17631
0.74264
0.88704
0.16565
0.26113
0.094322
1.2459
1.1273
1.0713
0.092707
0.56813
0.12092
0.90532
0.33308
0.84788
0.75418
0.17244
0.84319
0.17656
0.90248
0.53062
0.33167
1.5104
0.27727
0.38396
0.72373
0.52439
0.23454
0.24349
0.95869
1.0786
0.097973
0.82181
0.98981
0.12324
0.32395
0.63163
1.0815
0.13681
0.21618
0.095846
0.082155
0.83766
0.10939
1.0448
0.39868
0.52889
1.0256
0.92789
0.5469
0.089896
1.0652
0.70226
0.10335
0.31774
0.19237
0.39048
0.25451
0.24728
0.20523
0.24494
0.16687
0.14753
0.097672
0.12778
0.24124
0.31339
0.20405
0.067112
0.14626
0.49924
0.18442
0.83251
0.088991
0.28229
0.16772
0.4028
0.30516
0.20766
0.40825
0.081656
0.30975
0.16357
0.088
0.10801
0.58737
0.073293
0.37247
0.19189
0.39363
1.106
0.41856
1.0521
0.62888
0.92433
1.1616
0.099064
0.16205
0.30411
1.2578
0.51096
1.1087
0.51743
0.069736
0.44881
0.089398
0.16154
0.30738
0.16131
0.16581
0.94696
0.43494
0.16107
0.83476
0.11847
0.5048
0.36749
1.0995
1.2583
0.20167
0.24528
0.6983
0.12738
0.27619
0.71657
0.54153
0.089696
0.10406
0.17252
0.79268
0.78016
0.13513
0.23553
0.16057
0.80498
0.24638
0.18605
0.17342
0.24757
0.288
0.24118
0.24271
0.14606
0.55968
0.52946
0.094978
0.41071
0.10275
0.11923
0.13499
0.25294
0.28291
0.59595
0.14382
0.094943
0.16907
0.95936
0.090978
0.80416
0.87085
0.17987
0.49035
0.3737
0.09254
0.2499
0.1348
0.16999
0.67583
0.29444
0.25051
0.11781
0.48051
0.35637
0.19234
0.59287
0.19289
0.14532
0.066536
1.1582
1.1697
0.12704
0.78683
1.2307
0.33415
0.70322
0.43809
1.5691
0.52925
0.62381
0.19695
0.69838
0.43995
0.89026
1.1706
0.11587
0.18531
0.18696
0.17698
0.79487
0.67569
0.59701
1.2135
0.17236
1.4526
0.18875
0.13324
0.19178
0.11117
1.3994
0.36645
0.10223
0.45161
0.17375
0.11159
0.38928
0.30649
1.5845
1.4483
0.080939
0.25803
0.39245
0.39535
0.49139
0.38619
0.92541
0.35987
0.068092
0.52243
1.2091
0.27517
0.049104
0.080167
0.88567
0.14136
0.13024
0.14688
0.065589
0.35277
0.90314
0.90947
0.39441
0.19034
0.072608
0.12098
0.24279
0.11126
0.37497
1.1929
0.16494
1.1058
0.41094
0.41908
1.0627
0.5123
0.19182
0.15409
0.071448
0.16966
0.21421
1.2555
0.87085
0.5635
0.52514
1.3227
0.058536
0.32815
1.1043
0.21852
0.7668
0.14255
0.23977
1.2856
0.14011
1.2697
1.3079
0.29155
0.10148
0.72719
0.33754
0.1495
0.63836
0.23589
0.35023
0.24481
1.1737
0.89394
0.072328
0.28235
0.27401
0.15558
0.21429
0.11085
0.38155
0.12591
0.16922
0.84237
0.14857
0.12848
0.27982
0.30201
0.067603
0.37744
0.1076
0.24051
0.37683
0.20083
0.085227
0.40169
0.094236
0.27556
0.30187
0.44044
1.1634
0.30118
0.40471
0.22019
0.52112
0.22237
0.59552
0.91488
0.65224
0.17801
0.083517
1.1964
0.18869
1.1878
1.1127
0.45071
0.32588
0.67152
0.1839
0.33599
0.75913
0.37974
0.2377
1.2437
0.51128
0.22524
0.41309
0.37539
0.24713
0.20814
1.2473
0.61135
0.2578
0.53927
0.51085
0.26
1.2765
0.16216
0.59992
0.2652
0.22606
0.27065
0.073929
0.097439
0.18042
0.10357
0.24017
0.47127
0.20315
0.09413
0.083625
0.70351
0.21311
0.074653
0.6584
0.13676
0.6337
0.16539
0.13946
0.29092
0.26385
0.10069
0.17331
0.11489
0.82385
0.098312
0.17505
0.14744
0.21357
0.24675
0.37046
0.10113
0.40024
0.73747
1.0222
0.14655
0.34878
0.14673
0.30034
0.085839
0.28177
0.24205
0.40482
1.2412
0.31282
0.13188
0.40672
0.101
0.33317
0.24081
0.22014
0.18775
0.08793
0.17902
0.25327
1.0145
0.20732
0.12679
0.092332
0.234
0.28285
0.22507
0.075403
0.2177
0.32324
0.25319
1.0418
0.36536
0.21509
0.27237
1.0937
0.40442
0.2267
0.12236
0.39684
1.0636
0.93025
0.47533
1.2444
0.3735
1.1759
0.19198
0.15244
0.20993
0.77077
0.48852
0.30084
1.1333
0.69576
1.0695
0.36002
0.28505
0.54874
0.1141
0.56621
0.91177
0.36031
0.09942
0.36995
1.0954
1.163
0.072709
0.25755
0.38395
0.39437
0.34754
1.0648
0.50044
0.16608
0.62394
0.15994
0.56927
0.10788
0.14564
0.081925
0.27006
0.15568
0.14065
0.21852
0.77784
0.26943
0.1911
0.67714
0.14992
0.099299
0.16764
0.39224
0.13015
0.22769
0.24784
0.1648
1.2248
0.10648
0.30125
0.13519
1.0223
0.61606
0.33774
1.2
0.25031
1.1771
0.068243
0.69722
0.31574
0.1762
0.12535
0.24272
0.38701
0.39758
0.4276
0.78199
0.072404
0.23446
0.17135
0.13217
0.54653
0.35298
0.13604
0.17491
0.086296
0.35514
0.11686
1.1197
0.38454
0.44384
0.19476
0.092201
0.10305
0.092322
0.088179
0.1184
0.47348
0.94148
0.16851
0.78536
0.22401
0.45159
0.63851
0.14094
0.1723
0.60931
0.24968
0.71481
0.13882
0.12114
1.1442
0.32756
0.073919
0.30974
0.31224
0.23751
0.086592
0.21082
0.17851
1.1036
0.37878
0.12016
0.94388
0.089557
0.32419
0.10559
0.92397
0.18734
0.15991
0.91717
0.084235
0.27581
0.49225
0.17014
0.30701
0.10247
0.10779
0.87981
0.1774
0.13739
0.23188
0.1679
1.1455
0.19142
1.1417
0.65952
0.082888
0.20594
0.68036
0.11913
0.28898
0.12999
0.88166
0.34135
0.3206
0.98384
0.085349
0.24088
0.094922
1.2609
1.0923
0.081509
0.13252
1.1414
0.24541
0.11722
0.69428
0.22567
0.20374
1.1911
0.15221
0.33587
0.36581
1.2756
0.12213
0.19695
1.1623
0.16352
0.10332
0.17774
0.15483
0.16945
0.33088
0.26286
0.19735
1.1195
0.65571
1.0409
0.20191
0.47257
0.55138
0.59053
0.11241
0.11709
0.26208
0.13331
0.64704
0.93933
0.32016
0.12672
0.12816
0.25804
0.68913
0.093275
1.0967
0.15786
0.15137
1.0409
1.5107
0.12661
0.16852
0.18975
0.61276
0.21583
1.7178
0.41815
1.2028
0.1097
0.38016
1.1744
0.36147
0.41852
0.084197
0.37364
0.3633
0.10958
0.26248
0.65141
0.99934
0.13183
0.17927
0.33882
0.11413
0.11439
0.1343
0.70975
0.11276
0.36927
0.54594
0.2785
0.49944
0.23983
1.6555
0.21803
0.38396
0.43092
0.13068
0.070068
0.35202
0.59696
1.0367
0.78228
0.19315
0.12622
0.088731
0.64183
0.18137
0.13822
0.85117
0.2445
1.1386
0.34593
0.36576
0.10608
0.13314
0.80333
0.72108
0.4561
1.0014
0.21136
0.096565
0.089041
0.052052
0.10554
0.12305
0.17766
0.2479
0.15913
0.89415
0.37954
0.7138
0.14012
0.17627
0.20115
0.24951
0.1724
0.22938
0.58264
0.62697
0.80635
0.11857
0.55271
1.2827
0.19582
0.077129
0.96043
0.6587
0.082313
0.083197
0.14874
0.91147
0.44057
0.1069
1.4391
0.2899
0.26981
0.15423
0.9562
0.17373
0.7225
0.089912
0.15751
0.40347
0.095692
0.22153
0.23662
0.56738
0.28873
0.50106
0.30371
0.25265
0.22358
0.2127
0.090085
0.13428
0.93323
0.17412
0.12772
1.0815
0.10459
0.45539
0.35456
1.1258
0.78473
0.12379
0.48833
0.14827
0.55223
0.21447
0.56932
0.2846
0.82851
0.46481
0.081426
0.36057
0.25078
0.14342
0.16509
0.30666
0.078125
0.14988
0.60869
0.56168
1.404
0.27227
0.42712
0.075058
0.30311
1.1779
0.96584
0.95211
0.3304
1.0054
0.28849
0.23026
0.26779
0.18443
0.34067
1.3281
1.2594
1.291
1.1089
0.15066
0.2494
0.08931
0.2364
0.59136
0.23913
1.2106
0.11721
1.2006
0.10958
0.10316
0.11033
0.45962
0.13052
0.080934
0.1194
0.069395
0.09804
0.1449
0.16823
0.57915
1.2446
1.0844
0.22723
0.091817
0.37165
0.17703
0.25508
0.51135
0.17993
0.64932
0.83982
0.1047
0.28573
0.13243
0.17498
1.0276
0.1842
0.465
0.23551
0.45392
0.10975
0.12283
0.13096
0.73391
1.0845
1.229
0.23228
0.20858
0.5722
1.1802
1.1064
0.26647
0.48535
1.1938
0.13863
0.067834
0.14524
0.34145
1.2803
0.077285
0.21827
0.085186
0.10927
0.47499
0.65178
1.2509
0.17858
0.20791
0.53779
1.0664
0.6692
0.91481
0.10988
1.0879
0.091716
0.07178
0.40821
0.40332
0.10004
0.62228
0.81413
0.41755
0.27302
0.20853
0.078058
0.77539
0.24342
0.10435
0.50522
0.15745
1.0179
0.42514
0.66095
0.35779
0.13158
0.26483
0.55746
0.706
0.16811
0.14057
0.92684
0.2126
0.18856
1.3058
0.68645
0.80549
0.82498
0.32613
0.11462
0.07379
0.12427
0.11247
0.12394
0.25851
0.084827
0.093494
0.30406
0.06716
0.32749
0.95112
0.17745
0.30536
0.079588
0.083616
0.19763
0.13035
0.11981
0.11922
0.47282
0.14893
0.52532
0.11217
0.33141
0.1815
0.1556
0.21464
0.51067
1.4263
0.40322
0.086071
0.12124
0.055289
0.13464
0.13497
0.91633
0.15561
0.09994
0.33149
1.2943
0.41062
0.31148
0.11092
0.53374
0.081728
0.096612
0.073213
0.17713
0.22789
0.6005
0.14315
0.099634
0.29643
0.15356
0.96988
1.3645
0.78199
0.30141
0.38582
0.31981
0.086746
0.098772
0.07554
1.5426
0.60311
0.10486
1.0996
0.62801
1.0466
0.34069
0.25159
0.7994
0.18207
0.65731
1.1289
0.17824
0.26649
0.25082
0.65421
0.23216
0.33518
0.13808
0.19505
1.0404
0.86038
0.22668
0.10768
0.13522
0.82555
0.54067
0.22833
0.25212
0.16967
0.42583
0.73971
0.64715
0.083613
0.11446
0.4222
0.83588
0.46071
0.23546
0.08851
0.16904
0.13043
0.065355
0.13859
0.085148
0.39824
0.1262
0.51881
0.12799
0.95694
0.11786
0.57404
0.17924
0.20916
1.0572
1.1135
0.69579
0.42483
0.077795
1.1573
0.30848
0.75139
0.099157
0.25595
0.54298
0.13912
0.26118
1.3163
0.21362
0.19371
0.083937
0.82605
0.07489
0.41497
0.62183
1.1304
0.32747
0.090081
1.0019
0.18069
0.27781
0.77946
0.24681
0.28042
0.32844
0.069498
0.69614
0.11441
0.40794
0.099745
0.11855
0.097298
0.77411
1.1418
0.22913
0.16717
0.26208
0.094078
0.63403
0.52418
0.59513
0.17187
0.47611
1.1536
0.74186
0.08887
0.98353
0.1738
0.14684
0.90704
0.80111
0.14619
1.2139
0.10042
1.0167
0.41797
0.23048
1.333
0.14966
0.15757
0.78133
0.11846
0.38108
0.099668
0.28141
0.21386
0.87302
1.0497
0.30033
0.45668
0.30257
0.087032
1.0263
0.20379
0.25885
0.95539
0.65964
0.11075
0.2096
0.2648
0.54204
0.10639
0.075067
0.44533
0.09501
0.24122
0.16439
0.076238
0.14529
0.19106
0.2572
0.57414
0.15942
0.20949
0.28615
0.22474
0.62036
1.2051
0.22974
0.17388
0.40549
0.19032
0.19107
0.56991
0.1289
0.089609
0.15878
0.35722
0.61272
0.38386
0.30582
0.1462
0.05716
0.1434
0.29626
1.1825
0.36479
0.42118
0.51907
0.11367
0.73403
0.20067
0.10398
0.29203
0.90988
0.080024
0.40856
0.52282
0.86912
1.1272
0.07543
0.10036
0.57398
1.187
0.78977
0.4424
0.59754
0.59524
0.10105
0.27734
0.20458
0.57264
0.2029
0.51042
0.086239
0.29337
0.16338
0.09136
0.27143
0.086103
0.30215
0.28984
0.33628
0.12703
0.14323
0.10858
0.17036
0.11545
0.25774
1.1519
0.16313
0.16081
0.10976
0.31969
0.21676
0.17062
0.41717
0.53286
0.12933
1.2952
0.40907
0.1934
0.21892
0.14059
1.103
0.20621
1.1792
0.24045
0.67587
0.22932
0.56464
0.23881
0.19768
0.38595
0.38324
0.93569
0.088878
0.41356
0.43237
0.12318
0.64448
0.14135
0.12965
0.45344
0.13123
1.173
0.12714
1.3304
0.094119
0.25201
0.1437
0.099523
0.093701
0.90379
0.28205
0.29521
0.76259
1.2153
0.098707
0.44892
0.14631
0.14324
1.1328
0.24868
0.2598
1.0102
0.3227
0.58181
0.86247
1.3475
1.0889
0.14949
1.0827
0.86728
0.50085
0.35207
0.66931
0.64737
0.16027
1.08
0.099978
0.29318
0.32595
0.13418
0.55205
0.65728
0.37509
1.0656
0.11367
0.10747
0.32246
0.1299
0.38658
0.35327
0.14146
0.2892
0.11827
0.39285
0.17864
0.60722
0.48265
0.22854
0.55576
0.080556
0.45283
0.090394
0.15956
0.67181
0.091012
0.23729
0.10427
0.193
1.0567
0.36027
0.26726
0.2447
0.21665
0.11325
0.30245
0.27603
0.99579
0.10396
0.92444
1.1019
0.67774
0.28364
0.081808
0.2777
0.16837
0.13323
1.1389
0.25371
1.1817
0.067828
0.2777
0.15868
0.49727
0.12731
0.11718
0.14167
0.10606
0.52426
0.20912
0.14982
0.077801
0.66164
0.33925
0.86883
0.8048
0.28521
0.17207
0.17629
0.1898
1.1787
0.96023
0.13829
0.64775
0.14478
0.10162
0.47486
0.52366
0.4498
0.1315
1.2304
0.1199
1.0915
0.1865
1.2534
0.073704
0.33124
0.38338
0.23157
0.09418
0.22513
1.1792
0.068268
1.1783
0.96417
0.74369
0.65485
0.51971
1.0017
0.077806
0.25761
1.1407
0.09522
0.19977
0.078734
0.26345
0.92347
0.11633
0.15817
0.59312
0.36645
0.72069
0.13211
0.15249
1.0332
0.57085
0.41824
0.088063
0.09064
0.25839
0.16611
0.29947
0.22951
0.16858
0.35897
0.14609
0.3013
1.2942
0.8086
1.2669
0.18416
0.12462
0.37268
0.59993
0.095038
0.21116
0.14359
0.75087
0.22211
0.11405
0.30648
0.25504
0.90483
0.14549
0.16212
0.091906
1.1138
0.89345
0.25184
0.12426
0.11246
0.097855
0.15838
0.10091
0.92437
0.28836
0.97144
0.13133
0.1589
1.4664
1.1849
1.0539
1.4178
0.12155
0.36787
0.27452
0.068222
0.067749
0.88513
0.45198
0.41005
0.25464
0.34391
0.096445
0.10367
0.50693
1.0655
0.25103
0.8958
0.54558
0.82359
0.084091
0.099364
0.39259
0.19284
0.071333
1.0073
0.30024
0.34988
0.13494
0.098805
0.49076
0.085363
0.26496
0.41877
1.3508
0.38008
0.33405
0.28085
0.94605
0.21038
0.17497
0.39235
0.31382
0.066417
1.1606
0.44874
0.17933
0.61776
1.154
0.13968
0.1475
1.7241
0.12742
0.098012
0.71788
0.51517
0.2727
0.28356
0.093698
0.35994
0.69685
0.26572
0.16264
1.2266
0.40792
0.3003
0.47587
0.16573
0.17359
0.44012
0.37848
0.76328
0.27066
0.18311
1.0505
0.22197
0.93307
0.26018
1.4329
0.20462
0.51771
0.49608
0.1323
0.95313
0.20124
0.25664
0.12649
0.26691
0.32847
0.42184
1.0652
0.13809
0.22731
0.12087
0.20691
0.099506
0.18879
0.5418
0.25248
0.50029
0.32155
0.24012
1.0707
0.079284
0.52295
0.13626
0.51119
0.38374
0.21526
1.0547
0.24748
0.44973
0.08905
1.1889
0.20809
0.78714
0.1065
0.12477
0.89116
0.40487
0.47819
0.69696
0.73671
0.29397
0.91669
0.34285
0.084605
0.08428
0.12643
0.1786
1.0121
0.30209
0.077425
0.12638
1.2832
0.86449
0.47113
0.97539
0.059242
0.4457
0.72626
0.13731
0.14585
0.5028
0.40208
0.73705
0.095623
1.1013
1.0655
0.0875
0.31479
1.0558
0.067575
0.08609
0.10566
0.63445
1.3292
0.1416
0.95482
0.17217
0.32036
0.088695
0.30507
0.3406
0.76849
0.16782
1.1324
0.098595
0.49001
0.1051
0.14581
0.45322
0.10481
0.23135
1.2761
0.28747
1.3261
1.0769
0.092429
0.21907
0.0905
0.18484
0.14881
0.17283
0.10195
0.54223
0.11648
0.07778
0.93003
0.10359
0.15243
1.3846
0.1741
0.73063
0.21228
0.093156
0.093913
0.17958
0.5252
0.66992
0.62655
0.26568
0.15604
0.14749
0.66273
1.1124
0.19969
0.5265
0.73409
0.13755
0.19044
0.5409
0.82172
1.1005
0.20346
0.11445
0.29316
0.1538
0.64419
0.36823
0.11745
0.31578
0.52302
0.13194
0.20596
0.26081
1.0866
1.1327
0.17834
0.31051
0.94489
0.22843
0.12503
0.41274
0.12684
1.132
0.75684
0.19102
0.18656
0.11297
0.29358
0.38912
0.31163
0.75318
0.9882
1.2446
0.77646
0.11078
0.23502
1.0237
0.10989
0.13582
0.36752
1.1974
0.40323
0.95027
0.77612
0.10679
0.20101
0.24678
0.093134
0.088654
0.073619
1.0679
0.10187
0.64108
0.11246
1.0378
0.075506
0.32136
0.82077
0.14074
0.15036
0.10541
0.11795
0.21268
0.28415
0.23763
0.18379
0.089289
0.33985
0.21196
0.073319
1.2712
0.34538
0.51266
0.32825
0.50657
0.17283
0.18648
0.092552
0.051376
0.25536
0.15477
0.12869
0.57189
0.34957
0.082166
0.17112
0.50421
0.29426
0.24252
0.34848
0.28643
0.85837
1.0322
0.56871
0.35174
0.095606
0.25399
0.59971
0.6852
0.75017
1.0627
0.29308
0.06464
0.11943
0.77995
0.57964
0.21163
0.73022
0.12218
0.0836
0.39854
0.55275
1.1468
1.1219
0.24468
0.20585
0.2068
0.52544
0.19732
0.33017
0.78164
0.27414
0.15077
0.28038
0.083684
0.13581
0.32146
0.33233
0.15188
0.31102
1.1549
0.57697
0.37979
1.2288
0.6224
0.16402
0.22122
1.1805
0.06115
0.35381
0.071637
0.22732
0.16186
0.48506
0.58077
0.17711
0.087459
0.70086
0.061961
0.27651
0.48091
0.72696
0.96987
0.15861
1.4923
0.12376
1.4124
0.71966
0.62159
0.14677
0.99371
0.60008
0.20802
0.11664
0.74016
0.22954
0.082552
0.26435
0.88258
1.2136
0.14524
0.24544
0.2663
0.12918
0.24013
0.11358
0.2659
0.47231
0.15622
0.94084
0.096923
0.30796
0.15915
0.60101
0.81834
0.31409
0.084892
0.52078
0.081516
0.17437
0.50342
0.91685
1.2022
0.89551
0.16859
0.32475
0.095584
1.3537
0.28759
0.17854
0.18841
0.14487
0.1445
0.55107
0.29709
0.13706
0.28638
0.0953
0.092146
0.56818
0.083316
0.10651
0.47095
0.28639
0.28342
0.085555
0.13421
0.18902
1.0181
0.071913
0.14425
0.10848
0.59307
0.13628
0.91771
0.76836
0.11576
0.45445
0.97544
1.1206
0.1547
0.15806
0.19892
0.23549
0.12717
0.74679
0.36214
0.2615
0.3651
0.088178
0.098029
0.076099
0.32273
0.18126
1.0914
1.218
0.16709
0.18641
0.11217
0.38855
0.11064
1.0171
0.30129
0.89179
1.1601
0.36993
0.34696
0.21223
0.17825
0.13037
0.13507
1.1105
0.93088
1.6398
0.15356
0.084617
1.2258
0.81562
0.19845
0.12134
0.31273
1.3962
0.35781
0.72077
0.10549
0.30244
1.3706
0.17784
0.16883
0.14942
0.17393
0.39909
0.33921
0.28846
1.1842
0.30753
0.17953
0.12903
0.26204
0.53196
0.13849
0.33254
0.17545
1.0346
0.25032
1.2553
0.25006
0.48004
0.1274
0.25243
0.39273
0.18365
0.076646
0.40216
0.074245
0.13995
0.097735
0.84315
0.12696
0.4561
0.91652
1.2478
0.19398
0.136
0.18882
0.84129
0.10626
0.65793
1.2044
0.061273
0.681
0.3082
0.45081
0.19162
0.18424
0.39709
0.23039
0.12843
0.22221
0.77077
0.16305
0.10025
0.49861
0.16344
0.96192
0.40655
0.13048
0.72498
1.1676
0.91592
0.61044
0.81848
0.82621
0.50705
0.30637
0.11234
1.262
0.45821
0.44045
0.12513
0.18952
0.075403
0.735
0.23707
1.0277
0.53857
0.54507
1.2625
0.13184
0.23454
0.381
0.17007
1.2773
0.94513
0.13333
0.53371
0.82495
0.13163
0.6246
0.20008
1.4415
0.17236
1.4244
0.11082
0.81128
1.2203
0.23247
0.72607
0.23442
0.73495
0.598
0.091146
0.55226
0.73731
0.063765
0.066062
0.17521
0.81023
0.11405
0.24471
0.92223
1.0913
0.078384
0.45502
0.64632
0.11426
0.08867
1.2619
0.26921
1.295
0.15532
1.0529
0.18548
0.65776
0.18454
0.37172
1.1844
0.48472
1.1455
0.6004
0.48049
0.20515
0.75813
1.1446
1.2331
0.24279
0.13304
0.85667
0.12328
0.21073
0.27851
0.10706
0.15509
0.098284
0.13681
1.0264
0.5179
0.75879
0.41624
0.15898
0.090203
0.47977
0.31265
0.48856
0.084975
0.17794
0.33544
0.078344
0.15688
0.36645
0.11811
0.33711
0.24615
0.161
1.5634
0.089118
0.092735
0.086081
0.37505
0.28782
0.23851
0.082781
0.40442
0.46088
0.23976
0.10721
0.60923
0.13114
0.19737
0.087811
0.11285
0.22186
0.20438
0.40492
0.2358
0.091474
0.16024
1.0348
0.098229
0.23314
0.084509
0.25542
0.39886
0.1787
0.13788
0.13321
0.72886
0.47338
1.1029
0.099915
0.09007
0.1595
0.072051
0.079203
0.4943
1.1873
0.096144
0.40108
0.4413
0.38074
1.2291
0.22754
0.26973
0.48365
0.086082
0.29875
1.3766
0.47514
0.22582
0.19322
0.19399
0.1672
1.1569
1.0998
0.41197
0.19838
0.11666
0.71514
0.13772
0.27115
0.19715
1.3689
0.16998
0.12639
1.0509
0.070562
0.16179
0.3309
0.050205
0.12658
0.16163
0.62332
0.1552
0.17487
0.67159
0.0617
0.20163
0.14193
1.3475
0.1616
0.077478
0.1948
0.29273
0.35908
0.165
0.2548
0.78947
0.53128
0.036796
0.29598
0.070846
0.65589
0.85862
0.65851
0.46583
0.2783
0.59325
0.11762
0.82534
0.19379
0.21964
0.10058
1.1328
1.4457
0.41289
0.12639
0.32442
0.16095
0.58364
0.13984
1.0719
0.11917
0.12273
0.69611
0.47592
0.88172
0.69279
0.80688
0.15028
0.4951
0.7944
0.10708
0.089118
0.34192
0.99602
0.10376
0.36874
0.083284
1.2055
0.7912
0.84057
1.104
0.19432
0.39222
0.29568
0.24034
0.72583
0.48075
0.081927
0.67953
1.1254
0.10788
1.0041
0.27038
0.6399
0.27675
0.34553
0.094286
0.10761
0.6449
0.12035
0.11647
0.52803
0.15634
0.070065
0.39444
0.20481
0.14644
0.38021
0.075146
0.086187
1.2782
0.31282
0.1775
0.088689
0.48379
1.2039
0.52104
0.31994
0.13889
0.53356
0.068363
1.1612
0.20176
0.68688
0.56551
1.3791
0.89739
0.48178
0.10949
1.3348
0.24008
0.11501
0.11563
0.59819
0.56878
0.20613
0.34977
0.10725
0.26944
0.24395
0.89063
0.99785
0.10523
0.20976
0.58674
0.27801
0.10716
0.43414
0.2817
1.097
1.1108
0.27872
0.21552
0.22534
0.68111
0.1681
0.38998
0.67529
0.061836
0.30891
0.14361
0.14398
0.09313
1.2601
0.50842
0.22477
0.86035
0.28035
0.63917
0.11356
0.29989
0.34446
0.18253
0.1067
0.16639
0.85566
0.6022
0.35074
0.26209
0.8026
0.51221
0.74801
1.1479
0.2965
0.27129
1.5958
0.51354
0.22246
0.7724
0.10819
0.34823
0.9753
0.06474
0.08491
0.096714
0.14062
0.091775
0.47375
1.0293
0.086828
0.44997
1.0088
1.3963
0.39366
0.16552
1.6839
0.17698
0.098382
0.23834
0.077446
0.49456
0.21948
0.11787
0.26854
0.12326
0.097136
0.19829
0.40125
0.23421
0.35033
0.27698
0.38281
0.088707
0.46075
0.50472
0.49354
0.14179
1.0161
0.58763
0.16593
0.71172
0.13605
0.16934
0.079354
0.19839
0.088492
0.55297
0.26978
0.34164
1.0893
0.67177
0.085755
0.52857
0.61983
0.09457
0.6545
0.102
1.6454
0.091448
0.96487
0.10682
0.59672
0.21831
0.11142
1.1669
1.3736
0.15139
0.31908
0.53269
0.38473
0.74783
0.31142
0.086001
0.084399
0.063046
0.23133
0.11363
0.10937
0.096634
0.079852
1.1941
0.22318
0.11226
0.12109
0.087163
0.56927
0.14728
0.12512
0.12312
0.13958
0.10354
0.10392
0.90137
0.50815
0.092009
0.20297
1.2775
0.15923
0.26014
0.31956
0.27761
0.33682
0.13911
0.088926
0.21024
1.2492
0.29859
0.25544
0.27681
0.16193
0.43666
0.099619
0.39307
0.53091
0.11602
0.63594
1.0594
0.84604
0.97479
1.0515
0.46756
0.38255
0.10793
0.20706
0.25324
0.53614
0.54427
0.11066
0.10672
0.16045
0.77019
0.57851
0.35113
0.34995
0.87432
1.2857
0.96736
0.43494
0.093039
0.19881
0.73255
0.081513
0.42812
0.8155
0.45221
0.99316
0.42527
0.19374
0.15909
0.22098
0.14196
0.30541
0.7899
0.10239
0.12187
0.16906
0.42347
1.6501
1.0398
0.16706
0.26843
0.25596
0.83989
0.16207
0.14288
0.38147
0.26135
1.2917
0.19261
0.41019
0.095298
0.18747
0.20673
0.12194
0.68471
0.6566
0.73503
0.094253
0.40719
0.1549
0.081968
0.2461
0.25317
0.26993
0.15005
0.11342
0.10175
0.14742
0.12551
0.12881
0.46098
0.5325
0.20043
0.080571
0.12338
0.086971
0.56309
0.17549
0.082471
0.095703
0.54327
0.27313
0.13607
0.37809
0.26622
0.85791
1.2042
0.36944
0.13916
0.072747
0.41271
0.60547
0.87017
0.20383
0.16397
0.98739
0.50928
0.11186
0.65549
1.163
0.74472
0.79607
0.83885
0.24507
0.45147
0.99048
0.32451
0.083432
0.16602
0.11578
0.11925
0.48159
0.68258
0.29889
0.1756
0.25782
0.98079
0.74188
0.47032
0.18636
0.21131
0.18619
0.86589
0.46579
1.0898
0.073187
0.65323
0.21212
1.1036
0.86779
0.54572
0.22599
0.35792
0.57672
0.6756
0.19162
0.16489
1.4603
0.10691
0.6712
1.1834
1.0447
0.34753
0.086927
0.6922
0.21984
0.1024
0.16801
0.084743
0.087209
0.090918
0.87789
0.41414
0.18797
0.13143
1.1568
0.24948
0.22638
0.83875
0.23836
0.22675
0.30228
0.18208
1.0762
0.089791
0.39899
1.0614
0.78856
0.14412
0.89475
0.45205
0.56262
0.14216
0.61745
0.24179
0.15746
0.378
0.16239
1.0362
0.43165
0.24119
0.17598
0.18104
0.47592
1.1269
0.10132
0.5145
0.97038
0.24133
0.092837
0.075528
0.23768
0.18795
0.43838
0.36787
0.16768
0.29841
1.1749
0.20871
0.30182
0.15731
0.22387
0.13295
1.1586
1.1643
0.8142
0.4571
1.065
1.0868
0.13196
0.11147
0.13205
0.14603
0.3686
0.28058
0.11352
0.11656
0.74789
0.35874
0.148
1.2348
0.84354
0.11165
0.21318
0.81704
0.46558
0.20755
0.12253
0.33765
0.4169
0.38952
0.65821
1.1424
0.098293
0.13266
0.45051
0.43121
0.19343
0.83424
1.5167
0.59773
0.0834
0.63505
0.31298
0.65427
0.97158
0.067312
0.77893
0.15615
0.25781
0.27651
0.34816
1.606
0.071179
0.20453
0.88759
0.23339
0.25139
1.1448
0.67743
1.3172
1.1638
0.66467
0.14831
0.14607
0.43085
0.35374
0.14975
0.21764
0.15974
0.094257
0.91775
1.1555
1.2773
0.24798
1.3136
0.21174
0.082091
0.26939
0.46282
0.57309
0.37725
0.74436
0.21327
0.089783
0.70202
0.26418
0.1215
0.78338
1.1412
0.51629
1.0365
0.13564
0.89889
0.6281
0.92665
0.99833
0.81964
0.23324
0.083523
0.092114
0.077386
0.17941
0.38023
1.2915
0.57935
0.2553
1.1328
0.29365
0.399
0.26741
0.59163
0.55874
0.091046
0.081316
0.27909
0.82928
0.21164
0.6945
0.56668
0.25363
0.2588
0.13288
0.62834
0.57107
0.094449
0.131
0.168
1.1035
0.55421
0.92856
0.24593
0.57396
0.10811
0.084324
0.24703
1.47
1.0213
1.1253
0.65126
0.25548
0.16314
0.10756
0.11491
0.088407
0.1872
0.19728
0.31354
0.39259
1.023
0.09756
0.16914
0.89155
0.29643
0.73078
0.3785
0.19347
0.22976
0.22362
0.069067
0.20455
0.20976
0.13385
0.13872
0.98965
0.16225
0.19093
0.34623
1.0604
0.46517
1.0116
0.29228
1.2216
0.40495
0.81058
0.067764
0.1934
0.30069
0.5925
0.96574
0.063969
0.33728
0.10616
1.1751
0.53268
0.30907
0.29878
0.25927
0.46196
0.23375
0.099815
0.5687
0.17607
0.61421
0.80301
0.1683
0.10227
0.18359
1.1602
0.28338
0.13929
0.97577
1.4008
0.075562
0.23648
0.26032
0.15181
0.17517
0.15993
1.025
1.1938
0.10753
1.2172
0.4292
0.86575
0.19111
0.12751
0.28164
0.18484
0.1455
0.31395
0.3974
1.0652
0.11313
0.11841
0.48013
0.14022
0.2135
0.083788
0.089668
1.123
0.13123
0.16402
0.16736
0.1065
0.32724
0.12483
0.22769
0.22767
0.27597
0.12497
0.15158
0.091014
1.1669
0.24628
0.31491
0.098003
0.32295
0.21798
1.0638
0.32746
0.17791
0.62335
0.19124
0.10191
0.39798
1.1397
0.37246
0.70376
0.22563
0.10835
0.085534
0.66157
0.15143
0.60596
0.14958
0.21708
0.83174
0.12253
0.35949
0.11184
0.49462
0.093925
0.20064
0.9567
0.38216
1.6387
0.23055
0.65692
0.16388
0.11406
0.13527
0.37874
0.10914
0.13694
1.1882
0.23695
0.2585
0.64976
0.14923
0.12495
0.32868
0.87815
0.29721
0.08876
0.29096
0.11828
0.10777
0.22585
0.24695
0.13751
0.36019
1.1459
0.84506
0.14883
1.2164
0.58977
0.62549
0.10046
0.40702
0.095544
0.54768
0.72961
0.081399
0.14825
0.33258
0.27496
1.0407
0.56754
0.27031
0.074955
0.16248
0.079721
1.0077
0.81071
0.29064
0.14791
0.54285
0.30585
0.22115
0.65297
0.071482
0.10163
0.091994
0.16136
0.34399
0.51225
0.13388
0.13942
1.2191
0.12437
1.2303
0.15167
0.13978
0.28164
0.16566
0.11141
0.45627
0.061282
0.071853
0.26189
0.74725
1.0222
0.3714
0.89694
0.9167
0.48376
0.68726
0.083932
0.38563
0.76551
0.15627
0.31643
0.71751
0.19114
0.14215
0.31657
0.11099
0.09676
0.19444
0.074967
0.62975
0.48653
0.085519
0.67313
0.14159
0.16112
0.068296
0.31527
0.83601
0.12265
0.18209
0.59206
0.68034
0.16449
0.12005
0.065906
0.18098
1.3103
0.16025
0.21188
1.0137
0.19978
1.0621
0.17527
0.50438
0.30977
0.11998
1.0099
0.15474
0.24919
0.1487
0.31674
0.084869
0.23475
0.10371
0.45722
0.20177
1.1736
0.13762
0.13495
1.0984
0.10548
0.52193
0.17355
0.19905
0.3891
0.47972
0.50568
0.46798
0.18897
0.32365
0.25351
0.28075
0.093482
0.070474
0.22932
1.1768
0.19287
0.088749
0.86077
0.15859
0.19347
0.45475
0.19811
0.18832
1.2853
0.11693
0.15128
0.81743
0.086626
0.1155
0.076891
0.22359
0.22389
0.4337
0.25513
1.1549
1.2241
0.34129
0.29538
1.3699
0.10959
1.1355
0.098799
0.57127
0.12148
0.15725
0.83413
0.10588
0.84623
0.57438
0.71141
0.26028
0.60068
0.24701
0.10937
1.0857
0.43308
0.29336
0.11037
0.39888
0.13947
0.25761
1.2731
0.10879
0.54676
0.33143
0.46267
1.2902
0.59336
1.2929
0.069436
0.32664
0.33976
0.76173
0.24624
0.40004
1.2283
0.19524
0.14272
0.38355
0.9477
0.61006
1.219
0.35784
0.27815
0.18933
1.2504
0.68844
0.59315
0.11391
0.3533
0.17049
0.21898
0.09725
1.1381
0.10889
1.0655
1.126
0.19819
1.0013
0.4106
0.20119
0.19782
0.2031
0.89645
0.40662
0.44519
0.10774
0.6666
1.0092
0.73187
0.55168
0.10395
0.52057
0.20734
0.42189
0.11567
0.097128
0.21185
0.18326
0.74056
0.36285
0.13556
0.22497
0.64302
0.48222
0.2199
0.096262
0.14953
1.39
0.28061
0.074117
0.13429
0.12783
1.5437
0.094679
0.76646
0.15466
0.078388
0.28417
0.43728
0.23502
1.0987
0.83799
0.15251
0.085531
0.73573
0.12092
0.48354
0.091796
0.93092
0.71783
0.11388
0.57495
0.11785
0.21806
0.12734
0.23965
0.47071
1.0471
0.38396
0.30546
0.44424
0.35521
0.24349
0.10458
0.13466
0.33097
0.066258
0.98981
0.53672
0.3697
0.11349
0.085289
0.22929
0.66807
0.26397
0.10191
0.40624
0.19219
0.46314
0.11221
0.12985
0.10757
0.92789
0.1003
0.11269
0.3923
0.12107
0.10335
0.50744
0.11722
0.12102
0.25451
0.24728
1.105
0.34303
0.20275
0.71174
0.095579
0.12778
0.29086
0.36592
0.13244
0.12353
0.082432
0.99756
0.32713
0.29981
0.090747
0.90203
0.10162
0.19769
0.16226
0.83914
0.42829
0.30788
0.23146
0.089382
0.088
1.0552
0.92659
0.93668
0.65149
0.10565
0.079339
0.5747
1.1444
0.11973
0.2529
1.1274
0.34309
0.1249
0.73265
0.30411
0.69379
0.10248
0.67647
0.15995
0.78768
0.44881
0.20155
0.24348
0.15203
0.29178
0.44962
0.18897
1.178
0.57826
0.83476
0.12371
0.3932
0.090406
0.17449
1.2583
0.099492
1.2187
0.59318
0.21249
1.3349
0.10357
0.54153
0.10179
0.47557
1.2963
0.49011
0.1577
0.066025
0.28656
0.13655
0.63944
0.35039
1.0295
0.49248
0.90913
0.15738
0.59215
0.41784
0.085846
1.0361
0.49907
0.1659
0.87127
1.2258
1.1723
0.13499
0.10422
0.16503
0.16566
0.2164
0.10384
0.54895
0.16393
0.45819
0.10181
0.29314
0.81754
0.18612
0.22388
0.09254
0.71793
0.39793
0.077082
0.67583
0.29444
0.61003
0.33087
1.1062
0.29185
1.2799
0.065953
0.72467
1.1845
1.0152
0.1004
0.38181
0.20144
1.0421
0.1016
0.36975
0.70322
0.20357
0.1602
1.281
0.17086
0.77431
0.081241
0.99792
0.57345
0.19616
0.12648
0.50941
0.36544
0.38131
0.79487
0.67569
0.14018
0.085584
0.14441
0.062398
0.70203
0.16743
1.0859
0.75382
0.57861
1.0425
0.096101
0.11936
0.085132
0.1084
0.22747
0.21162
0.21687
0.34446
0.60983
1.0173
0.39245
0.64194
0.84498
0.57915
0.17813
1.236
0.17311
0.078911
1.093
0.46927
1.0897
0.22092
0.88567
1.0287
0.23367
0.15566
0.90531
0.078846
0.90314
0.22688
0.32474
0.097777
0.072608
0.10161
0.58762
0.24958
0.12187
0.88877
0.33064
1.091
0.18805
1.0311
0.5159
0.25429
0.19182
1.2661
0.26043
0.16966
0.073871
0.70608
0.90988
0.086917
0.28876
0.95573
0.090255
0.54258
0.48475
0.53544
0.92621
0.21643
0.061128
0.24899
0.29528
1.2498
0.44258
0.86548
0.10095
0.087418
0.21657
0.28125
0.43794
0.41313
0.08914
0.24481
1.1737
0.19265
0.28826
0.13119
0.21194
0.11058
0.21429
0.055973
0.11108
0.35307
0.67468
0.25488
0.10491
0.80966
0.29776
0.3239
0.16412
0.84514
0.77497
1.1764
0.37683
1.1973
0.21121
0.066146
0.18546
0.095835
0.41632
0.44044
1.1104
0.30118
0.40471
0.53843
0.091211
0.24811
0.13458
0.10518
0.33353
0.17801
0.28901
0.44555
0.56875
0.23256
0.19596
0.78001
0.72071
0.099629
0.11797
0.96914
0.14467
0.10429
0.2377
1.2437
0.37432
0.094246
0.1214
0.95789
0.071739
0.27082
0.26238
0.17049
0.1452
0.080339
0.51085
1.1107
0.73111
1.065
0.092083
0.64181
0.68669
0.33913
0.17783
0.20729
0.18042
0.16512
0.24546
0.10333
0.20315
0.32287
0.13964
1.2295
0.69603
0.21144
0.051774
0.3345
0.076512
0.62471
0.71743
1.1086
0.3517
0.5353
0.21154
0.91062
0.28419
0.10253
0.2944
0.46534
0.12794
0.076166
0.27787
0.12434
0.54117
0.37949
0.13938
0.14205
0.14319
0.13142
0.09778
0.15768
0.644
0.37888
0.084378
0.30327
0.1509
1.0013
0.37532
0.82874
0.47496
0.24081
0.22014
0.24299
0.63198
0.80822
0.25327
0.86539
0.20732
0.17575
0.57075
0.57108
0.072633
0.4416
1.0774
0.15229
0.32324
0.11444
1.0418
0.36536
0.18208
0.45277
0.14871
0.12281
0.11054
1.2045
0.39684
0.20342
0.93957
0.19562
0.31454
0.17583
0.13304
0.85796
0.23393
0.085792
0.18359
0.48852
0.07604
0.084172
0.36892
0.066762
0.08563
0.33719
0.15277
0.13734
1.1556
0.74156
0.23442
0.21095
0.18715
1.1298
0.091154
0.13501
0.34313
0.923
0.98848
0.90331
0.70873
0.62409
0.16608
0.30587
0.13338
0.33254
0.53269
0.1205
0.13016
0.20315
0.15568
0.64394
0.17807
0.10562
0.51137
0.1911
0.83585
0.14992
0.10109
0.086399
0.42182
0.13015
1.0244
1.0866
0.84321
0.09793
0.20174
0.13726
0.078362
0.94746
0.10794
0.33774
0.21175
1.3535
0.59079
1.0306
0.69722
1.0986
0.12325
0.52603
0.24272
0.49426
0.14907
0.46555
0.88562
0.31609
0.097131
0.36807
0.41709
1.0904
0.35298
0.037436
0.17491
1.0949
0.52441
0.32777
0.06232
1.2184
0.17353
0.69501
0.39781
0.10442
0.27707
0.1086
0.21534
0.94208
0.175
0.7831
0.38078
0.088372
1.0817
0.30968
1.2201
0.33487
0.15113
0.65564
0.30047
0.40673
0.81856
0.095567
0.32756
0.15381
0.68056
0.83029
0.17711
1.1842
0.47917
0.33035
1.1036
1.3731
0.32357
0.076227
0.12142
0.12075
0.10405
0.7457
0.18734
0.12778
0.099862
0.16886
0.98397
0.65696
0.20768
0.084613
0.34809
0.41934
0.45188
0.083268
0.25309
0.067499
0.075539
0.17748
0.90875
1.1839
0.87462
0.15667
0.18239
0.12326
0.40112
0.11361
1.1105
0.17411
0.076004
0.51155
0.072236
0.33014
0.24555
0.11141
0.25084
0.17725
0.35798
1.3586
1.1414
0.3183
0.83877
0.31492
0.94638
0.33259
0.081093
0.19076
1.6219
0.14195
1.2756
0.12213
0.64207
0.28453
0.4079
0.057419
0.88465
0.13794
0.12236
0.20457
1.1646
1.133
0.24036
0.20454
0.16849
0.17772
1.1437
0.24532
0.1301
1.158
1.7241
1.0572
0.47406
0.10406
0.13027
0.43577
0.31777
0.18305
0.22606
0.5371
0.14595
0.13976
0.092117
0.53332
0.77436
0.49413
0.35089
0.67413
0.34414
0.14497
0.21583
0.31977
0.41815
0.28718
1.1111
0.33479
0.097897
0.064766
0.41852
0.58178
0.082447
0.12599
0.17971
0.18021
0.65141
0.13411
0.089472
0.18893
0.56859
0.097142
0.11439
0.17491
0.36051
0.18145
0.43933
0.21814
0.2785
0.51972
0.42409
0.88188
1.5738
0.45138
0.072828
0.19904
0.33504
0.31142
1.4195
1.2809
0.78228
0.089579
0.10611
0.12286
0.16447
0.24711
0.17877
0.16897
0.30027
0.18088
0.10194
0.33263
0.10608
0.52811
1.0787
0.44766
0.17052
0.67939
0.2448
0.24335
0.31236
1.0484
1.3659
0.93797
0.12338
0.29442
0.078504
0.50004
0.40302
0.7138
0.17783
1.1708
0.39478
0.075553
0.13451
0.18306
0.68573
0.62697
0.17243
1.2487
0.095219
0.57521
0.12082
0.2587
0.96043
0.1088
0.10064
0.13996
0.16671
0.24506
1.0189
0.19441
0.15854
0.39836
1.1823
0.44886
0.9562
0.097424
0.14105
0.082248
0.14974
0.60117
0.36383
0.88783
0.13007
0.086644
0.24801
0.4011
0.31206
0.11193
0.22358
0.2127
0.74536
0.13979
0.23514
0.11489
1.229
0.32149
0.10459
0.10223
1.2063
0.55275
0.47279
0.1214
0.19785
1.0356
0.55223
1.6489
0.1076
0.77099
1.1821
0.086714
1.1997
0.43568
0.78384
0.085764
0.16509
0.16692
0.24782
0.10366
0.49079
0.13768
0.75218
0.081339
0.49211
0.10707
0.17355
0.67838
1.0416
1.262
0.14166
0.078383
0.53313
0.33183
0.24723
0.79336
0.73321
1.304
0.091787
0.17761
1.1089
0.15066
0.2494
0.08931
0.33798
0.30302
0.39201
0.39649
0.36986
0.26416
0.12823
1.0583
0.31538
0.11141
1.2309
0.080934
0.1194
0.52627
0.96773
0.18169
0.20389
0.066819
0.71071
0.34195
0.4382
0.14075
0.78711
0.6088
0.08196
0.1124
0.077346
0.60002
0.36606
0.12287
0.7225
0.93063
0.17498
0.12739
0.1842
0.465
0.24641
0.44357
1.1474
0.10177
0.24405
0.094634
0.22387
0.1768
0.23228
0.20858
0.5722
1.1802
1.1064
0.26647
0.48535
1.1938
0.13863
0.067834
0.14524
0.34145
1.2803
0.077285
0.21827
0.085186
0.10927
0.47499
0.65178
1.2509
0.17858
0.20791
0.53779
1.0664
0.6692
0.91481
0.10988
1.0879
0.091716
0.07178
0.40821
0.40332
0.10004
0.62228
0.81413
0.41755
0.27302
0.20853
0.078058
0.77539
0.24342
0.10435
0.50522
0.15745
1.0179
0.42514
0.66095
0.35779
0.13158
0.26483
0.55746
0.706
0.16811
0.14057
0.92684
0.2126
0.18856
1.3058
0.68645
0.80549
0.82498
0.32613
0.11462
0.07379
0.12427
0.11247
0.12394
0.25851
0.084827
0.093494
0.30406
0.06716
0.32749
0.95112
0.17745
0.30536
0.079588
0.083616
0.19763
0.13035
0.11981
0.11922
0.47282
0.14893
0.52532
0.11217
0.33141
0.1815
0.1556
0.21464
0.51067
1.4263
0.40322
0.086071
0.12124
0.055289
0.13464
0.13497
0.91633
0.15561
0.09994
0.33149
1.2943
0.41062
0.31148
0.11092
0.53374
0.081728
0.096612
0.073213
0.17713
0.22789
0.6005
0.14315
0.099634
0.29643
0.15356
0.96988
1.3645
0.78199
0.30141
0.38582
0.31981
0.086746
0.098772
0.07554
1.5426
0.60311
0.10486
1.0996
0.62801
1.0466
0.34069
0.25159
0.7994
0.18207
0.65731
1.1289
0.17824
0.26649
0.25082
0.65421
0.23216
0.33518
0.13808
0.19505
1.0404
0.86038
0.22668
0.10768
0.13522
0.82555
0.54067
0.22833
0.25212
0.16967
0.42583
0.73971
0.64715
0.083613
0.11446
0.4222
0.83588
0.46071
0.23546
0.08851
0.16904
0.13043
0.065355
0.13859
0.085148
0.39824
0.1262
0.51881
0.12799
0.95694
0.11786
0.57404
0.17924
0.20916
1.0572
1.1135
0.69579
0.42483
0.077795
1.1573
0.30848
0.75139
0.099157
0.25595
0.54298
0.13912
0.26118
1.3163
0.21362
0.19371
0.083937
0.82605
0.07489
0.41497
0.62183
1.1304
0.32747
0.090081
1.0019
0.18069
0.27781
0.77946
0.24681
0.28042
0.32844
0.069498
0.69614
0.11441
0.40794
0.099745
0.11855
0.097298
0.77411
1.1418
0.22913
0.16717
0.26208
0.094078
0.63403
0.52418
0.59513
0.17187
0.47611
1.1536
0.74186
0.08887
0.98353
0.1738
0.14684
0.90704
0.80111
0.14619
1.2139
0.10042
1.0167
0.41797
0.23048
1.333
0.14966
0.15757
0.78133
0.11846
0.38108
0.099668
0.28141
0.21386
0.87302
1.0497
0.30033
0.45668
0.30257
0.087032
1.0263
0.20379
0.25885
0.95539
0.65964
0.11075
0.2096
0.2648
0.54204
0.10639
0.075067
0.44533
0.09501
0.24122
0.16439
0.076238
0.14529
0.19106
0.2572
0.57414
0.15942
0.20949
0.28615
0.22474
0.62036
1.2051
0.22974
0.17388
0.40549
0.19032
0.19107
0.56991
0.1289
0.089609
0.15878
0.35722
0.61272
0.38386
0.30582
0.1462
0.05716
0.1434
0.29626
1.1825
0.36479
0.42118
0.51907
0.11367
0.73403
0.20067
0.10398
0.29203
0.90988
0.080024
0.40856
0.52282
0.86912
1.1272
0.07543
0.10036
0.57398
1.187
0.78977
0.4424
0.59754
0.59524
0.10105
0.27734
0.20458
0.57264
0.2029
0.51042
0.086239
0.29337
0.16338
0.09136
0.27143
0.16362
0.25183
0.11207
0.10506
0.084862
0.27533
0.49883
0.17528
0.1458
0.25774
1.1519
0.30746
0.16081
1.115
1.2058
0.19326
0.15084
0.30531
0.11308
0.34987
0.98726
0.12782
0.13143
0.41828
0.14059
0.25625
0.16365
1.1792
0.17472
0.90019
0.15409
0.079152
0.53035
0.83222
0.099532
0.15003
1.2607
0.51753
0.44612
0.34991
0.36742
0.15578
0.21291
0.17161
0.13355
0.58105
1.173
1.0254
1.3304
0.2534
0.64048
0.1437
0.49721
0.10837
0.18481
0.26796
0.10282
1.053
0.43573
0.37286
1.33
0.32599
0.1285
0.37856
0.37511
0.21249
0.21134
0.33409
1.1752
0.31498
0.076957
1.1844
1.1068
0.094538
0.48862
1.0641
0.88632
0.10224
0.22582
0.62452
0.24184
0.3783
0.11247
0.66318
0.61017
0.76977
0.23814
0.13188
0.46425
0.40277
0.5862
0.1565
0.36344
0.96942
0.20748
0.48624
0.2892
0.51752
0.18401
0.19714
0.33628
0.44646
1.1669
0.55576
0.080556
0.34063
0.13453
1.5377
0.36118
0.70522
0.56105
0.12457
0.070713
0.86894
0.41956
0.1787
0.2447
0.85764
0.10497
0.43156
0.27603
0.074438
0.55311
0.92444
0.16056
0.4102
0.13565
0.1427
0.35171
0.43209
1.0307
1.1265
0.33308
0.56076
0.77766
0.2777
0.080558
0.24477
0.13309
0.20227
0.12474
1.1604
0.10073
0.2526
0.1447
0.25527
0.14451
0.44855
0.068598
0.8048
0.13116
0.17207
0.1894
1.0293
0.11619
0.73387
0.48027
0.2501
0.84537
0.11242
0.6693
0.52366
0.2485
0.12081
0.22044
0.1199
1.0915
0.1865
0.15812
0.095595
0.76345
0.35392
0.15432
0.1735
0.076736
0.66741
0.45872
0.16318
0.96417
0.12455
1.2209
0.16687
0.2101
0.08524
0.52441
0.16451
0.72221
1.0177
0.86217
0.12044
0.1678
1.4003
0.95869
0.79048
0.094074
0.40831
1.1075
0.081393
0.093383
0.083202
0.10869
1.2289
0.068466
0.11964
0.84942
0.42263
0.56983
0.16858
0.91659
0.14609
0.21075
0.27569
0.8086
0.3389
1.1698
0.91006
0.092026
1.4316
0.095038
0.16893
0.51066
0.70647
0.088457
0.73732
0.16775
0.44351
1.2332
0.97466
0.12232
0.33791
0.29806
0.35755
0.21884
0.069207
0.587
0.097855
0.54936
0.2435
0.30225
0.11343
0.090717
0.66909
0.81195
0.12573
0.2802
0.80106
0.30403
0.41979
1.0021
0.090313
0.22547
0.063413
0.18882
1.0945
0.30403
0.13228
0.7244
0.61371
0.4748
0.50693
0.16622
0.85365
0.8958
0.54558
0.29101
0.2269
0.7951
0.39259
0.77877
0.12622
0.14175
0.96797
1.1988
0.069318
0.089642
0.49697
0.16014
0.18642
0.094508
0.093528
0.091685
0.8931
0.58462
0.29475
1.1882
0.15321
0.084067
0.73906
1.7097
0.14277
0.98034
0.10513
0.29825
1.1346
0.1009
0.27671
0.15848
0.12742
0.86673
0.085712
0.73832
0.76326
0.194
0.15487
0.24683
0.69685
0.26572
1.2276
0.19476
0.36223
0.41804
0.10098
1.0152
0.085844
1.1951
0.18601
0.24638
0.3006
0.12221
1.0505
0.30395
1.3382
0.17221
1.1563
0.45542
0.12375
0.49608
1.0758
0.1777
0.20124
0.55173
0.084601
0.15991
0.52598
0.30374
0.52354
0.38826
0.079906
0.18976
0.20691
0.064998
0.20168
0.12775
0.17841
0.85297
0.38379
0.34147
1.1033
1.0955
0.091998
0.12085
0.29471
0.10779
0.21526
1.5527
0.46324
0.092932
0.13867
0.32658
0.63127
1.0069
0.75767
0.99924
0.18269
0.6763
0.52506
0.081367
0.11327
0.29397
1.1867
0.086737
0.80291
0.17164
0.36301
0.44492
0.12087
0.38833
0.1238
0.55822
1.2832
0.2746
0.44139
0.97539
1.0686
0.4457
0.25636
1.0458
0.27418
0.46848
0.90106
0.078491
0.44019
0.22105
0.20219
0.29284
0.30179
0.56485
1.1072
0.28022
0.12799
0.11855
0.060029
0.79714
0.14587
0.43115
0.62194
0.088695
1.4842
0.14764
0.22045
0.23578
0.26657
0.18631
0.17574
0.81969
0.14581
0.083456
0.15313
0.83001
0.63725
0.5387
0.12951
0.10341
0.092429
0.17936
0.1247
0.37673
0.14881
0.22487
0.28413
1.2418
1.2867
0.078219
0.22192
1.14
0.83047
0.1475
0.27837
0.85965
0.21228
0.47038
1.2918
0.6502
0.57812
0.64539
0.22193
0.2299
0.90021
0.92867
1.1704
1.1124
0.21903
0.5265
0.09381
1.1679
1.0996
0.44029
0.20295
0.84668
0.22771
0.90093
0.24408
0.76985
0.45792
0.22638
0.69269
0.91558
0.56723
0.2743
0.25363
0.10285
0.45349
0.73404
0.29999
0.69312
0.94489
0.95192
0.10487
0.13094
0.12684
0.38706
0.71241
0.46864
0.18656
0.16913
0.41803
0.29631
0.7913
0.86687
0.9882
0.32666
0.20766
0.8695
0.15682
0.18058
0.17611
0.11774
1.1051
0.12107
0.10451
1.1541
0.26139
0.12863
0.15914
1.1119
0.19038
0.11755
1.3479
0.17034
0.36566
0.11404
0.071051
0.17592
0.10907
0.74625
0.49358
0.22187
0.15036
0.17012
0.31842
0.99109
0.97892
0.64737
0.26012
0.29489
0.42994
0.44249
0.093789
0.60183
0.98139
1.2516
0.32825
0.50657
0.44799
0.82632
0.40469
0.18583
0.61962
1.1121
0.32249
1.212
0.087434
0.41557
0.084994
1.2842
0.065032
0.24252
0.1719
0.85745
0.12519
0.073907
0.56871
0.6348
0.20908
0.36351
0.099263
0.09968
1.3437
0.99024
0.1043
0.21768
0.11943
0.085852
0.67649
0.21524
0.71977
0.49748
0.095117
0.34607
0.99903
0.4313
0.37589
0.1466
0.63663
0.11898
0.28306
1.01
0.2347
0.81593
0.52306
0.15077
0.61788
1.0664
0.67532
1.3171
0.717
0.15188
0.19535
0.16654
0.17131
0.21279
0.13707
0.87729
0.16402
0.16384
0.70707
0.9054
0.21136
0.34865
0.18041
0.29414
0.30349
0.23297
0.24365
0.80963
0.70086
1.1506
0.27651
0.19317
0.72696
0.094609
0.098674
0.72404
1.0176
0.68773
0.093342
0.68158
0.45914
1.3607
1.1713
0.12509
0.46385
1.1846
0.098303
0.33635
0.37161
0.18543
0.48724
0.27537
0.16723
0.26654
0.49946
0.33069
0.11358
0.074841
0.78807
1.0654
0.94084
0.096923
1.2943
0.22355
1.0658
0.36599
0.076953
0.69637
0.093487
1.049
0.17437
0.66971
1.0336
0.15329
0.073213
0.16859
0.079103
0.59946
0.38283
0.11939
1.1645
0.23555
1.2799
0.30108
1.2515
0.10583
0.13706
0.083273
0.30945
0.1392
0.16393
0.45844
0.13596
0.10673
1.1408
0.39496
0.84091
0.14643
1.3808
1.3903
0.12648
0.1437
0.60717
0.14597
0.52103
0.28897
0.1968
0.9769
0.2569
1.1651
0.10488
0.14182
0.066593
0.25568
0.21007
0.18562
0.17513
0.8354
0.079179
1.5806
0.25963
0.3516
0.10825
0.19208
0.080763
0.36505
0.19891
0.66146
1.1949
0.11217
0.10459
0.11064
0.89351
0.38909
0.89179
0.13525
0.24838
0.18958
0.38579
0.37349
0.94111
1.0549
0.39321
0.48711
0.25756
0.32958
0.34737
0.18153
0.093198
0.79011
0.16421
0.12678
0.11047
1.1386
0.077793
1.0013
0.083837
1.3706
0.56207
0.48706
0.25282
0.39256
1.1686
1.4297
0.08408
0.16834
0.19567
0.12332
0.45758
0.10908
0.092976
0.30211
0.45382
0.11656
0.09074
0.33577
1.2553
0.16215
1.1119
0.34394
1.2149
0.1215
1.1684
0.34203
0.848
0.074245
0.81183
1.0184
0.53219
1.0928
0.4561
0.12462
0.077682
0.17839
0.64903
0.61703
0.30423
0.10626
0.13731
0.096829
0.41024
0.681
0.15612
1.0082
0.99512
1.0194
0.26023
0.29258
0.1279
0.22221
0.27408
0.26825
0.25315
0.6228
1.1257
1.1253
0.10677
0.0828
0.17037
1.1676
0.58666
1.179
0.84767
0.82621
0.35377
0.30637
0.21219
0.1048
0.34378
1.6068
0.057077
0.18952
0.73579
0.5782
0.27453
0.081351
0.17743
0.96239
0.18281
0.51364
0.31725
0.21678
0.25953
0.55911
0.65152
0.60252
0.36199
0.088773
1.1197
0.6246
0.88793
0.57745
0.17368
0.88392
0.1184
0.047006
0.21962
0.63786
1.0574
0.23442
0.80018
0.598
0.9016
1.1177
0.073247
0.37253
0.13248
0.098701
0.078587
0.60589
0.24471
0.92223
0.52088
0.078384
0.45502
0.57869
0.197
0.12661
0.15776
1.2169
0.16006
1.2725
1.5835
0.76973
0.074653
0.33368
0.18361
0.07475
1.1501
0.085708
0.6004
0.11926
0.62144
0.41567
1.0067
0.11586
0.088604
0.95755
0.31643
0.31548
0.46332
0.17462
1.1395
0.89982
0.55148
0.13681
0.066471
0.31041
0.89224
0.18401
0.15898
0.48018
1.1782
0.54333
0.073325
0.78293
0.10151
0.1912
0.80338
0.35642
0.14635
0.72043
1.1354
0.29664
0.61552
0.069604
0.18205
0.37746
0.086081
0.3272
0.97773
0.090846
1.0583
0.14726
0.46088
0.28201
0.32138
0.65023
0.10752
0.07625
0.15963
0.29664
0.22186
0.25908
0.10023
0.54517
0.075579
1.1762
0.092838
0.24198
0.18044
0.090163
0.43131
0.57947
0.1787
0.35349
0.56996
0.17669
0.35937
0.19888
0.37057
0.31793
0.29245
0.16003
0.15257
0.54969
0.46555
0.074748
0.091225
0.68467
0.31275
0.21459
0.30272
0.53625
0.1197
0.34479
1.1711
0.14075
0.45843
0.12026
0.10203
0.087333
0.1672
0.13598
0.11749
0.23236
0.17109
0.35256
0.71514
1.0348
0.6983
0.12605
0.57542
0.079242
0.21869
1.022
0.09321
0.73919
0.38648
0.29256
0.067938
1.2526
0.086179
0.286
0.16646
0.38993
0.8607
0.07831
0.68354
0.11459
0.94864
0.1614
0.10571
0.89966
0.073554
0.33581
0.27
1.6181
0.076333
0.036796
0.22436
0.070846
0.53728
1.0169
1.2343
0.26878
0.2783
0.26332
1.0035
1.3087
0.48466
0.42808
0.079263
0.66287
0.15729
0.90356
0.12639
0.35558
0.19995
0.37916
0.97967
0.34854
0.11917
0.12273
0.19674
1.0688
0.96351
0.69279
1.0044
0.079378
0.23106
0.16652
0.10486
1.0989
0.3039
0.85571
0.68311
0.16636
0.15605
0.44982
0.12589
0.10784
0.13528
0.11629
0.070106
0.097721
1.0029
0.33901
0.10583
0.92634
0.645
0.22041
0.15362
1.107
0.08972
0.34846
0.38553
0.096665
0.50731
0.2822
0.099581
0.079807
0.10785
0.1918
0.25182
0.52288
0.39444
0.20967
0.19461
0.18991
0.43452
0.14613
0.80553
0.7576
0.25576
0.15625
0.30721
0.16011
0.086695
0.31994
0.1017
0.60622
0.070589
0.34494
1.2814
0.40126
0.3405
0.30462
0.72707
0.90564
0.63147
0.097526
0.13043
0.248
0.73621
0.093336
0.19676
0.5397
0.5249
1.0235
0.24995
0.16936
0.89063
1.2056
0.73209
0.87831
0.19888
0.74035
0.10188
0.1987
0.35349
0.11149
0.086313
0.93204
0.099655
0.11857
0.30806
0.12796
0.16562
1.1435
0.096356
0.18619
0.36535
1.1128
0.19127
1.4136
0.48824
0.14456
0.10495
0.17161
0.27471
0.24998
0.16952
0.34446
0.21405
0.18148
0.19605
0.23628
0.68036
0.22672
0.41268
0.27451
0.15198
0.78168
0.37774
0.2965
0.43196
0.11558
0.10291
0.22246
0.7724
0.2083
0.071866
0.11795
0.82942
0.83513
0.80287
0.85571
0.47441
1.1417
0.57056
0.10278
1.0823
0.27363
0.37372
0.39366
0.062163
0.1522
0.69032
1.1785
0.23834
1.1869
0.49456
0.43384
0.53251
1.5658
0.60679
0.93032
1.0276
0.09748
0.35612
0.1659
0.27698
0.144
0.088707
0.62828
0.80257
0.15642
0.49441
0.16034
0.073063
0.52088
0.71172
0.29023
0.22545
1.1398
1.152
0.13905
0.22302
0.11762
1.2375
0.60623
0.23073
0.30574
0.52857
1.0351
0.14342
1.2296
0.055923
0.19391
0.13879
0.092484
0.34777
0.16424
0.20895
0.10949
0.11277
1.0425
0.084713
0.60488
0.1336
1.1284
0.14964
0.6108
0.11006
0.35638
0.063046
0.1437
0.82612
0.091053
0.072802
0.17431
0.15572
0.10554
0.49161
0.46092
0.79073
0.14647
0.14728
0.17983
0.26245
0.13958
0.89467
0.1045
0.10486
0.1428
0.794
0.25145
0.099381
0.11823
1.1446
1.1793
0.22319
1.1344
0.11714
0.30862
0.46844
0.1554
0.29859
0.093424
0.077547
0.088326
0.10213
0.15706
0.39307
0.42282
0.18301
0.19107
1.0244
0.78178
0.2471
1.2628
0.16232
0.1775
1.07
0.20706
0.11381
0.24383
0.11659
0.70884
0.2089
0.12753
1.225
0.57851
0.35113
0.93314
0.63503
0.33568
0.22901
0.19567
0.0966
0.19881
0.30643
0.6661
0.42812
0.14619
0.22249
0.5029
0.072785
0.10253
0.41545
1.0435
0.3009
0.51791
0.071674
0.20977
0.37821
0.16906
0.076325
0.54237
1.0398
0.30394
0.58061
0.12357
0.24715
0.16207
0.18967
0.38147
0.26135
0.1795
0.29998
0.41019
0.19538
0.082461
0.26493
0.39836
0.70661
0.6566
0.50953
0.21852
0.081517
0.97758
0.22487
0.25066
0.1605
0.29037
0.33902
0.2748
1.2136
0.17311
0.097278
0.83966
0.46512
0.43867
0.18197
0.080571
0.67571
0.18403
0.16691
0.91163
0.097657
0.44724
0.54327
0.3216
0.13228
0.21387
0.11993
0.36026
0.28165
1.2184
0.55921
0.077263
0.10327
0.38967
0.59802
0.20383
0.075846
0.98739
0.20311
0.11186
0.65549
0.14517
0.20037
0.79607
0.29756
0.074803
0.43638
0.10292
0.29948
0.14588
0.29291
0.51564
0.085968
0.17405
0.42642
0.53319
0.09877
0.377
0.16021
0.13342
0.47032
0.08389
0.14844
0.22873
0.17658
0.69411
0.16006
1.1893
0.18284
1.2543
0.19845
1.3518
0.21461
0.17587
0.35792
0.14778
0.6756
1.1426
0.16066
0.3791
0.10691
0.54248
1.1834
0.89153
1.227
0.17714
0.69872
0.067737
0.17095
0.9348
0.3132
0.087209
0.090918
0.39665
0.14774
0.15977
0.57288
0.35326
0.12091
1.5457
0.65572
0.074624
0.33478
0.5258
0.34013
1.0762
0.3123
0.12636
0.37353
0.17164
0.30287
0.89475
0.096464
0.77231
1.6475
0.89465
0.11247
0.39024
0.24399
0.16239
0.2967
0.87727
0.81067
0.6589
0.77149
0.51994
0.13543
0.3384
0.5145
0.78494
0.35196
1.2619
0.11181
0.1366
0.1102
0.31847
1.1736
0.11274
0.074402
0.21297
0.20871
0.30182
0.16236
0.16615
0.92779
0.12803
0.10533
0.19383
0.4571
1.0205
0.099571
0.21074
0.11147
0.078792
0.14603
0.10614
0.27623
0.25741
0.20465
0.33026
0.23655
0.148
0.097108
0.93722
0.13679
0.21318
0.82236
0.73482
1.1866
0.54418
0.33765
0.65195
0.48187
1.645
0.16848
1.1073
0.07518
0.72087
0.43121
0.32821
0.072808
0.6401
0.1888
0.06466
0.48491
0.60475
0.47879
0.22194
0.21739
0.1257
0.93639
0.66508
0.96725
0.1578
0.97763
0.072092
0.20248
0.38945
0.83714
0.13223
1.1963
0.67743
0.3143
0.15885
0.1253
0.78821
0.085431
0.11035
0.14127
0.15316
1.1644
0.11514
0.33535
0.56206
1.1555
0.11901
0.1186
0.39056
0.10588
0.58517
0.26939
0.46282
0.45565
0.37725
0.33136
0.12606
0.44856
0.17764
0.26418
0.93469
0.1043
1.1412
0.090439
0.26658
0.18295
0.22975
0.1211
0.16935
0.25119
0.18238
0.23324
0.30717
0.29193
0.75243
0.84013
0.24745
0.43781
0.22287
0.22834
0.21597
0.56558
0.30762
0.41286
0.28881
0.62946
0.56946
0.081316
0.27163
0.82928
0.55263
0.86311
0.14467
0.25363
0.095869
0.095098
0.61369
0.27607
0.91439
1.2501
0.1287
0.26769
0.55421
0.09093
0.08642
0.28117
0.44582
1.233
0.38945
0.32773
0.38603
1.1253
0.18279
0.12502
0.50265
0.6291
0.51062
0.28016
0.30833
0.23395
0.25095
0.085014
0.75992
0.402
0.17233
0.11107
0.89347
1.0003
0.67082
0.079635
0.1538
0.54984
0.072159
0.25022
0.076102
0.19785
0.11183
0.30842
1.1591
0.19512
0.78283
0.22831
0.39927
0.27141
0.402
0.11101
0.23163
1.15
0.091815
0.091993
0.48164
0.15553
0.50275
0.98119
0.97446
0.43389
1.0271
0.35808
0.30907
0.20141
0.28127
0.46196
0.23375
0.89034
0.13544
0.24155
0.0974
0.094427
0.43999
0.29683
1.2508
0.11628
0.081746
0.66924
0.084603
1.4008
0.18079
0.74516
0.2188
0.13273
0.099218
1.0788
0.35226
0.15093
0.3605
0.81787
0.11553
1.2698
0.090904
0.12751
0.28164
0.13765
0.34469
1.1777
0.065846
0.17751
0.11313
0.11583
0.23564
0.71979
0.14588
1.0157
1.1197
0.10458
1.1032
0.066253
0.16736
0.64724
0.11117
0.10826
0.84157
1.1126
0.10041
0.43937
1.2021
0.63392
1.0008
0.94276
0.59792
0.09594
0.14617
0.12759
1.2574
0.090085
0.23406
0.11576
0.21379
0.10191
0.39798
0.13636
0.29903
0.13058
0.47737
0.14867
0.81825
0.50952
0.51441
0.1355
0.39772
0.46432
0.074863
0.10408
1.0843
0.18663
0.19096
0.58994
0.09496
0.87933
0.32506
0.71666
0.1612
0.22672
0.23282
0.080098
1.0584
0.19524
0.87294
0.90392
0.12482
0.18919
0.54185
0.083642
0.43519
0.12495
0.25811
1.695
0.086388
0.55051
0.081486
1.1121
0.085768
0.080895
1.1673
0.13751
0.10299
1.1453
0.11707
0.20008
0.50861
0.35188
0.62549
0.15189
0.54491
0.3033
0.11768
0.081089
0.1818
0.22862
0.13389
0.70448
0.65291
0.080201
0.33998
0.074955
0.50496
0.36192
0.53059
0.11471
0.23846
0.25424
0.089815
0.8737
0.96707
0.16576
1.0892
0.15123
1.0271
0.51187
0.10272
0.51225
1.0247
1.0542
0.089119
0.11773
0.44173
0.060242
0.10127
0.81213
0.36625
0.097308
0.2056
0.15653
0.60061
0.10662
0.72216
0.68973
0.090115
0.30816
0.088093
0.22622
0.68726
0.89768
0.33837
0.52102
0.15627
0.81399
0.49806
0.40042
0.8506
1.0411
0.11099
0.38281
0.206
0.53095
0.75196
0.29397
1.1754
0.67313
0.51616
1.113
0.64454
0.99291
0.17045
1.1699
0.22029
0.086884
0.83448
0.26978
0.99587
0.11572
0.22679
1.3103
1.1517
0.21674
0.16675
0.083936
0.11528
1.4378
0.11955
0.16112
0.30941
0.17365
0.35661
0.099482
0.1487
0.40373
0.16658
0.20707
0.3855
0.45722
0.1098
0.27616
0.45155
0.81866
0.23251
0.12199
0.16257
0.21132
0.096594
0.80959
1.1616
0.19726
1.0292
0.44374
0.071222
0.23462
0.28319
0.093482
0.95025
0.20208
0.097369
0.34895
0.088749
0.76845
1.2141
0.49676
0.11653
0.9665
1.094
1.1297
0.11693
0.36693
0.41667
0.086626
0.63037
0.96
0.089352
0.51736
0.33894
0.20879
0.14288
1.2241
0.34129
0.6279
1.3699
0.31407
1.1355
0.087364
0.57127
0.12148
0.55615
0.86903
0.1241
0.25261
0.85961
1.0561
0.25623
0.19571
0.24701
0.26366
0.13106
0.38365
0.2946
0.31052
0.14303
0.11885
0.065465
1.2731
0.15733
0.13067
0.19293
0.53262
0.92846
0.49748
1.2929
0.083229
0.59833
0.52413
0.10438
1.2872
0.14477
0.13563
0.19524
0.69523
0.24743
0.62634
0.61006
1.2765
0.39987
0.65535
0.26671
0.43361
0.52448
0.064916
0.11391
0.07463
1.1956
0.069112
1.595
0.86274
1.479
0.14464
1.1124
0.26004
0.75286
0.087758
0.13718
0.11057
0.44647
1.3135
0.40662
0.44519
0.30023
1.0934
0.92566
0.12762
0.52456
0.36708
1.0833
0.15825
0.10577
0.85647
0.18356
0.21185
0.18326
0.18491
0.60571
0.47581
0.2979
0.6489
1.6173
0.20571
0.73482
0.28258
0.69648
0.28061
0.12554
0.69049
0.22039
0.33423
0.24922
0.24351
0.13625
0.70997
0.85311
0.44694
0.65574
0.16754
0.66169
0.22357
1.0109
0.19171
0.2371
0.098083
0.33173
0.1931
0.20195
0.076519
0.12367
0.81757
0.16404
0.16377
0.23965
0.41997
0.12422
0.14103
0.64365
0.44424
0.1596
0.63898
0.31183
0.1493
0.098557
0.77308
0.52984
0.13825
0.20219
0.43147
1.1309
0.15676
0.4562
0.42697
0.089829
1.1498
0.19219
0.10546
0.088039
0.74848
0.10132
0.68196
0.47835
0.84155
0.91698
1.4009
1.2088
1.0939
0.41829
0.22965
0.53676
0.13797
0.19944
0.38597
0.29342
0.11526
1.7138
0.22417
0.28974
0.18897
0.34052
0.35883
0.24135
0.16614
0.43079
0.3389
0.090747
1.0576
0.21417
0.19769
0.20756
0.83914
0.30265
0.30788
0.20464
0.65112
0.85362
0.59148
0.53932
0.30749
0.080931
1.0934
0.079339
1.2221
0.57711
0.099119
0.14114
0.12867
0.08606
0.8101
0.31844
0.49126
0.58346
0.084918
0.1884
0.67282
0.18733
0.097056
0.76862
0.60137
0.11497
0.16455
1.3559
0.082699
1.2376
0.57826
0.25209
1.1895
0.44335
0.13831
0.17449
0.22011
0.51437
0.24312
0.94444
0.49908
0.29924
0.57022
0.36091
0.15055
0.13406
1.0664
0.37832
0.82074
0.31826
0.2698
0.072918
0.1895
0.35039
0.61746
0.33193
0.82055
0.12535
0.23122
0.18605
0.51162
0.098866
0.87499
0.23548
1.5442
1.2258
0.21434
0.14696
0.10422
1.1869
0.88096
0.98532
0.31714
0.3402
1.1415
1.7185
0.10181
0.29314
0.31318
0.089483
0.13292
0.1247
0.4972
1.2211
0.45282
0.10253
0.88902
0.84432
0.55537
0.70743
0.47828
0.40855
0.14877
0.11394
0.093051
0.19854
0.27487
0.1377
0.23503
0.60145
0.34782
0.36975
1.0992
0.30507
0.64675
0.1082
0.3526
0.095349
0.28367
0.10238
0.76264
0.093225
0.069835
0.50941
0.67153
0.29556
0.24074
1.0013
0.1129
0.15866
0.10716
0.1171
0.32633
0.11805
1.1292
0.15382
0.23938
0.31382
0.21814
0.11936
0.31454
0.11238
0.89924
0.47595
0.083835
0.075694
0.60983
0.91104
1.2192
0.26984
0.44362
1.1176
0.17813
0.30119
0.18855
0.11081
0.26091
1.3554
0.23205
0.31267
0.49225
0.082534
0.69099
0.15566
0.21252
0.64271
1.0378
1.2895
0.32474
0.13267
0.36268
0.2068
0.65497
1.0697
1.57
0.88877
0.59036
0.57752
0.10817
0.73017
0.3977
1.032
0.80768
0.11255
0.20145
0.12153
0.72756
0.95959
0.076628
0.17633
0.74578
0.12744
0.096018
0.54258
0.10428
0.089828
0.92621
0.21643
0.30625
0.25835
0.12254
0.20858
0.32206
0.19073
0.099278
0.17319
0.068411
0.1971
0.20896
0.73717
0.11272
0.65304
1.1737
0.11904
0.08085
1.0991
0.17854
1.3824
0.44881
0.21171
0.09495
0.12236
0.20868
0.25488
0.083363
0.23041
0.42894
0.13143
0.12168
0.94015
0.069514
0.29884
0.31646
0.98347
0.10623
0.081186
0.095334
0.33915
1.2245
0.16452
0.73323
0.67903
0.38655
0.53843
0.2197
0.1824
1.4636
1.0202
0.33353
0.24338
0.11903
0.11907
0.56875
0.19309
0.70069
0.22662
0.11968
1.1924
1.2213
0.96914
0.3292
0.064745
0.10154
0.70025
0.59609
0.66116
0.52067
1.1294
0.20597
0.24773
0.11589
0.15023
0.17042
0.080339
0.52925
1.1107
0.19595
0.80269
0.27837
0.14848
0.36825
1.2894
0.25225
0.88506
0.44159
0.098576
1.1798
0.39188
0.20267
0.77846
0.098591
0.12919
0.091548
0.44875
0.56819
0.35822
0.13142
0.21281
0.2143
0.83235
0.94728
0.091008
0.5038
0.15343
0.081297
0.77021
0.12032
1.071
0.40246
0.17792
0.27787
0.12763
0.54117
0.18557
0.42114
1.0092
0.0791
0.076862
0.81905
0.34573
0.65765
0.12409
0.17918
0.14846
0.19167
1.0013
0.090563
0.14316
0.43597
0.20932
1.1573
1.125
0.10445
0.3489
0.54297
1.1119
0.5327
1.1517
0.9641
1.1805
0.49284
0.26265
1.0774
0.15229
0.18927
0.31219
0.153
0.28831
0.059176
0.10231
0.12276
0.092337
0.96329
0.25575
0.9515
0.20342
0.26912
0.10877
0.12356
0.57387
0.32269
0.22601
0.22421
0.44543
0.092025
0.11515
0.11602
0.080779
0.57353
1.1387
0.08563
0.11424
0.28154
0.3257
1.1942
0.74156
0.44571
0.21539
1.2596
0.90819
0.87628
0.092516
0.37218
0.57499
0.19009
0.34395
0.97587
0.29483
0.35995
0.62278
0.14316
0.60947
0.082454
0.66585
0.13016
0.061985
0.15568
0.12166
0.31359
0.51152
0.51137
0.57373
0.13795
0.14992
0.10109
0.18986
0.42182
0.49139
0.069379
0.30721
1.1139
0.09793
0.39429
0.72928
0.57184
0.41455
0.59471
0.33774
0.097556
0.098207
0.19591
0.083561
1.1248
0.11763
0.097932
0.19676
0.73982
0.11585
0.52018
0.3286
0.22892
0.69419
0.28347
0.12127
0.41709
0.47757
0.34709
0.2737
0.17491
0.15098
0.096154
0.36232
0.06232
1.5476
0.15743
0.085321
1.0769
0.17326
0.27707
0.14852
0.25242
0.54927
0.11998
0.90321
0.20688
0.4015
0.68043
0.15631
0.31856
0.14154
0.33142
0.17276
0.10144
0.16673
0.75008
0.71807
0.12986
1.1791
0.098882
0.83029
0.18625
0.11888
0.29133
0.18201
0.21633
0.22374
1.0706
0.22966
0.25457
0.097225
0.34476
0.089337
1.1951
0.71421
0.1117
1.1011
0.98397
0.82934
0.94521
0.43785
0.39497
0.71648
0.14493
0.067535
1.1519
0.1655
0.075539
0.090305
0.90875
0.92816
0.66174
0.097569
0.24069
0.12326
0.63501
0.90591
0.087551
0.22741
0.52578
0.51155
0.12676
1.1699
0.14814
0.93288
0.78198
0.12781
0.5415
0.75653
0.97435
0.11133
0.13531
0.15586
1.1828
0.2671
0.16725
0.080388
0.14193
0.60915
0.23193
0.084812
1.2685
0.10514
0.10119
0.2579
0.12086
0.39902
0.12236
0.64385
0.91458
0.47668
0.095284
0.71522
0.55729
0.17772
0.59368
0.13359
0.099367
0.1276
0.1726
1.251
1.3118
0.3026
0.13027
0.31513
0.4671
0.1182
0.16327
0.10948
0.42977
0.043255
1.0936
1.0281
0.88613
0.36383
0.091894
0.80031
0.17799
0.14497
0.22818
0.31977
0.50925
0.063137
1.4876
0.67358
0.24575
1.1913
0.41852
0.073095
0.19974
0.13014
0.14396
0.18021
0.14564
0.1233
0.19237
0.14468
0.16074
0.21666
1.1653
1.2004
0.19179
0.48111
0.19879
0.21814
0.24134
0.27553
0.95822
1.0032
1.5738
0.10325
0.44889
0.11393
0.20828
0.13204
0.86937
1.2809
1.341
0.25839
1.0523
0.2572
0.58463
0.36452
0.75458
0.16897
1.218
0.18088
0.40324
0.1273
0.082983
0.52811
0.09326
0.22974
0.10867
0.15251
0.67829
0.25537
0.12733
0.12174
0.079267
0.73877
0.41334
0.1563
0.48061
0.23802
0.36845
0.19309
0.51856
0.068502
0.097411
0.1684
0.24875
0.18306
0.094184
0.96776
0.61633
0.93485
0.095219
1.2601
0.34303
0.28281
0.49868
0.11309
0.94104
0.031893
0.43778
0.24506
0.10754
0.39453
0.15664
0.26383
0.89008
0.69966
0.16043
0.1848
1.0648
0.15591
0.20925
0.22802
0.36383
0.52775
0.31084
0.44056
0.35689
0.13035
0.83574
1.0015
0.36206
0.37353
0.10325
0.25206
0.34574
0.22369
0.14396
0.24766
0.11
0.10896
1.0981
0.55275
0.48472
0.69285
0.085328
0.40729
0.14805
0.22541
0.12527
0.77587
0.89344
0.21153
0.093749
0.37895
0.087329
0.12201
1.008
0.19993
0.24782
1.0239
0.49079
0.15918
0.40927
0.14748
0.66208
1.1686
0.17355
0.14417
0.41555
0.16621
0.087016
1.4425
0.24741
0.35551
0.39042
0.28879
0.096443
0.10495
1.3121
0.73036
0.17606
0.090361
0.62057
0.42151
1.4719
0.87651
0.39201
0.16972
0.2736
1.0712
0.29673
0.30039
0.42434
0.16746
0.11128
0.089798
0.12749
0.21392
0.61511
0.32172
0.28286
0.65867
0.52025
0.15957
0.11498
1.5021
1.2988
0.6088
0.88436
0.094685
0.63851
1.215
0.087587
0.12287
0.88936
0.16121
0.13579
0.9396
0.54914
0.56671
0.19081
0.12823
0.23449
0.17454
0.68318
0.54715
0.58653
0.095994
0.19732
0.20858
0.19113
1.1802
0.48165
0.26647
0.091017
0.28769
0.23217
0.14919
0.29934
1.2004
0.92867
0.65244
0.23866
0.18819
1.0958
0.43447
0.53774
0.060327
0.7767
1.3726
0.61372
0.20776
0.87859
0.20839
0.28822
1.1705
0.26732
0.07178
0.13374
0.20076
0.091474
0.11854
0.45805
0.41755
0.79626
1.228
0.18171
0.22211
0.092901
0.10435
1.48
0.49287
0.99558
1.4866
1.1491
1.1478
0.22119
0.093382
0.22756
0.24839
0.77989
0.14057
1.6059
0.54269
0.69026
0.17434
1.3434
0.80549
0.12135
1.2152
0.13324
1.0261
0.32558
0.12366
0.26484
0.12982
1.1157
1.0651
0.68751
0.87503
0.12467
0.28733
0.18494
0.086298
0.63762
0.55812
0.75474
0.16499
1.2053
0.11922
0.33328
0.41043
0.13611
0.75388
0.093747
0.095535
0.13118
0.46419
0.43861
1.601
0.19223
0.30986
0.11993
0.31273
0.7333
0.82239
0.4594
0.15561
0.18903
0.33149
0.20947
0.17729
0.31148
0.68092
1.3062
0.19423
1.3602
0.20148
0.82883
0.25163
0.16087
0.18063
0.1383
0.14668
1.1165
0.63052
0.14308
0.2178
0.098736
0.13763
0.34915
1.239
0.066065
0.07554
0.079252
0.17586
0.16467
0.55628
0.26989
0.56438
0.14737
0.084422
1.243
0.33921
0.22961
0.19876
1.0354
0.26649
0.16882
0.65421
0.69221
0.33518
0.076256
0.12258
0.11734
0.23173
0.10302
0.14469
0.22841
0.077343
0.13629
0.22833
0.1326
0.10621
0.083728
0.10864
0.10547
0.21601
0.47341
0.2794
0.11
0.10642
0.23546
0.65232
0.16904
0.08214
0.64623
0.44801
0.085148
0.49599
0.9395
0.70663
0.30309
0.069633
1.1397
0.57404
0.083179
0.26847
0.092324
0.79612
1.1205
0.079847
0.12665
0.09947
0.18736
0.40537
0.2963
0.36297
0.54298
0.85369
0.48836
1.0069
0.10673
0.19371
0.22452
0.70906
0.40408
0.41497
0.92197
1.1304
0.51566
0.085262
0.26683
1.5612
0.24431
0.1056
0.44318
0.17926
0.074713
1.1039
0.26308
0.12232
0.65244
1.1167
0.29674
0.097375
0.11754
0.25596
0.64628
0.099361
0.59021
0.26026
0.78044
0.13702
0.68331
0.18885
0.16231
0.13754
0.21698
0.082299
0.11957
0.10132
0.16141
1.3633
0.71858
0.085275
0.31995
0.14627
0.2379
0.23301
0.31566
0.56448
0.18738
1.2237
0.97057
1.1207
0.27105
0.099668
0.5717
0.33599
1.0823
0.20499
0.074469
1.2161
0.30257
0.16727
0.29857
1.0263
0.61746
0.15375
0.12866
0.43896
1.0913
0.25183
0.2648
0.31009
0.49794
0.17465
1.0281
0.097406
0.59709
0.13588
0.23745
0.14725
0.22667
0.2572
0.57414
0.28503
0.25122
1.0242
0.80133
0.28568
1.2051
0.75626
0.26317
0.40549
0.48165
0.31551
0.14732
0.1502
0.062276
1.0263
0.21999
1.3091
0.11732
0.30582
0.20283
0.22329
1.1075
1.2011
0.71961
0.12787
0.11545
1.0297
0.22406
0.76721
0.20067
1.2989
0.3429
0.24518
0.11467
0.14587
0.52282
0.27436
1.1272
0.10353
0.73731
0.10562
0.79828
0.19483
0.11023
0.33337
0.24309
0.078941
0.072991
0.87258
0.10588
0.083315
0.25991
0.08199
0.11867
0.22124
0.16338
0.29103
0.42067
0.12226
0.19935
0.11449
1.0934
0.22805
1.0244
0.66915
0.10303
0.81666
0.22992
0.97594
0.73271
0.15644
0.66432
0.091807
0.1985
0.077365
0.099346
0.12547
1.1654
0.18556
0.18984
1.0702
0.28518
0.08776
0.80876
0.29935
0.12195
0.11251
0.54894
0.071603
0.90932
0.21629
0.54553
0.85584
0.35046
0.98435
0.54799
0.20547
0.40462
1.0494
0.97266
0.34363
0.22078
0.079387
1.107
0.98301
0.25827
0.1045
0.10582
1.0936
0.12712
0.31763
0.50741
0.20294
0.17295
0.29493
1.0166
0.67202
0.40993
0.40135
0.22353
0.14005
0.67159
0.13964
0.28782
1.105
0.19963
0.30753
0.10205
0.60615
0.69062
0.35156
0.11143
0.14498
0.13452
1.2238
0.14128
0.65156
0.10855
0.56806
0.22529
0.60735
0.13641
0.34971
0.3291
0.097352
0.57253
1.1386
0.34035
0.31133
0.21196
0.47016
0.16613
0.15827
0.060747
0.09277
0.36083
1.1456
0.61088
0.14385
0.065796
0.13532
0.081715
0.83646
0.46479
0.20656
0.094971
0.12245
0.13825
0.23018
1.3075
0.16663
0.58967
0.17955
0.1101
0.21958
0.1821
0.087711
0.09242
0.20776
0.22117
0.45861
0.77298
0.068602
0.36994
0.98777
0.23864
0.13437
0.2814
1.4396
0.27847
0.093995
0.14007
1.0974
0.1448
0.1183
0.082907
1.1465
0.69838
0.26642
0.63056
0.6343
0.13449
0.10233
0.44535
0.1756
0.16448
1.5502
0.75635
0.81339
0.82976
0.083563
0.24678
0.57129
1.0834
1.0445
0.10822
0.71803
0.24304
0.45786
0.10016
0.15352
1.0095
0.095708
0.14759
1.0948
0.10913
1.5369
0.5015
0.64859
0.9584
0.14402
0.23423
1.0044
0.50323
0.49475
0.12531
0.2266
0.4307
0.48333
0.16143
0.92057
0.15643
0.077619
0.18086
1.0763
0.13081
0.058509
0.14446
0.11394
0.14322
0.10425
0.22886
0.32042
0.85048
1.3629
0.33453
0.17371
1.1946
1.2119
0.22595
0.070197
0.57088
0.24871
0.21379
0.19217
0.60778
0.56628
0.4489
0.61815
1.0395
0.36685
0.59667
0.67046
0.96271
0.20662
0.15093
0.081902
0.10089
0.52948
1.1587
1.3071
0.24172
0.21119
0.79347
1.0956
0.2389
0.12205
0.21271
1.3421
1.1547
0.065864
0.45285
0.17311
0.17808
1.144
0.13439
0.17766
1.1457
0.07429
0.57094
0.16434
1.0981
0.13791
0.33526
1.2889
0.48424
0.38423
0.14375
0.126
0.15308
1.0446
0.1699
0.062594
0.096214
0.26782
0.19674
0.064101
0.10478
0.16576
0.76976
0.58125
0.28009
0.36012
0.1709
0.061982
1.0021
0.75196
0.089505
0.35061
1.1968
0.30068
0.33066
0.30864
0.16705
0.40471
0.14799
0.94504
0.11055
0.095541
0.094495
0.29275
1.0337
0.12364
0.45003
0.12344
0.34041
0.73164
0.19239
0.18016
0.21736
0.16105
0.7488
0.12834
1.0701
0.19926
0.26197
0.40296
0.64304
0.17563
0.64284
0.10881
0.20948
0.33826
0.63451
0.16858
0.07123
0.52265
0.17604
0.19012
0.097084
0.63674
0.53511
0.19185
0.20264
0.07218
0.19879
0.30915
1.1078
0.3731
0.46766
1.3135
0.13542
0.076737
0.28498
0.16596
0.10926
0.058821
0.61402
0.10576
0.14839
1.1546
0.11567
0.21174
0.10535
0.17288
0.2486
0.27423
1.1115
0.31967
0.37426
1.2542
0.22873
0.084413
0.27007
0.068077
0.15452
0.74923
0.16081
0.89671
0.087515
0.19326
0.62201
0.13978
0.1717
0.083661
0.14754
0.06308
1.0375
0.42013
0.40332
1.1817
1.089
1.1067
0.072361
0.2244
0.12727
0.50908
0.37253
0.98151
0.11011
1.1048
1.0159
0.38581
0.084267
0.34991
0.34064
0.15578
0.47591
0.10611
0.37981
0.15587
0.62256
0.1089
1.1549
0.099829
0.64048
0.09014
0.11457
0.77218
0.67777
0.13365
0.43517
0.094135
0.24305
0.16539
0.52668
0.28113
0.33645
1.0661
0.26244
0.41125
1.0364
0.14583
0.15767
0.1244
0.32716
1.1112
1.1656
0.094538
0.48862
0.50164
0.6163
0.68496
0.23318
1.0724
0.27625
0.40398
0.10468
0.71084
0.11418
0.52415
0.13507
1.1896
0.21081
0.45544
0.35521
0.097672
0.076726
0.96942
0.20748
0.14178
0.87042
0.17896
0.11789
0.088004
0.16164
0.29519
0.33869
0.72283
0.11631
0.31996
0.23923
0.59463
0.23731
0.17598
0.87498
0.59011
0.10132
0.13719
0.39153
0.24224
0.1183
0.27671
0.97804
1.1264
0.30239
0.40226
0.12349
0.94296
0.54302
1.3104
0.44867
0.10528
0.8091
0.41253
1.7338
0.19142
0.18843
0.13129
1.0185
0.10469
0.35028
0.21027
0.1643
0.34422
0.21642
0.12893
1.1694
0.2389
1.1594
0.1978
0.19765
0.54157
1.1171
0.088121
0.29526
0.23896
1.2089
0.27693
0.29562
0.12383
0.23989
0.14641
0.07485
0.93034
0.091931
0.15396
0.27181
0.1622
0.11914
0.4372
0.44731
0.39493
0.33977
0.44811
0.080772
0.47838
0.079351
0.2179
0.076736
0.22767
0.90605
0.54634
0.11991
0.13965
0.65937
0.22003
0.19865
1.3142
0.29932
0.12351
0.87616
0.74506
0.68316
0.1002
0.069399
1.4003
0.95869
0.15279
0.29194
0.61636
0.10605
0.47891
0.77127
0.17814
0.43136
0.10376
0.068466
0.46442
0.45198
0.20544
0.15841
1.3136
0.11195
0.29131
0.58857
0.30311
0.8086
0.3389
0.083618
0.086333
0.92096
0.061811
0.89326
0.23077
0.081387
0.22472
0.093271
0.14928
0.19827
0.55963
0.74122
0.49959
0.067692
0.142
0.088454
0.49697
0.47951
0.083439
0.073773
1.3299
0.12405
0.2435
0.44839
0.090462
0.31672
0.12201
1.2644
1.1248
0.22993
0.80106
0.14189
0.085986
1.0021
0.69733
0.33096
0.10051
0.16587
0.33261
0.42015
0.13228
0.59604
0.13545
1.1575
0.50693
0.23883
0.26263
0.70396
0.61195
0.072159
0.64622
0.15289
0.76565
1.0152
1.0757
0.36534
0.58433
0.94434
0.20398
0.20666
0.12925
0.057136
0.19174
0.87201
0.074646
0.19961
0.13346
0.38006
0.37771
0.65888
0.15794
0.12221
0.11551
0.30627
0.10029
0.98034
0.49463
0.29825
0.57848
0.799
1.0001
0.068674
0.45004
0.16011
0.34943
0.13701
0.77015
0.68011
0.15313
0.9278
0.069325
0.26002
0.076836
0.18932
0.109
0.52037
0.14745
0.55057
0.15322
0.51554
0.7155
0.29507
0.08629
0.12221
0.085457
0.36031
1.3382
0.90233
1.0683
0.072664
0.8491
0.44991
0.2547
0.14832
0.3035
0.45997
0.38424
0.21768
0.075061
0.12349
0.068698
0.34257
0.10728
0.58487
0.20691
0.064998
0.1285
0.88509
0.15799
0.29557
0.22511
0.22708
0.11753
0.33854
0.72154
0.26801
0.29471
0.20919
0.1079
1.2577
0.42086
0.70242
0.073819
0.14452
0.34049
0.4649
0.16104
0.19017
0.25057
0.10359
0.6358
0.11931
0.09912
0.37667
0.35167
0.98772
0.32488
0.11957
0.12597
0.27856
0.12087
0.21317
0.57361
0.3052
0.22769
0.2746
0.82982
0.1567
0.17278
0.4457
0.84438
0.080459
0.99017
0.79895
0.19155
1.3086
0.76172
0.071361
0.20219
0.57482
0.30179
0.12916
0.47072
0.28022
1.1574
0.5543
0.0908
0.2584
0.078879
0.43115
0.20842
1.3271
0.3091
0.27439
0.26553
0.63113
1.0077
0.48068
0.58813
0.28746
0.22221
0.13124
0.23528
0.55021
0.15051
0.10684
0.15279
0.17907
0.42698
0.49578
0.1247
0.11344
0.62653
0.054788
0.32635
1.2418
0.085439
1.3672
0.74337
0.34797
0.26943
0.78636
0.17843
1.1063
0.27725
0.095421
0.30415
0.083925
0.18654
0.79467
0.22715
0.42005
0.062054
0.097192
0.34032
0.080461
0.14866
0.28711
1.1044
0.24251
1.0616
0.3083
0.28284
0.84668
0.19252
0.21099
0.29921
0.9396
0.45792
0.14511
0.79719
0.30782
0.14343
0.2743
0.89895
1.1408
0.074835
0.24694
0.13504
0.55193
0.10005
0.531
0.11659
0.97506
0.54501
0.38706
0.38863
0.13825
0.14176
0.16913
0.17147
0.65627
0.80075
0.34472
0.63489
0.094774
1.1609
0.74133
0.99238
1.0586
0.17611
0.5637
0.29949
0.72528
0.10451
1.1541
0.95362
1.2793
0.21562
1.1119
0.083412
0.11502
0.25178
0.2201
0.078337
0.45605
0.50977
0.77148
0.36414
1.2046
0.49358
0.22187
0.15036
0.10613
0.33396
0.29929
0.076063
0.64737
0.211
1.0445
0.21292
0.57838
0.18209
1.6049
0.11515
0.15661
0.10224
1.5982
0.19133
0.18829
0.1734
0.16684
0.18842
0.31365
0.42797
0.12619
0.46463
0.7006
0.80829
0.64061
1.2836
0.13006
0.12762
0.11584
0.16759
0.47639
0.38848
1.2647
0.50102
0.11766
0.099263
0.1219
0.068709
0.11379
0.16582
0.46061
0.26617
0.51002
0.67649
0.64253
0.34416
0.082788
0.21955
0.35461
0.094961
0.65125
0.299
0.22371
0.63663
0.11898
0.17717
0.16822
0.2347
0.080374
0.88755
0.65967
0.61788
0.59874
0.83381
0.13441
0.091621
0.24023
0.30871
0.17859
0.71728
0.21279
0.25529
1.0554
0.16402
0.96692
0.30996
0.8701
0.90925
0.91367
0.12204
0.19601
0.31401
0.14411
0.13228
0.80963
0.37573
0.11203
0.10185
0.053351
0.15535
0.28078
0.87032
0.1701
0.14846
0.16378
0.28462
0.11411
1.5723
1.3607
0.34445
0.078255
0.07086
1.1846
0.40489
0.22678
0.82631
1.167
0.55702
0.14832
0.24073
0.12789
0.072925
0.58183
0.12627
0.076129
1.0898
0.68682
0.085406
0.10584
0.39841
0.22355
0.93567
0.36599
0.17566
0.32593
0.1082
0.13838
0.17437
0.66971
0.53113
0.079607
0.74547
0.54634
0.14288
0.21189
0.13082
0.58256
0.12067
0.32138
0.11733
0.11047
1.2368
0.23887
0.47324
0.10711
0.50958
0.51416
0.34775
1.3461
0.097986
0.89924
0.1862
0.40942
0.1505
0.14643
1.5237
0.53748
0.39228
0.1044
0.096288
1.0342
0.18888
0.34419
0.062011
0.097518
0.13492
0.22722
0.34717
0.14902
0.066593
0.47927
0.64588
0.79939
0.070548
0.40032
0.19835
0.3011
0.85361
0.70845
0.53724
0.19208
1.0702
0.32777
1.2075
0.082699
0.60409
0.24562
0.1133
0.16637
1.2711
0.095896
0.11779
0.10781
0.089143
1.2081
0.45622
0.80069
0.4625
1.0549
0.992
0.48711
0.20371
0.31609
0.27603
0.36999
0.45469
0.13868
0.14129
0.85235
0.077226
0.18006
0.1137
1.0013
0.093939
0.27026
1.054
0.48706
0.16919
0.064979
0.083094
1.4297
0.14195
0.56893
1.6193
0.13139
0.83453
0.18114
0.092976
0.14033
1.3085
0.25334
0.32692
0.53401
0.51467
0.80969
0.64598
0.25009
0.16776
0.20862
0.32609
0.95536
0.44938
0.074245
0.49543
0.07376
0.10623
1.2075
0.17692
0.12462
0.23712
0.45788
0.26318
0.17053
0.33905
0.088425
1.0894
0.27398
0.92969
0.21002
0.21581
1.0082
0.071758
1.0194
0.26023
1.0665
0.18044
0.28227
0.70276
0.87701
0.069031
0.19887
0.29379
1.0882
0.10677
0.080078
1.2006
1.1391
0.15904
0.1793
0.20601
0.27765
0.21839
0.10873
0.12669
0.15503
0.71934
0.43987
0.19799
0.51467
0.088198
0.15035
0.28122
0.9136
0.2249
0.089912
0.91327
0.15112
0.16821
0.22599
0.097234
0.086549
0.098607
1.0167
0.49196
0.17463
1.0449
0.07172
0.31279
0.52234
0.22427
0.15581
0.73419
0.44057
0.073647
1.1229
0.084607
1.1088
0.67276
0.76477
0.28621
0.80878
0.84451
0.71149
0.11753
0.22426
0.93319
0.065384
0.70226
0.11598
0.090416
0.13296
0.12293
0.10133
0.16104
0.072606
0.21644
0.27708
0.2772
1.1995
0.15002
0.087915
0.54407
0.3812
0.14411
0.25474
1.1501
0.2708
0.54072
0.67509
0.14168
0.12373
0.081877
0.75505
0.30921
1.3237
0.24418
0.22588
0.29696
0.11915
1.1395
0.39567
0.55148
0.51752
0.21345
0.069714
0.89224
0.66542
0.11059
0.075694
0.82551
0.3002
0.078908
1.5594
1.0978
0.39986
0.20349
0.68118
0.1013
1.267
0.31888
0.35171
0.22288
0.40467
0.087315
0.22889
0.59366
0.095539
1.0668
0.070814
0.86739
0.42822
0.11873
0.40699
0.12057
0.55589
0.2313
0.50445
0.58591
0.48753
0.99513
0.23305
0.20759
0.23703
1.3533
1.122
0.092838
0.6495
0.16471
0.2674
0.85559
0.77806
0.47939
1.2527
0.081268
0.29916
0.15973
0.38528
0.37057
0.16474
0.11528
0.2075
0.24927
0.1296
0.089997
0.15926
0.38566
0.38845
0.13627
0.92873
0.30272
0.072693
0.42148
0.1264
0.13471
0.16639
0.15558
0.1963
0.37399
0.10418
0.97214
0.090644
0.15517
0.67788
0.91486
1.0864
0.11168
0.15443
0.075612
0.32612
0.46607
0.11428
0.18875
0.12999
0.43292
0.49274
0.16875
0.81777
0.067938
0.25811
0.13423
0.095633
1.1136
0.22419
0.8607
0.066662
0.38529
0.066902
0.43316
0.14246
0.78856
0.24023
0.16916
0.27474
0.4157
0.11215
0.18162
0.76467
0.13768
0.13979
0.16304
1.2166
0.3655
0.42094
0.33639
0.11717
0.97183
0.24759
0.41871
0.073513
0.13137
0.22897
0.081
0.14673
0.12639
1.3406
0.18257
0.20605
0.73675
0.13615
0.0848
1.0791
1.2656
1.0688
1.4121
0.91015
0.18127
0.72458
0.1491
0.090832
0.10486
1.0989
0.14445
0.20376
0.25656
0.084485
1.1182
1.0614
0.22347
0.10784
0.16652
0.30802
1.3867
0.12486
0.99553
0.068083
0.10583
0.23107
0.30445
0.24164
0.072671
0.3102
0.93857
0.37385
0.088105
0.16781
0.67973
0.588
0.34485
0.27664
1.0396
0.10592
1.1026
0.52288
0.54858
0.40926
0.23981
0.14134
0.43452
0.14613
0.80553
0.7576
0.25576
0.15625
0.32623
0.2251
0.35851
0.116
1.1095
0.088309
0.44041
0.12753
0.40416
0.092995
0.3405
0.53824
0.17189
0.18292
0.29367
0.097526
0.44791
0.12574
0.18866
0.093336
0.3775
0.09064
0.16065
0.12007
0.17889
0.87687
0.507
1.2056
0.33689
0.074544
0.19888
0.24099
0.28142
1.6196
0.35349
0.20373
0.06488
0.31425
0.49661
0.15661
0.11271
0.29792
0.33763
0.091022
0.13394
0.56105
0.28377
0.55465
0.37959
0.093517
0.08412
0.16089
0.10315
0.51705
0.34528
1.39
0.16952
0.25077
0.38413
0.24376
0.15451
0.12099
0.089725
0.1161
0.11364
0.25632
0.47388
0.23164
0.12327
0.092939
0.14575
0.092978
0.10291
0.96714
0.10599
0.84045
0.25877
0.082678
0.33022
0.17679
0.7914
0.079313
0.51726
0.19331
0.57056
0.16262
0.60364
1.1338
0.17619
0.10225
0.12343
0.75367
0.43752
0.11671
0.10163
0.41245
0.22611
0.20861
1.072
0.97228
0.49725
0.27605
0.36913
0.96883
0.28624
0.40774
1.1665
0.1333
0.47437
0.54389
1.1967
0.15901
0.49441
0.40458
0.24362
0.52088
0.71172
0.61623
0.11326
0.2037
1.0053
0.10569
0.36013
0.77987
0.74584
0.59965
0.20895
0.22025
0.14763
0.12965
0.9083
0.7606
0.055923
1.2438
0.4323
0.90719
0.24728
0.066544
0.42698
0.41339
0.23773
0.48582
0.084713
0.22659
0.1336
0.11682
0.21631
0.16045
0.11006
0.59657
0.077881
0.1437
0.30747
0.1725
0.35337
0.29125
0.12194
0.23966
0.13241
0.46092
0.91265
0.36073
0.65302
0.11864
0.098218
0.9292
0.15603
0.068369
0.11047
0.60577
0.28213
0.16023
0.66775
0.17489
0.51451
0.19167
0.14522
1.1344
0.28671
0.30862
0.46844
0.20721
0.17953
0.21706
0.33401
0.30922
0.15647
0.23041
0.11756
0.27137
0.18301
0.19107
1.0832
0.99242
0.70814
0.082324
0.14524
0.17333
0.52363
0.20706
0.086982
0.10488
0.076019
0.1957
1.2007
0.9948
0.085687
0.82856
0.66746
0.40869
0.75225
0.12001
0.14262
0.23957
0.19519
0.22848
0.13776
0.39917
0.35012
1.0605
0.22249
0.069021
0.40206
1.0291
0.11761
0.091269
0.43935
0.51791
0.84001
0.14477
0.18544
1.6731
0.35712
0.33761
1.0441
0.47421
0.19081
0.081241
0.55689
0.087766
0.17734
0.070312
0.13171
0.31584
0.088778
0.11747
0.18866
0.12738
0.3026
1.1551
0.70661
0.09637
1.3132
0.11444
0.83291
0.99095
0.66589
0.30918
0.29512
0.072084
0.33902
0.063499
0.75518
0.1362
0.70609
0.83966
0.46512
1.1811
0.42599
0.52419
0.67571
1.2933
0.17632
0.47167
0.097657
0.75255
0.07386
0.18091
0.25937
0.22996
0.91696
0.087466
0.44228
0.66057
0.55921
0.47403
0.71977
0.13783
1.3251
0.30154
0.092637
0.29592
0.063608
0.26918
0.48932
0.14481
0.24111
0.15124
0.31319
0.078484
0.43638
0.10292
0.66508
0.14588
0.52546
0.3158
0.11149
0.7036
0.13019
0.53319
0.09877
0.65401
0.17583
0.2684
0.86236
1.4348
0.3674
0.14029
1.0528
0.1301
1.1551
1.1893
0.58514
0.11066
1.1111
0.66028
0.31308
0.11406
0.30892
0.91306
0.093079
0.94692
0.14918
0.69522
0.2136
1.1593
1.1704
0.19511
1.0683
0.21602
0.16719
0.11981
0.25792
0.9348
0.41968
0.65645
0.11657
0.13177
0.36142
0.2755
0.36493
0.17756
0.1579
0.090755
0.24715
0.074624
0.17537
0.19078
0.34013
0.28071
0.14015
0.27005
0.10312
0.064654
0.74742
0.48287
0.17855
0.23377
0.14478
0.13995
0.089692
0.22905
0.071077
0.59797
0.063951
0.98729
0.81067
0.31334
0.081425
0.21998
0.10756
0.3384
0.1509
0.78494
0.35196
0.18136
0.60325
0.1832
0.60796
0.46185
0.22003
0.31315
0.63971
0.91108
0.79792
1.6188
0.16236
0.22922
1.1185
0.49487
0.13018
0.19383
0.3204
1.0205
0.79884
0.16035
0.72079
0.10124
0.28693
0.33072
0.41121
0.19825
0.80591
0.33026
0.81301
0.148
0.097108
0.48187
0.83421
0.59421
0.12013
0.54466
1.1866
0.19977
0.13253
0.078021
0.1695
1.645
0.17804
0.092044
1.1726
0.12763
0.1955
0.10567
0.33507
0.26998
0.10082
0.44181
0.48491
0.19639
0.97662
0.22194
0.12202
0.072564
0.16421
0.84151
0.1797
0.095126
0.17254
1.209
0.11523
0.4956
0.11907
0.10765
0.99169
0.67202
0.26913
0.29925
0.43379
0.21553
0.56815
0.51391
0.31588
0.12149
1.0555
1.123
0.31899
0.16374
0.12422
0.09542
0.1186
0.092496
0.17857
0.66969
0.26998
0.12031
0.46911
0.10544
0.19974
0.56715
0.11299
0.097644
0.26418
0.06726
0.17052
1.1347
1.1399
0.85284
0.18713
0.36654
0.1296
0.16369
0.24855
0.9355
0.98499
0.89514
0.098871
1.2977
0.1141
1.0189
0.43781
0.75499
0.17763
0.21421
0.58819
0.34296
0.47935
0.38901
0.15785
0.36589
1.1208
1.074
0.30796
0.55661
0.84818
0.4807
1.0346
0.44875
0.34538
0.46515
1.2666
0.43756
0.11373
0.35835
0.94803
0.24985
0.32711
0.13788
0.10112
0.25869
0.13353
0.071258
0.1127
0.39312
0.95177
0.16671
0.14629
0.059576
1.1873
0.54469
0.73825
1.2451
0.12509
0.073954
0.21287
0.14376
0.76498
0.083751
0.092779
0.69317
0.4556
0.44124
0.49221
0.96433
1.0586
0.13812
0.21894
0.080852
0.88019
0.11183
0.11805
0.076446
0.23049
0.66835
0.12344
0.41387
0.1209
0.20013
0.11605
0.62185
0.18772
0.25035
0.30449
0.48164
1.226
0.42828
0.54887
0.087229
0.18074
1.0271
0.35808
0.63941
0.24806
0.09383
0.23202
0.81572
0.35759
0.16446
0.098218
0.81452
0.42354
0.43999
0.080271
0.076205
0.11547
0.1014
1.5981
0.062951
1.4008
0.17
0.27166
0.7722
0.33027
0.94793
0.49873
0.16526
0.10111
0.19254
0.6573
0.4374
0.20092
0.1286
0.3167
0.10369
0.083804
0.34469
0.11294
0.15236
0.22066
1.1712
1.016
0.083388
0.71979
0.076174
1.0157
0.26437
0.29292
1.1032
0.14529
1.1331
0.16245
0.10119
0.15146
0.067769
0.40399
0.89966
0.31469
0.23675
0.081372
0.081956
0.14666
0.3692
0.2905
0.76995
0.08936
0.25766
0.78865
1.1466
0.11576
0.21379
0.10191
0.78454
0.13636
0.11267
0.10556
0.45842
1.1261
0.072614
0.60995
0.40884
0.3634
0.48963
1.1747
1.1318
0.18326
0.4355
0.14997
0.13277
0.31875
0.2546
0.87933
0.33762
1.0694
0.081425
0.18291
0.23282
0.15735
0.25221
0.070824
0.099018
0.067006
0.36138
0.17576
0.12
0.11599
0.13653
1.1177
0.25811
0.26134
0.33932
0.10255
0.081486
0.1839
1.1004
0.12046
0.49138
0.081929
0.14483
0.14729
0.62637
0.22206
0.33988
0.93722
0.1046
0.71373
1.1292
0.26126
0.15014
0.61353
0.27793
0.51003
0.14456
1.1601
0.11459
0.29017
0.47741
0.67964
0.16432
0.99572
0.41573
0.40282
0.96794
0.50702
0.29598
0.19866
0.15343
0.16576
0.072562
0.094406
1.1937
0.40734
0.11611
0.20066
1.0247
0.30221
0.089119
0.17253
0.18254
0.2851
0.90342
0.81213
0.23539
0.082427
0.93335
1.1876
0.17618
0.18595
0.14385
0.8669
0.92469
0.22875
0.96002
1.1212
0.23821
0.13241
0.33837
0.52102
0.43802
0.19167
0.066357
0.20626
0.28816
1.4123
0.31998
0.50818
0.39508
0.45466
0.12724
0.2188
0.16303
0.1308
0.51616
0.19089
0.11556
0.99291
0.47624
0.96217
1.082
0.35775
1.2442
0.11426
0.2948
0.13474
0.22679
1.3103
0.69391
1.2152
0.47869
0.083936
0.31197
1.0844
0.21957
0.96581
0.73733
0.19388
0.14012
0.72123
0.39349
0.40373
0.24759
0.38037
0.23871
0.20277
0.086604
0.16026
0.75645
0.33735
0.055894
1.1686
0.16154
0.34692
0.68648
0.20841
1.1616
0.59059
0.31112
0.86816
0.073773
0.41259
0.21966
0.093482
0.17582
0.75588
0.31982
0.27299
0.1327
0.15565
0.095154
0.70567
0.071983
0.62118
0.14541
0.091012
0.093489
0.095488
0.70671
0.086626
0.20403
0.23226
0.29507
0.83579
0.33894
0.096615
0.14288
0.317
0.97632
1.2341
1.3699
0.31407
0.11437
0.11761
0.57127
0.33562
0.55615
0.79142
0.41804
0.17609
0.46721
0.10736
0.82534
0.08069
0.071461
0.83459
0.21512
0.83605
0.2946
0.16581
0.14303
1.2369
0.15587
0.81303
0.15733
0.32966
0.11202
0.53262
0.60522
0.54829
1.2929
0.23998
0.76101
0.097775
0.26744
0.27915
0.77895
0.34186
0.43613
0.23203
0.17812
0.38517
0.10324
0.27792
0.65174
0.34499
0.31835
0.30938
0.73642
0.16303
0.12065
0.33582
0.80713
0.16349
0.62622
0.40878
0.28358
0.20412
1.2657
0.47165
0.38805
0.069153
0.52977
0.11057
0.18349
0.31047
0.11383
0.45011
0.11176
0.18857
0.17653
0.12674
0.081687
0.36708
0.26853
0.11398
0.21765
1.0253
0.18356
0.98061
0.32753
0.21371
0.30668
0.17719
0.12582
0.57639
0.13834
0.36277
0.10311
0.28258
0.18835
0.28061
0.17326
0.16682
0.22039
0.51136
0.11164
0.31763
0.11362
0.083156
0.13049
0.44694
1.0134
0.16195
0.076532
0.22357
0.62314
0.22903
0.32782
0.47374
1.1711
0.70712
1.2206
0.5883
0.36775
0.81757
0.17365
0.11109
0.27651
0.41997
0.10071
1.0326
0.84823
0.24991
0.77897
0.63898
0.40199
0.25009
0.098557
0.77308
0.52984
0.7016
0.15052
0.43147
0.15397
0.25069
0.10801
0.60818
1.2057
0.20604
0.10623
1.0478
0.12702
0.68789
0.2464
0.30762
0.11609
1.2279
0.08407
1.266
0.55473
0.11557
0.24348
0.7126
0.53676
0.18898
0.237
0.40639
0.56901
1.2243
0.20141
0.66351
0.92273
0.18897
0.34052
0.27702
0.20751
0.080621
0.89858
0.3389
0.1412
0.1838
0.16261
0.32483
0.26772
0.27478
0.7423
0.41681
0.10173
0.33019
0.16368
0.63068
0.61135
0.13033
0.12689
0.4587
0.087824
0.64396
0.074483
0.12541
0.14114
0.34893
0.079265
0.59846
0.11224
0.49126
0.22347
1.0335
0.26273
0.11987
0.18733
0.34406
0.081333
0.60137
0.20129
0.27514
1.0879
0.50454
0.11397
0.47203
0.087485
0.10181
0.38074
0.53752
0.73068
0.14095
0.65612
0.24312
0.1241
0.18502
0.35032
0.25988
0.19471
0.27089
0.21764
0.95306
0.84452
0.51494
0.92567
0.13823
0.29197
0.076544
0.12306
0.14504
0.10787
1.0779
0.12757
0.14145
0.11077
0.077174
0.5607
0.098809
0.99695
1.5442
0.87286
0.13855
0.099959
0.6384
0.10978
0.88096
0.54117
0.17499
0.22575
0.46094
0.54023
0.44125
1.3128
0.96349
0.11801
0.076662
1.0256
0.51924
1.2211
1.2551
0.096632
0.32043
0.30257
0.55537
0.099503
0.060214
0.18522
0.095319
0.37584
0.093051
1.1918
0.085673
0.15219
1.2276
1.0479
1.2051
0.29484
0.37023
0.13573
0.1481
0.1875
0.56773
0.38872
0.17922
0.73002
1.1479
0.12047
0.33856
1.5854
0.58492
0.18808
0.24074
0.099165
0.43322
0.15866
0.45588
0.1171
0.1596
0.11745
0.2593
0.93292
0.18509
1.1562
0.62481
0.23276
0.11128
0.40469
0.39502
0.47595
0.50694
0.55987
0.77164
0.1507
1.2192
0.23679
0.74458
0.5313
0.16992
0.53813
0.25796
0.2849
0.084375
0.082727
1.0948
0.68858
0.30473
0.24541
0.093415
0.15566
1.0952
0.27307
0.075617
0.078017
0.77527
0.13515
0.71141
0.12005
0.066939
1.0697
0.39194
0.19423
0.15741
1.2289
0.2833
0.73017
1.331
0.19456
0.084083
0.094007
0.14785
0.44001
0.69286
0.19963
0.068583
0.085891
0.66554
1.5982
0.40545
0.14253
0.25049
0.21563
1.0504
0.085018
0.41894
0.093841
0.12254
0.14821
0.86831
0.21386
0.2142
0.17319
0.17125
0.37224
0.30307
0.38017
0.12681
0.088494
0.18006
0.14755
0.88754
1.0991
0.82559
1.3824
1.1362
0.098018
1.0807
0.18208
0.15533
0.25488
0.59583
1.2218
1.6311
0.090637
0.64182
0.11152
0.069514
0.46803
0.3334
0.98347
0.18421
1.056
0.3398
1.0578
1.0604
0.12746
0.11064
0.24611
0.15313
0.34605
0.2197
0.063087
0.49623
0.71231
0.14498
0.51781
1.2159
0.72556
0.17064
0.32834
0.32335
0.7168
1.0059
0.52819
0.88347
0.2361
0.37369
0.20138
0.26257
0.24751
0.43827
0.63642
0.11742
1.1865
0.1978
0.15369
1.0293
0.11004
0.33092
0.069053
0.12485
0.11298
0.093534
0.10833
0.16228
0.14848
0.36825
0.10406
0.25225
0.12277
0.44159
0.10761
0.12572
0.96127
0.20267
0.068549
0.098591
0.47069
0.52345
0.13375
0.19731
0.077014
0.728
0.29548
0.73553
0.47335
0.17885
0.091008
0.13524
0.17247
0.081297
0.33897
0.19453
1.3691
0.89205
0.17792
0.28879
0.12763
0.24298
0.82211
0.50307
1.0092
0.1136
0.17324
0.43945
0.41969
0.078517
0.36757
0.35001
0.25189
0.079409
0.20038
0.12408
0.13539
0.76828
0.077256
0.09915
0.76755
0.28765
0.084382
0.63024
0.40103
1.0428
0.60337
0.9641
0.15688
0.40908
0.14253
0.14924
0.11148
0.46263
0.086571
0.153
0.15721
1.5335
0.10231
1.2963
0.68184
1.0992
0.71999
0.087847
0.36875
0.26912
0.26299
0.12356
0.24516
0.095349
0.19267
1.1866
0.17075
0.15972
0.98528
1.082
1.1862
1.1808
0.75406
0.096569
0.81859
0.28154
1.1315
1.1942
1.1759
0.099365
0.23878
0.1489
0.2932
0.10483
0.092516
0.17177
0.87034
0.12209
0.56387
0.34271
0.29483
0.35995
1.1021
0.10443
0.10545
0.071144
0.41399
0.066992
0.38307
1.1933
0.12166
0.31359
1.2602
1.2412
1.0938
0.17363
0.14992
0.49213
0.56093
0.3293
0.0618
0.14854
0.35138
0.22935
0.21851
0.39429
0.055343
0.57184
0.17026
0.59471
0.45189
0.089155
0.52928
0.57725
0.5041
0.11755
0.77768
0.25229
0.74598
0.26528
0.27896
0.44279
1.0905
0.34606
0.21679
0.093964
0.14425
0.083905
0.078785
0.34709
0.39679
0.70149
0.85438
1.039
0.36235
0.16377
1.1774
1.0785
0.26425
0.51627
0.1266
0.21161
0.19719
0.12966
1.2599
0.11998
0.5286
0.60379
0.1067
0.20516
0.48057
0.57327
0.10914
0.10278
0.20685
1.0688
0.097857
0.75008
0.18528
1.1757
1.4941
0.093933
0.16936
0.18625
1.181
0.30001
0.88131
0.165
0.083669
0.13191
0.23245
0.35477
0.18993
0.38251
0.38263
1.0981
0.6086
0.1117
1.1011
0.37845
0.76515
0.39322
0.41348
0.18905
0.24541
0.47205
1.0667
1.1519
0.24673
0.88095
0.6979
0.21953
0.10917
0.66174
0.22007
0.11372
0.92505
0.94604
0.13292
0.29638
0.12918
0.52578
0.10971
0.67428
0.52178
1.5666
0.93288
1.2374
0.27306
0.19141
0.18792
0.052308
1.0916
0.086682
0.85778
0.39742
1.0154
0.22773
0.53898
0.14193
0.39491
0.14537
0.084812
0.26668
0.1166
0.54431
0.83226
0.66473
0.38734
0.8021
0.28923
0.91458
0.91707
0.19147
0.08279
0.12127
1.1629
1.117
0.079596
0.14389
0.1276
0.13667
0.5151
0.29154
1.2465
0.14612
0.31513
0.41026
0.26278
1.1007
0.057523
0.77086
0.26806
0.14055
0.67395
0.88613
0.66417
0.13487
0.18064
1.2693
0.6762
0.17438
0.31977
0.75572
0.17142
1.4876
0.67358
0.24575
0.29347
0.38177
0.18917
0.15226
0.13014
0.10054
0.93101
1.2962
0.75604
0.59686
0.25091
0.37765
0.27721
0.2336
0.30337
0.39888
0.19257
0.19879
0.15957
0.29561
0.37583
0.12786
0.25815
0.16734
0.30894
0.1365
0.1822
0.059467
0.4584
0.14892
0.53558
0.32562
1.2718
0.23236
0.25889
0.13045
0.20861
0.096842
0.2949
0.12575
0.18088
1.1783
0.63394
0.2609
0.13615
0.28939
0.26072
0.10867
0.35112
1.1148
0.56152
1.1166
0.31144
0.3851
0.17114
0.12311
0.73625
0.075904
0.12602
0.577
1.0974
0.13927
0.1456
0.15743
0.39998
0.11171
0.093522
0.094184
1.1637
0.96424
1.1127
1.104
0.36478
0.074591
0.19392
0.145
0.11309
0.4204
0.88333
0.082253
0.23896
0.31707
0.09284
0.080652
0.30258
0.095523
1.0633
1.3675
0.27209
0.16608
0.22409
0.15609
1.0985
0.1192
0.12179
0.16418
0.14853
0.28716
0.41341
0.075113
0.99123
0.19911
0.9137
0.10325
0.072855
0.34574
0.7166
0.39497
0.24314
0.11
0.093818
0.98814
0.37147
0.48472
0.69285
1.0431
0.51693
0.27039
0.43163
0.79916
0.07868
0.89344
0.1741
0.57947
0.097536
0.12926
0.086999
0.133
0.17973
0.71426
0.07172
1.0967
0.22566
0.89778
0.5883
0.56889
0.21665
0.27149
0.14417
1.1856
0.26141
0.65374
0.50141
0.13074
0.67671
0.73458
0.7169
0.093122
0.097777
1.1467
0.073911
0.40664
0.22709
1.2377
0.2822
0.11469
0.23988
0.11345
0.66175
0.17593
0.21011
0.29673
1.2494
0.29042
0.16127
1.1636
0.2371
0.13792
0.093076
0.10352
0.09696
0.22564
0.39927
0.20635
0.91854
0.11498
0.21938
0.56594
0.28141
0.12581
0.2366
0.13768
0.24439
1.1331
0.66352
0.58333
0.97657
0.11125
0.10556
0.54914
0.81199
0.19081
0.27833
0.99803
0.40956
0.41586
0.98072
0.28153
0.13221
0.36785
0.090082
0.38537
1.1802
0.097644
0.7741
0.86738
0.15568
0.18099
0.15261
0.54987
0.13037
0.17488
0.30506
0.09255
0.10269
0.65281
0.35281
0.16175
0.18147
0.56159
0.96302
0.60719
0.18396
1.077
0.15561
0.24908
1.1705
1.2297
0.096354
1.1764
1.1168
1.0431
0.49326
0.10351
0.82133
0.34996
1.228
0.35345
0.060054
0.13595
0.14789
0.20721
0.19769
0.27567
0.39042
0.70193
1.1478
0.22119
0.093382
0.22756
0.24839
0.77989
0.14057
1.6059
0.54269
0.69026
0.17434
1.3434
0.80549
0.12135
1.2152
0.13324
1.0261
0.32558
0.12366
0.26484
0.12982
1.1157
1.0651
0.68751
0.87503
0.12467
0.28733
0.18494
0.086298
0.63762
0.55812
0.75474
0.16499
1.2053
0.11922
0.33328
0.41043
0.13611
0.75388
0.093747
0.095535
0.13118
0.46419
0.43861
1.601
0.19223
0.30986
0.11993
0.31273
0.7333
0.82239
0.4594
0.15561
0.18903
0.33149
0.20947
0.17729
0.31148
0.68092
1.3062
0.19423
1.3602
0.20148
0.82883
0.25163
0.16087
0.18063
0.1383
0.14668
1.1165
0.63052
0.14308
0.2178
0.098736
0.13763
0.34915
1.239
0.066065
0.07554
0.079252
0.17586
0.16467
0.55628
0.26989
0.56438
0.14737
0.084422
1.243
0.33921
0.22961
0.19876
1.0354
0.26649
0.16882
0.65421
0.69221
0.33518
0.076256
0.12258
0.11734
0.23173
0.10302
0.14469
0.22841
0.077343
0.13629
0.22833
0.1326
0.10621
0.083728
0.10864
0.10547
0.21601
0.47341
0.2794
0.11
0.10642
0.23546
0.65232
0.16904
0.08214
0.64623
0.44801
0.085148
0.49599
0.9395
0.70663
0.30309
0.069633
1.1397
0.57404
0.083179
0.26847
0.092324
0.79612
1.1205
0.079847
0.12665
0.09947
0.18736
0.40537
0.2963
0.36297
0.54298
0.85369
0.48836
1.0069
0.10673
0.19371
0.22452
0.70906
0.40408
0.41497
0.92197
1.1304
0.51566
0.085262
0.26683
1.5612
0.24431
0.1056
0.44318
0.17926
0.074713
1.1039
0.26308
0.12232
0.65244
1.1167
0.29674
0.097375
0.11754
0.25596
0.64628
0.099361
0.59021
0.26026
0.78044
0.13702
0.68331
0.18885
0.16231
0.13754
0.21698
0.082299
0.11957
0.10132
0.16141
1.3633
0.71858
0.085275
0.31995
0.14627
0.2379
0.23301
0.31566
0.56448
0.18738
1.2237
0.97057
1.1207
0.27105
0.099668
0.5717
0.33599
1.0823
0.20499
0.074469
1.2161
0.30257
0.16727
0.29857
1.0263
0.61746
0.15375
0.12866
0.43896
1.0913
0.25183
0.2648
0.31009
0.49794
0.17465
1.0281
0.097406
0.59709
0.13588
0.23745
0.14725
0.22667
0.2572
0.57414
0.28503
0.25122
1.0242
0.80133
0.28568
1.2051
0.75626
0.26317
0.40549
0.48165
0.31551
0.14732
0.1502
0.062276
1.0263
0.21999
1.3091
0.11732
0.30582
0.20283
0.22329
1.1075
1.2011
0.71961
0.12787
0.11545
1.0297
0.22406
0.76721
0.20067
1.2989
0.3429
0.24518
0.11467
0.14587
0.52282
0.27436
1.1272
0.10353
0.73731
0.10562
0.79828
0.19483
0.11023
0.33337
0.24309
0.078941
0.072991
0.87258
0.10588
0.083315
0.25991
0.08199
0.11867
0.22124
0.16338
0.29103
0.42067
0.12226
0.19935
0.11449
1.0934
0.22805
1.0244
0.66915
0.10303
0.81666
0.22992
0.97594
0.73271
0.15644
0.66432
0.091807
0.1985
0.077365
0.099346
0.12547
1.1654
0.18556
0.18984
1.0702
0.28518
0.08776
0.80876
0.29935
0.12195
0.11251
0.54894
0.071603
0.90932
0.21629
0.54553
0.85584
0.35046
0.98435
0.54799
0.20547
0.40462
1.0494
0.97266
0.34363
0.22078
0.079387
1.107
0.98301
0.25827
0.1045
0.10582
1.0936
0.12712
0.31763
0.50741
0.20294
0.17295
0.29493
1.0166
0.67202
0.40993
0.40135
0.22353
0.14005
0.67159
0.13964
0.28782
1.105
0.19963
0.30753
0.10205
0.60615
0.69062
0.35156
0.11143
0.14498
0.13452
1.2238
0.14128
0.65156
0.10855
0.56806
0.22529
0.60735
0.13641
0.34971
0.3291
0.097352
0.57253
1.1386
0.34035
0.31133
0.21196
0.47016
0.16613
0.15827
0.060747
0.09277
0.36083
1.1456
0.61088
0.14385
0.065796
0.13532
0.081715
0.83646
0.46479
0.20656
0.094971
0.12245
0.13825
0.23018
1.3075
0.16663
0.58967
0.17955
0.1101
0.21958
0.1821
0.087711
0.09242
0.20776
0.22117
0.45861
0.77298
0.068602
0.36994
0.98777
0.23864
0.13437
0.2814
1.4396
0.27847
0.093995
0.14007
1.0974
0.1448
0.1183
0.082907
1.1465
0.69838
0.26642
0.63056
0.6343
0.13449
0.10233
0.44535
0.1756
0.16448
1.5502
0.75635
0.81339
0.82976
0.083563
0.24678
0.57129
1.0834
1.0445
0.10822
0.71803
0.24304
0.45786
0.10016
0.15352
1.0095
0.095708
0.14759
1.0948
0.10913
1.5369
0.5015
0.64859
0.9584
0.14402
0.23423
1.0044
0.50323
0.49475
0.12531
0.2266
0.4307
0.48333
0.16143
0.92057
0.15643
0.077619
0.18086
1.0763
0.13081
0.058509
0.14446
0.11394
0.14322
0.10425
0.22886
0.32042
0.85048
1.3629
0.33453
0.17371
1.1946
1.2119
0.22595
0.070197
0.57088
0.24871
0.21379
0.19217
0.60778
0.56628
0.4489
0.61815
1.0395
0.36685
0.59667
0.67046
0.96271
0.20662
0.15093
0.081902
0.10089
0.52948
1.1587
1.3071
0.24172
0.21119
0.79347
1.0956
0.2389
0.12205
0.21271
1.3421
1.1547
0.065864
0.45285
0.17311
0.17808
1.144
0.13439
0.17766
1.1457
0.07429
0.57094
0.16434
1.0981
0.13791
0.33526
1.2889
0.48424
0.38423
0.14375
0.126
0.15308
1.0446
0.1699
0.062594
0.096214
0.26782
0.19674
0.064101
0.10478
0.16576
0.76976
0.58125
0.28009
0.36012
0.1709
0.061982
1.0021
0.75196
0.089505
0.35061
1.1968
0.30068
0.33066
0.30864
0.16705
0.40471
0.14799
0.94504
0.11055
0.095541
0.094495
0.29275
1.0337
0.12364
0.45003
0.12344
0.34041
0.73164
0.19239
0.18016
0.21736
0.16105
0.7488
0.12834
1.0701
0.19926
0.26197
0.40296
0.64304
0.17563
0.64284
0.10881
0.20948
0.33826
0.63451
0.16858
0.07123
0.52265
0.17604
0.19012
0.097084
0.63674
0.53511
0.19185
0.20264
0.07218
0.19879
0.30915
1.1078
0.3731
0.46766
1.3135
0.13542
0.076737
0.28498
0.16596
0.10926
0.058821
0.61402
0.10576
0.14839
1.1546
0.11567
0.21174
0.10535
0.17288
0.2486
0.1408
0.21763
0.22434
0.61457
0.1799
0.063146
0.084413
0.96755
0.22691
0.15452
0.069239
0.19764
0.10683
0.14776
0.32375
0.3876
0.98523
0.11855
0.0873
1.1548
0.65203
1.0375
0.34981
0.062974
0.36351
0.80144
0.53654
0.24036
0.70867
0.12727
0.2051
0.54562
0.46324
0.22497
0.98013
0.60487
0.13826
0.28322
0.068441
0.13406
0.19026
0.49758
0.30534
0.1399
0.092471
0.16405
0.09375
0.81586
0.34127
1.1244
0.19958
0.26304
0.65587
0.4075
1.1811
0.83266
0.10147
0.99484
0.15978
0.20439
0.7772
0.1113
0.79053
1.0926
0.12791
1.0381
0.202
0.15767
0.1244
0.20234
0.10359
0.23292
0.20628
0.1228
0.23
0.6163
0.25307
1.1286
0.36805
0.17627
0.69702
0.28713
0.32893
0.21707
0.11104
0.13507
0.92559
0.30648
0.42819
0.54014
0.72045
0.076726
0.51481
1.2086
0.1153
1.0957
0.15563
0.71258
0.33667
0.27002
0.1071
0.92596
0.24338
0.92198
0.43635
0.38888
0.19338
0.27961
1.2097
0.80283
0.92223
0.15672
0.8666
1.1689
0.99863
0.12175
0.49892
0.083503
1.0826
0.10908
1.0528
0.79937
1.1569
0.6323
0.46024
0.96545
0.78769
0.73342
0.24543
0.63247
0.17277
0.21458
0.15519
0.18881
0.91547
0.12759
0.11689
1.0618
0.89566
0.13506
0.1641
1.1694
0.98006
0.17127
0.26087
0.29341
0.54157
0.55193
0.48879
0.64343
0.2953
0.51665
0.75526
0.85731
1.0041
0.085207
1.222
0.57193
0.184
0.92123
0.35529
0.27181
0.34442
0.092435
0.95355
0.44731
0.10182
0.16488
0.55543
0.22862
0.25896
0.33841
0.79299
0.37158
0.19347
1.0336
0.31749
0.20197
0.83941
0.32305
0.4653
0.36754
0.47655
0.10807
0.11759
0.12829
0.072907
0.17341
0.16849
0.069399
0.15137
0.455
0.35076
0.29084
0.69653
0.090375
0.13441
0.91217
0.081609
0.48995
0.17655
0.26257
0.082145
0.09795
0.39823
0.63121
0.17402
1.2332
0.26651
0.58857
1.3109
0.50849
0.52992
0.087093
0.82292
1.2351
0.13032
0.1293
0.16687
0.17478
0.63107
0.22028
0.098276
0.2076
0.55963
0.74122
1.1793
0.57094
0.087647
1.2973
0.49697
0.1935
0.19774
0.49934
0.12766
0.12027
1.2152
1.0222
0.55767
0.33396
0.13978
0.17025
0.23958
0.90031
0.80106
0.39029
0.12201
0.12
0.16774
0.081655
0.20078
0.12992
0.19104
0.095873
0.31533
0.093315
0.12665
0.7664
0.2201
1.1364
0.43971
0.16339
0.51054
0.49534
0.099317
0.080017
0.49439
0.077473
1.2146
0.092841
0.15228
0.63624
0.82885
0.99694
0.10676
0.556
0.41927
0.11993
0.22643
0.4239
0.23681
0.10714
0.37771
0.087994
0.13432
0.40314
0.11451
0.080408
0.15949
0.69334
0.2586
0.11673
0.14104
0.799
1.0001
0.068674
1.1492
0.16011
0.089131
1.1549
0.16346
1.051
0.27182
0.70673
0.16807
0.19698
0.1897
0.36822
0.10861
0.13842
0.12794
0.55057
0.11898
0.13885
0.13184
0.44283
1.0292
0.12221
0.30231
0.21922
0.34292
0.47118
0.10178
0.3181
1.1179
0.11728
0.27123
0.22246
0.068901
0.73347
0.47189
0.27773
0.11145
0.46219
0.1134
0.5034
0.10728
1.0181
0.51499
0.22473
1.1905
0.88509
0.19384
0.20967
1.1122
1.0414
0.086411
0.88858
0.72154
0.23102
1.5977
0.19399
1.7047
0.90576
0.069623
0.12968
0.78153
0.55573
0.17588
0.33662
0.16104
0.22498
0.25057
0.53584
0.31864
0.33498
0.20668
0.99719
0.15179
0.86792
0.80895
0.22484
0.061274
0.14531
0.57111
0.10627
0.57361
0.62918
0.46217
0.75818
0.40315
0.12998
0.17278
0.11834
0.102
0.089305
0.19144
0.12178
0.47011
0.36679
0.10799
0.61792
0.43027
0.57482
0.30179
0.1267
0.22944
0.90922
0.54233
0.14774
0.23518
0.15038
0.81316
0.13265
0.53378
0.10466
1.2383
0.17586
0.57381
1.0712
0.4048
0.14888
0.33747
0.35481
1.0214
0.1156
0.68578
0.22122
0.73576
0.10684
0.10652
0.20657
0.48851
0.50425
0.21343
0.54123
1.0044
0.6086
0.52464
0.055833
0.11892
0.089983
0.74337
0.20813
0.42944
0.68943
0.089113
0.085692
0.9245
1.0926
0.1038
0.29917
0.18654
0.11015
0.12438
1.255
0.43675
1.2657
0.35727
0.59753
0.14866
0.10688
0.18992
0.14987
0.15022
0.15441
0.15454
0.16165
0.15981
0.083146
0.89772
0.13536
0.78583
0.27321
0.08391
0.30782
0.068815
0.2743
0.17133
0.11097
0.19923
0.16916
0.13504
0.098461
0.089459
0.53782
0.10284
0.12065
0.54501
0.59833
0.19157
0.93524
0.17203
0.26532
0.92304
0.41387
0.58234
1.0571
0.10554
0.5166
1.1609
0.99623
0.35628
0.15178
0.3669
0.5637
0.18805
0.26374
0.34068
0.42975
0.25196
0.40363
0.28602
0.39003
0.94308
1.1792
0.83534
1.0114
1.1678
0.17762
0.26144
0.090704
0.30483
0.31
0.071439
0.082939
0.8661
0.27873
0.65496
0.1269
0.54176
0.16927
0.80536
1.0445
0.23005
0.3394
0.16272
0.33132
0.33407
0.71918
0.78821
0.94669
0.69486
0.74739
0.25076
0.18446
1.247
0.84635
1.3441
0.22523
0.12084
0.36929
0.26786
0.37122
0.65213
0.27906
0.5497
0.33083
1.1991
0.19864
0.10087
1.4582
0.14162
0.06831
0.099263
0.52485
1.5549
0.43055
0.61701
0.47098
0.44754
0.16782
0.62025
1.1235
0.23801
0.23811
0.1861
0.43631
0.63572
0.65125
0.97435
0.1582
0.082261
0.2783
0.10449
0.16822
0.25222
0.31448
0.9152
0.11663
1.102
1.6579
0.83381
0.13441
0.16072
0.16335
0.10297
0.38793
0.080945
0.23903
0.29753
0.31403
0.27585
0.12508
0.085584
0.083139
1.7496
0.45238
0.65359
0.19601
0.07975
0.19816
0.2339
0.94881
0.52707
1.0562
0.18424
0.89124
0.7561
0.14962
0.076644
0.1243
0.14765
0.3072
0.28462
0.094997
1.3244
0.85943
0.18345
1.0967
1.0803
0.19319
1.4529
0.18074
0.44917
0.20446
0.2206
0.67276
0.068371
0.15321
0.23368
0.71522
0.1753
1.0301
0.090637
0.38189
0.50434
0.27419
0.39841
0.19285
0.93567
0.36599
0.27359
0.27706
0.72499
0.34404
0.35406
0.11718
0.10742
0.086878
0.096947
0.10653
0.15206
0.42611
0.27203
0.40821
0.19775
0.32138
0.63515
0.21533
0.67282
0.33532
0.47324
0.26977
0.24588
0.37692
0.58637
0.18812
0.6053
0.34462
1.1245
0.40942
1.4909
1.1834
0.46992
0.24486
0.4059
0.1044
0.17929
0.1104
0.26037
0.096744
0.29677
0.076531
0.54697
0.13533
1.1164
0.47675
0.48641
1.3827
0.49672
0.11019
0.070548
0.40032
0.65916
0.15243
0.11061
0.56413
0.53724
0.16757
0.50207
0.39176
0.09199
0.40497
0.10305
0.71428
0.14037
1.2765
0.19643
0.085519
0.53578
0.16356
0.51352
0.3443
1.0348
0.32426
0.4625
0.26367
0.46766
0.54628
0.11075
0.10284
0.31151
0.36999
0.62666
1.0568
0.13774
0.47396
0.32507
0.16342
1.1527
0.32836
0.093939
0.27026
0.34841
0.23671
0.12622
0.98464
0.095451
1.4297
0.080868
0.090831
0.18706
0.72501
0.55006
0.98056
1.2684
0.13357
0.12901
1.0134
0.099217
0.14321
1.1455
0.23916
0.15507
0.11505
0.12524
0.19481
0.29301
0.17997
0.98543
0.28493
0.076014
0.15752
0.28367
1.1302
0.22607
0.34527
0.19425
0.10479
1.128
0.27725
1.1987
0.10667
0.15493
0.35967
0.92969
0.95212
0.17452
1.5943
0.20458
0.14659
0.48368
1.6997
0.10379
0.17865
1.0641
0.56773
0.11117
0.1549
0.11151
0.1968
0.67359
0.41495
0.15725
0.1607
0.11696
0.25853
0.26291
0.16335
1.1372
0.10382
0.2585
0.55025
0.32489
0.12902
1.6285
0.61662
0.49694
0.15035
0.28998
0.21744
0.98243
0.088333
0.91327
0.81861
0.42431
0.18044
1.0007
0.086549
1.1576
1.1272
1.594
0.082896
1.0449
0.60225
0.37868
0.52234
0.098573
0.3385
0.1643
0.082475
0.33762
0.10309
0.13047
0.089845
0.19846
0.083471
0.3222
0.085634
0.24967
0.28491
0.11753
0.17317
0.26695
0.065384
0.14684
0.2906
0.79953
1.3064
0.13222
0.065168
0.12986
0.1003
0.1738
0.71106
0.87841
1.1493
0.56874
1.0983
0.11702
0.28598
0.21622
0.079309
0.83749
0.2708
0.21632
0.14202
1.5032
0.068703
0.58521
0.5116
0.095932
0.1045
0.56928
0.15473
0.11489
1.17
0.66992
0.12521
0.55148
0.90325
0.33898
0.66252
0.080419
1.279
0.4357
0.75864
0.34616
1.1192
0.17281
1.5594
0.13367
0.39986
0.41222
0.68118
0.20454
1.267
1.0228
0.17573
0.16409
0.40467
0.85157
0.22889
0.68757
0.095539
0.65871
0.29959
0.12825
0.079794
0.14193
1.0688
0.42336
0.15288
0.083876
0.62321
0.27377
0.66079
1.6849
1.0433
1.2458
0.70463
1.3533
0.5366
0.26935
0.33152
0.23614
0.09631
0.28084
0.77806
0.095051
0.27838
0.90158
0.23096
0.61166
0.38528
1.7003
0.087053
0.11528
0.083278
0.24927
0.86901
0.39114
0.28919
0.17513
0.33556
0.36045
0.50222
0.23029
1.1538
0.13913
1.1455
0.31152
1.1281
0.65231
1.1576
0.13328
0.54149
0.29076
0.36888
0.20875
1.0654
0.20077
0.63702
0.14382
0.2341
0.34652
0.32612
1.1215
0.48452
0.18875
0.16363
0.085997
0.49274
0.32097
0.081484
0.61727
0.14861
0.60714
0.31178
0.1591
0.87674
0.8607
0.74843
0.29391
0.40092
1.3135
0.58694
1.2894
1.1599
0.98976
0.27474
0.087865
0.26557
0.12849
0.87875
0.13768
0.4995
0.50525
0.27749
0.23027
0.37072
0.14816
1.1559
0.4199
0.82773
0.085161
0.16426
0.10618
1.1345
0.68441
0.14673
1.0144
0.19891
0.18257
0.17701
0.85463
0.90712
0.092076
0.082011
0.21657
1.0688
0.53764
0.17532
1.1606
0.37618
0.75416
0.10697
0.17429
0.24247
0.13278
1.1123
0.36858
0.099544
0.066592
0.26183
0.62588
0.17248
1.0714
0.17698
0.3068
1.4834
0.09656
0.91857
0.096379
0.23107
0.11482
0.24164
0.32444
0.31433
0.21614
0.11158
0.18845
0.16114
0.14384
0.087482
0.17371
0.60661
1.0396
0.38047
1.0992
0.095892
0.54858
0.11141
0.1675
0.32967
0.43452
0.10535
0.41733
0.097597
0.25578
0.21061
0.69096
0.12239
0.35851
0.14711
0.12537
0.32481
0.082593
0.12753
0.1716
0.07169
0.11484
0.45265
0.56691
0.29873
0.77157
0.18057
0.19769
0.38815
0.87652
1.0709
0.87555
1.0537
0.20126
0.51646
0.5254
0.14461
0.074871
0.10075
0.1535
0.085004
0.40526
0.11766
0.08861
0.3249
0.22986
0.20373
0.28816
0.60228
0.44879
0.19201
0.092945
0.15717
0.33763
0.75428
0.38196
0.97691
0.1217
0.63079
0.13658
0.6773
0.13724
0.96109
0.10315
0.2461
1.0821
0.094853
0.53595
0.50677
0.24502
0.18136
0.16205
0.58163
0.48254
0.50184
0.11364
0.8879
0.20703
0.60195
0.47197
0.092939
0.40635
0.3025
0.69181
0.99087
1.1058
0.94944
0.25877
0.11733
1.0492
0.086485
0.26696
0.12444
0.10899
0.28042
0.16107
0.73948
0.23886
0.13434
0.19924
0.67699
0.40551
0.15861
0.45426
0.11671
0.18917
0.40079
0.19102
0.089701
0.34964
0.10834
0.38931
0.071708
0.13764
0.96883
0.11101
0.46234
0.087611
0.059277
0.26771
0.12333
0.18742
0.090135
0.094027
0.19992
0.71751
0.76091
0.27269
0.26724
0.12425
0.2037
0.27089
0.11174
1.0078
0.10215
0.26038
0.59965
0.29636
0.36573
1.2206
0.17692
0.20368
1.0125
1.0338
0.49794
0.4323
0.26425
0.2827
0.066544
0.087098
0.10788
0.7231
0.48582
0.32672
0.11141
0.71026
0.083122
0.52307
0.10217
0.22887
0.27504
0.55135
0.29352
0.74526
0.1291
0.21449
0.12329
0.42603
0.11989
0.10362
1.1325
0.1345
1.7076
0.67847
0.080842
0.22314
0.9292
0.089106
0.21628
0.062442
0.60577
0.12598
0.14559
0.086813
0.33803
0.098197
0.15991
0.25898
1.3011
0.35709
0.14431
0.11203
0.2704
0.33382
0.096196
0.33334
0.99816
0.39911
0.23041
0.11756
0.53228
0.26471
0.95432
0.39347
0.79254
0.14109
0.67955
0.41439
0.4492
0.20831
0.095041
0.10753
0.10488
0.75301
0.15934
0.60975
0.31394
0.28762
0.80721
0.61673
0.99793
0.13415
0.07637
0.15199
1.2239
0.064116
0.2091
0.10674
0.10422
0.22693
0.095229
0.14428
0.10219
0.22785
0.089661
0.11761
0.89477
0.28723
0.3183
0.42381
0.35324
0.63196
0.61219
0.18705
0.15934
0.16879
0.59961
0.65868
0.98411
0.55689
0.61182
0.21937
0.088064
0.38416
0.51436
0.95609
0.5736
0.18866
1.2326
0.24348
0.19307
0.82527
0.069886
0.10602
0.11444
0.13786
0.40787
0.58242
0.066463
0.23158
0.44019
1.4853
0.15076
0.13304
0.13099
1.1121
0.35924
0.36894
0.11208
0.5028
0.5767
0.411
0.28289
0.097964
0.47167
0.11739
0.75255
0.13251
0.14805
0.61815
0.22996
0.87658
0.1217
0.19376
1.1627
0.53908
0.22791
0.14601
0.31914
0.9744
0.30154
0.092637
0.26358
0.60827
0.26918
0.10676
0.6547
0.49712
0.63543
0.31319
1.622
0.48175
0.27267
0.13366
0.11305
0.40817
1.1825
0.56928
0.54024
0.19659
0.51677
0.75523
1.1128
0.25883
1.3404
0.17862
0.7822
0.38483
0.22449
0.38888
0.38355
1.184
0.21087
0.2452
0.29643
0.12656
0.17681
1.3224
0.53284
0.098608
0.104
0.1023
0.090167
0.14918
0.1041
0.68419
0.1086
0.46214
0.19511
0.3652
0.21602
0.087581
0.19617
0.37746
0.12941
0.18096
0.28837
0.47724
0.12377
0.36142
0.18409
0.12965
0.6284
0.20179
0.13576
0.20802
0.065672
0.14008
0.19508
0.18672
0.15296
0.17338
0.17711
0.33332
0.064654
0.20184
0.15517
0.17855
0.098664
0.14478
0.14726
0.31815
0.46639
0.53779
0.50772
0.063951
0.13502
0.18744
0.66703
0.081425
0.21998
0.1471
0.3384
0.10345
0.13334
0.10658
0.35086
0.09719
0.85286
0.49972
0.068145
0.61121
0.14323
0.63971
0.25014
0.20634
0.40181
0.18474
0.14642
0.4567
0.10745
0.2352
1.3351
0.3204
1.0205
0.18623
0.17381
1.1667
0.10124
0.16617
0.33072
0.10992
0.81632
0.21584
0.58899
0.12812
0.25515
0.88375
0.85198
0.90913
0.093477
0.93649
0.095315
0.30993
1.1075
0.84452
0.19798
0.2727
0.25783
0.12198
0.07614
0.11108
1.2385
0.28209
0.10567
0.23671
0.97039
0.17112
1.1317
1.2948
0.17925
0.27499
0.58918
0.34095
0.21312
1.0331
0.97931
0.26396
0.225
0.51178
0.1172
0.11523
0.72151
0.31312
0.16035
0.28858
0.44083
0.96426
0.51331
0.52356
0.13014
0.16597
1.2406
0.23897
0.12149
1.0555
0.85994
0.32003
0.23971
0.15268
1.2173
0.14303
0.23554
0.54323
0.27634
0.075683
0.2998
0.46911
0.21355
0.84658
0.98951
1.0295
0.097644
0.34595
0.28823
0.72732
0.16565
0.6328
0.11088
0.18713
1.0621
1.1026
0.16812
0.24855
0.81745
0.42208
0.1031
0.89542
0.29887
0.1141
0.22698
0.56018
1.1298
0.17763
0.8138
0.08269
0.34296
0.1112
0.26297
0.30477
0.072164
1.1208
0.5303
0.22291
0.19479
0.22756
1.1082
0.18031
0.5142
1.2443
0.46515
0.87169
0.43756
0.11373
0.20893
0.15928
0.24985
0.32711
0.57241
1.2633
0.10796
0.13353
0.23853
0.089727
0.82022
0.56414
1.0331
0.17374
0.1855
0.097064
0.656
0.13648
0.30014
0.12509
0.49521
0.11715
0.12655
0.75781
0.55265
0.97864
0.36375
0.4556
0.46209
0.24236
0.77116
0.17426
0.36179
0.1023
0.080579
1.2187
0.35121
0.84981
0.17208
0.99167
0.43519
0.81965
0.62517
0.38656
0.40893
0.66382
0.62185
0.086287
0.082938
0.34772
0.48164
0.12196
0.31199
0.70745
0.24755
0.53416
0.084499
0.088284
0.1535
0.24806
0.152
0.061124
0.22223
0.41758
0.16446
0.26525
0.3103
0.072264
0.1888
0.34423
0.51285
0.1049
0.094009
0.92698
0.89438
0.25477
0.22586
0.24898
1.1399
0.14008
0.1053
0.68157
0.51724
0.21642
0.079026
0.077133
0.12919
0.088622
0.095637
0.69865
0.20128
0.43437
0.34469
0.14753
0.21688
0.82944
1.2552
1.2101
0.17743
0.8326
0.27379
0.083439
0.12671
0.17277
0.24425
0.39762
0.33429
0.57685
0.66089
0.16966
0.067769
0.33778
0.22366
0.983
0.19052
0.5129
0.17978
0.14666
0.085377
0.48833
0.65948
0.65248
1.0622
0.7893
0.16602
0.13953
0.22736
0.10191
0.12421
0.14823
0.14408
0.072444
1.0016
0.48579
0.10991
0.17084
0.23549
0.74972
0.48963
0.089351
0.14259
0.22027
0.2017
0.3691
0.58368
1.0802
0.44564
0.10935
0.26077
0.24051
0.2237
0.27061
0.14331
0.15735
0.23614
0.90356
1.1199
0.54342
0.07709
0.18888
0.30974
0.21753
0.47372
0.49731
0.58587
0.2066
0.14314
0.33203
0.16287
0.36311
0.55133
0.12046
0.13348
1.1607
0.13458
0.14729
0.22167
0.22206
0.89157
0.23174
0.27109
0.095009
0.2755
0.092761
1.1632
0.57083
0.071058
0.17621
0.093944
0.40652
0.28866
0.1071
0.25889
0.074702
1.1079
0.065928
0.20054
0.16368
0.10325
0.57579
0.29598
0.19866
0.10566
0.066123
0.1439
0.14764
0.098295
0.09908
0.10105
0.37642
0.17412
0.077472
0.096899
0.37111
0.52715
0.1665
0.76202
1.18
1.0617
0.78481
0.060379
0.096049
0.12758
0.24162
0.12063
0.30097
0.088354
0.35391
0.38203
0.47495
1.2899
0.10241
0.12303
0.50239
0.43802
0.11754
0.52056
0.37537
0.087623
1.0367
0.31998
0.22833
0.70951
0.11724
0.50979
0.10218
0.13356
0.41503
1.0559
0.98384
0.195
0.26409
0.083567
1.0263
0.32084
0.96443
0.4189
0.66115
0.25985
0.63202
0.088855
0.29924
0.092098
1.2152
0.63849
0.50057
0.14933
0.076346
0.16468
0.5555
0.23716
0.15022
0.22058
0.67205
0.90617
0.29282
0.38725
0.33396
0.12292
0.54298
0.08017
0.13481
0.10363
0.94604
0.21799
1.1686
0.34836
0.28611
0.26084
0.16463
0.22959
0.13525
0.84624
0.26026
0.22976
1.2152
0.91411
0.114
0.22991
0.3416
0.08935
0.27299
0.1327
0.68135
0.17249
0.59826
0.081506
0.73041
0.17808
0.3465
0.29531
0.095488
0.19274
0.14028
0.94759
0.67097
0.29507
0.16929
0.57325
0.78211
0.85418
0.85359
0.97632
0.16003
0.10248
0.066098
0.33067
0.20481
0.094338
0.076701
0.09556
0.1142
0.47264
0.17857
0.86497
0.17348
0.82534
0.081459
0.091817
0.83459
0.1156
0.29592
0.49081
0.27548
1.38
0.45605
0.58625
0.9487
0.15733
0.41915
0.084567
0.50384
0.60522
0.31674
0.071726
0.23998
0.17994
0.51183
0.1418
0.27915
0.12923
1.356
0.18603
0.19097
0.6001
0.92811
0.62185
0.10301
0.17625
0.4054
0.87515
1.0458
0.73642
0.24239
0.15108
0.45676
0.082583
0.34615
0.66336
1.1289
0.43547
0.59377
0.44948
0.081705
0.96846
0.13348
0.68365
0.25975
0.076664
1.0816
0.56402
0.45011
0.12127
0.35675
0.2789
0.99594
1.2231
0.058612
0.25244
0.11398
0.069961
0.53464
0.40327
0.98061
0.32753
0.21371
0.30668
0.94637
0.25974
0.25233
0.73845
0.1575
0.19914
1.6984
0.79179
0.13332
0.10968
1.1185
0.16284
0.14811
0.79652
0.16712
0.70022
0.75938
0.75703
0.078333
0.16261
0.078643
0.12742
0.73578
0.14382
0.70294
0.32782
0.093165
0.20211
0.27205
0.26866
0.32045
0.36775
0.20945
0.57767
0.30604
1.1128
0.1072
1.1307
0.15724
0.3342
0.4485
0.51194
0.63898
0.12159
0.25009
0.14359
0.074493
0.12135
1.0452
0.90497
0.53085
1.0784
0.12265
1.5383
0.14303
1.2057
0.13187
0.18476
0.53202
1.0709
0.10412
1.2124
0.46802
0.38959
0.28484
0.55282
0.45548
0.66697
0.98371
0.26975
0.59877
0.53705
0.1354
0.17683
0.19677
0.47424
0.42834
0.12659
0.66351
0.43568
0.36699
0.63634
0.1253
0.13913
0.12724
0.11478
0.09476
0.28659
1.184
0.37717
0.15564
0.37038
0.23065
0.16472
0.12672
0.10173
0.21946
0.48736
0.082577
0.68207
0.2854
0.12689
1.0006
1.0194
0.20341
0.84195
0.47274
0.32195
0.30472
0.079265
0.32163
0.064084
0.13636
0.22347
1.0947
1.1626
0.08879
0.24102
0.63838
0.097483
0.28863
0.73831
0.24536
0.26178
0.50454
0.11397
0.64809
0.69412
0.36636
0.38074
0.13075
0.73068
0.51197
0.14118
0.90451
0.14893
0.18502
0.060935
0.14856
0.076221
0.61334
0.076525
0.19968
0.083499
0.80661
0.20463
1.3036
0.49044
1.1437
0.078927
0.73911
0.2632
0.38678
0.17584
0.27754
0.27843
0.22837
1.0787
0.28593
0.092078
0.46736
1.1916
0.13541
1.0128
0.1646
1.1396
0.88096
0.54117
0.26576
0.43415
0.62834
0.083387
0.16438
0.17233
0.12535
0.28022
0.076662
0.21986
0.51924
1.1046
0.83243
0.35278
0.053999
0.55813
0.17313
0.21762
0.071611
0.30507
0.099635
0.99996
0.3005
0.46782
0.50413
1.0866
0.33468
0.34419
0.12913
0.19518
0.65098
0.41712
0.1481
0.58955
0.15192
0.38872
0.17922
0.41182
0.1167
1.1175
1.1829
0.79456
1.3038
0.31267
0.2745
1.1296
1.0131
1.5196
0.25161
0.07215
0.51549
0.62575
0.25681
0.56258
0.18486
0.40051
0.62481
0.23287
0.29893
0.13192
1.0209
0.34866
0.23308
0.24373
1.1444
0.1507
1.1323
0.11944
0.21381
0.15875
0.0854
1.2656
0.14681
0.081597
0.084375
0.39807
1.0948
0.94315
0.16841
0.46218
0.10128
0.20576
0.23886
1.0213
0.24201
0.47973
0.77527
1.1535
0.13854
0.28886
1.5714
0.44929
0.39194
0.19166
0.085514
1.1587
0.11082
0.73017
0.22427
0.71717
1.3365
0.3705
0.47066
0.16986
0.18506
0.21934
0.063823
0.085891
0.56674
0.13192
0.66762
0.37804
1.3204
0.1852
0.087942
0.2476
0.12185
1.2279
0.10466
1.2398
0.2815
0.29173
0.42558
0.50873
0.2608
0.098589
1.1606
0.35366
0.68842
0.084621
0.38827
0.10142
0.88754
0.14275
0.82559
1.3824
1.1362
1.1534
0.17502
0.11496
0.22559
0.47627
0.22036
0.34388
0.85762
0.90627
0.58246
0.23654
0.41075
1.2466
0.3334
0.15282
0.41556
0.057927
0.1525
1.0578
0.53247
0.075796
1.0423
0.24611
0.12223
0.67998
0.091674
0.063087
0.12411
0.71231
1.0269
0.62853
0.27646
0.23988
0.17064
0.96253
1.129
0.11004
0.081849
0.29431
0.29045
0.51971
0.084583
0.20138
0.21711
0.16038
0.11539
0.34654
0.59943
0.58956
0.088295
1.2494
0.36054
0.34616
0.48819
0.1534
0.10737
0.12989
0.13004
0.24515
0.095143
0.99645
1.1345
1.1357
1.1223
0.12881
1.1917
0.3387
1.3697
0.23291
0.26375
0.075181
0.12465
0.11775
0.51422
0.10397
0.23156
0.47816
0.71912
0.31887
0.70152
0.41642
0.6915
0.5221
0.13524
0.078584
0.44066
0.074035
0.19453
1.3691
0.96823
1.1586
0.33765
0.10928
0.47675
1.1977
0.18507
0.98423
0.37355
1.0719
0.31176
0.41969
0.13329
0.30862
1.0928
0.098162
0.80678
0.17367
0.58521
0.20271
0.92045
0.15854
0.086778
0.25538
0.18047
0.084382
0.11083
0.30233
0.070076
0.60337
1.2736
0.4711
0.118
1.3647
0.28862
0.11148
0.15803
0.80429
0.1923
0.71361
1.5335
0.30128
1.2963
0.49248
0.064071
0.71999
1.0658
0.35242
0.18398
0.57508
0.79699
0.080998
0.13451
0.78742
0.081685
0.17075
1.0373
0.20695
0.21953
0.13332
0.071251
0.12347
0.1784
1.2662
0.12827
0.2474
1.1942
0.69378
1.1641
0.23878
1.1857
0.20665
0.36727
0.12859
0.23898
0.062685
0.12209
0.21852
0.095203
0.20374
0.3291
0.22287
1.2128
1.0524
0.071144
0.31883
0.19405
0.26509
0.12697
1.2716
0.38999
0.12721
0.53427
1.0938
0.60828
0.082244
1.1645
0.35984
0.75289
0.35327
1.0681
0.32402
0.28708
0.1896
1.0239
0.6141
0.081704
0.34074
0.59471
1.2106
0.19042
0.52928
0.57725
0.5041
1.3455
0.19928
0.7383
0.12801
0.090014
0.17108
0.43672
1.0905
0.17438
0.21679
0.39143
0.36171
1.4357
0.25242
0.34709
0.23846
0.14016
0.39235
0.12032
0.53652
0.30927
0.094456
0.15365
0.099222
0.10574
0.14452
0.80422
0.16275
0.3809
1.1741
0.55592
0.5286
0.11876
0.14276
0.20516
0.37912
1.1224
0.3402
0.097068
0.40131
0.14367
0.89567
0.097647
0.13724
1.2111
0.099274
0.11544
0.086517
0.16549
0.11146
0.85927
0.3728
0.24258
0.46409
0.13191
0.36767
0.12087
0.18993
0.36143
0.099472
0.30226
0.81372
0.1117
1.1011
0.12536
0.22222
0.12598
0.58157
0.18684
0.62374
0.58702
0.40028
0.1286
1.6648
0.88095
0.22238
0.21953
0.65341
0.28798
0.22007
0.11985
0.28247
0.092452
0.13292
0.22118
0.28188
0.19774
0.21642
0.10089
0.52178
0.15059
1.6579
0.16936
1.1866
0.25221
0.20755
1.1338
0.57588
0.086682
0.96859
0.087468
0.2144
0.18253
0.12507
1.0218
0.95965
0.16494
0.18179
0.67645
0.1166
0.61135
0.1058
0.19856
0.66313
0.8766
0.078648
1.1678
0.22555
0.13578
0.29929
0.12646
0.17901
0.21164
0.29438
0.09852
0.14338
0.25081
0.31429
0.29154
0.21306
1.2004
0.12748
0.30014
0.12196
0.42904
0.12163
0.14509
0.75385
0.09121
0.22797
1.0969
0.66417
0.33457
0.35054
1.2693
0.3629
0.097515
0.55259
1.0216
1.0244
0.14699
0.67358
1.0612
0.15245
0.50929
0.71103
0.18961
0.088729
0.22325
0.93101
0.3568
0.96347
0.32456
0.096449
0.306
0.26139
0.12463
0.085085
0.39888
0.19375
0.91093
0.28722
0.12353
0.39925
0.35369
0.3962
0.16288
0.30894
0.062957
0.20458
0.11612
0.12047
0.12969
0.089783
0.74616
0.54161
0.47988
0.60895
0.081648
0.30226
0.11648
0.24895
0.2973
0.18563
1.189
0.10746
0.45035
0.12504
0.087643
0.33734
0.132
0.35112
0.10292
0.46707
0.063482
0.31144
0.15125
0.13552
0.21206
0.2755
0.16791
0.083112
0.5957
0.20969
0.13927
0.15478
0.30087
0.17402
0.43021
0.43723
0.094184
1.1126
0.23825
0.072484
0.19348
0.99628
0.79822
0.078684
0.12013
1.1069
0.35235
1.4518
0.3657
0.66152
0.13655
0.91677
0.16122
0.12409
0.71113
0.12111
0.25202
0.24967
0.18989
0.70713
0.15609
0.080356
0.11112
0.16617
0.34757
1.3328
0.071677
0.75427
0.82166
0.14518
0.1277
0.20329
1.0576
0.1141
0.34574
0.68065
1.1613
0.90007
0.076663
0.43406
0.33234
0.17011
0.48472
0.96585
0.54157
0.15647
0.095345
0.22075
0.10553
0.16454
0.098576
0.19965
0.1261
0.19227
0.19194
0.22201
0.50402
0.17249
0.80076
0.38567
0.21422
0.64562
0.072874
0.93683
0.16668
0.15623
1.2493
0.11094
0.13212
0.58107
0.3319
0.49569
0.38286
0.24892
0.15441
0.33611
0.060859
1.4511
0.32098
0.33857
0.090511
0.14196
0.99782
0.10227
0.42579
0.079867
0.11376
0.28746
0.080824
0.17393
0.21131
0.098698
0.34202
0.16127
0.43396
0.45465
0.1368
0.093076
0.10352
0.23608
0.057221
1.192
0.60655
0.14268
0.19487
0.28767
0.21346
1.1743
0.58465
0.19382
0.10501
0.18444
0.085679
0.69571
1.0732
0.62606
0.24008
0.080883
0.090965
0.1629
0.75671
0.94231
0.63226
0.099758
0.12251
1.2067
0.041887
0.13221
0.91383
0.36713
0.70669
0.214
0.22965
0.41903
0.13412
1.0452
0.28395
0.96519
0.2299
0.10037
0.062158
0.10318
0.39132
0.10082
1.0552
0.3229
0.085001
0.10284
0.46128
0.12339
0.12823
0.090699
0.085998
0.34236
0.68593
0.42733
0.54565
1.109
0.076526
0.96122
0.4672
0.096927
0.12644
0.82133
0.34996
1.228
0.35345
0.060054
0.13595
0.14789
0.20721
0.19769
0.27567
0.39042
0.70193
1.1478
0.22119
0.093382
0.22756
0.24839
0.77989
0.14057
1.6059
0.54269
0.69026
0.17434
1.3434
0.80549
0.12135
1.2152
0.13324
1.0261
0.32558
0.12366
0.26484
0.12982
1.1157
1.0651
0.68751
0.87503
0.12467
0.28733
0.18494
0.086298
0.63762
0.55812
0.75474
0.16499
1.2053
0.11922
0.33328
0.41043
0.13611
0.75388
0.093747
0.095535
0.13118
0.46419
0.43861
1.601
0.19223
0.30986
0.11993
0.31273
0.7333
0.82239
0.4594
0.15561
0.18903
0.33149
0.20947
0.17729
0.31148
0.68092
1.3062
0.19423
1.3602
0.20148
0.82883
0.25163
0.16087
0.18063
0.1383
0.14668
1.1165
0.63052
0.14308
0.2178
0.098736
0.13763
0.34915
1.239
0.066065
0.07554
0.079252
0.17586
0.16467
0.55628
0.26989
0.56438
0.14737
0.084422
1.243
0.33921
0.22961
0.19876
1.0354
0.26649
0.16882
0.65421
0.69221
0.33518
0.076256
0.12258
0.11734
0.23173
0.10302
0.14469
0.22841
0.077343
0.13629
0.22833
0.1326
0.10621
0.083728
0.10864
0.10547
0.21601
0.47341
0.2794
0.11
0.10642
0.23546
0.65232
0.16904
0.08214
0.64623
0.44801
0.085148
0.49599
0.9395
0.70663
0.30309
0.069633
1.1397
0.57404
0.083179
0.26847
0.092324
0.79612
1.1205
0.079847
0.12665
0.09947
0.18736
0.40537
0.2963
0.36297
0.54298
0.85369
0.48836
1.0069
0.10673
0.19371
0.22452
0.70906
0.40408
0.41497
0.92197
1.1304
0.51566
0.085262
0.26683
1.5612
0.24431
0.1056
0.44318
0.17926
0.074713
1.1039
0.26308
0.12232
0.65244
1.1167
0.29674
0.097375
0.11754
0.25596
0.64628
0.099361
0.59021
0.26026
0.78044
0.13702
0.68331
0.18885
0.16231
0.13754
0.21698
0.082299
0.11957
0.10132
0.16141
1.3633
0.71858
0.085275
0.31995
0.14627
0.2379
0.23301
0.31566
0.56448
0.18738
1.2237
0.97057
1.1207
0.27105
0.099668
0.5717
0.33599
1.0823
0.20499
0.074469
1.2161
0.30257
0.16727
0.29857
1.0263
0.61746
0.15375
0.12866
0.43896
1.0913
0.25183
0.2648
0.31009
0.49794
0.17465
1.0281
0.097406
0.59709
0.13588
0.23745
0.14725
0.22667
0.2572
0.57414
0.28503
0.25122
1.0242
0.80133
0.28568
1.2051
0.75626
0.26317
0.40549
0.48165
0.31551
0.14732
0.1502
0.062276
1.0263
0.21999
1.3091
0.11732
0.30582
0.20283
0.22329
1.1075
1.2011
0.71961
0.12787
0.11545
1.0297
0.22406
0.76721
0.20067
1.2989
0.3429
0.24518
0.11467
0.14587
0.52282
0.27436
1.1272
0.10353
0.73731
0.10562
0.79828
0.19483
0.11023
0.33337
0.24309
0.078941
0.072991
0.87258
0.10588
0.083315
0.25991
0.08199
0.11867
0.22124
0.16338
0.29103
0.42067
0.12226
0.19935
0.11449
1.0934
0.22805
1.0244
0.66915
0.10303
0.81666
0.22992
0.97594
0.73271
0.15644
0.66432
0.091807
0.1985
0.077365
0.099346
0.12547
1.1654
0.18556
0.18984
1.0702
0.28518
0.08776
0.80876
0.29935
0.12195
0.11251
0.54894
0.071603
0.90932
0.21629
0.54553
0.85584
0.35046
0.98435
0.54799
0.20547
0.40462
1.0494
0.97266
0.34363
0.22078
0.079387
1.107
0.98301
0.25827
0.1045
0.10582
1.0936
0.12712
0.31763
0.50741
0.20294
0.17295
0.29493
1.0166
0.67202
0.40993
0.40135
0.22353
0.14005
0.67159
0.13964
0.28782
1.105
0.19963
0.30753
0.10205
0.60615
0.69062
0.35156
0.11143
0.14498
0.13452
1.2238
0.14128
0.65156
0.10855
0.56806
0.22529
0.60735
0.13641
0.34971
0.3291
0.097352
0.57253
1.1386
0.34035
0.31133
0.21196
0.47016
0.16613
0.15827
0.060747
0.09277
0.36083
1.1456
0.61088
0.14385
0.065796
0.13532
0.081715
0.83646
0.46479
0.20656
0.094971
0.12245
0.13825
0.23018
1.3075
0.16663
0.58967
0.17955
0.1101
0.21958
0.1821
0.087711
0.09242
0.20776
0.22117
0.45861
0.77298
0.068602
0.36994
0.98777
0.23864
0.13437
0.2814
1.4396
0.27847
0.093995
0.14007
1.0974
0.1448
0.1183
0.082907
1.1465
0.69838
0.26642
0.63056
0.6343
0.13449
0.10233
0.44535
0.1756
0.16448
1.5502
0.75635
0.81339
0.82976
0.083563
0.24678
0.57129
1.0834
1.0445
0.10822
0.71803
0.24304
0.45786
0.10016
0.15352
1.0095
0.095708
0.14759
1.0948
0.10913
1.5369
0.5015
0.64859
0.9584
0.14402
0.23423
1.0044
0.50323
0.49475
0.12531
0.2266
0.4307
0.48333
0.16143
0.92057
0.15643
0.077619
0.18086
1.0763
0.13081
0.058509
0.14446
0.11394
0.14322
0.10425
0.22886
0.32042
0.85048
1.3629
0.33453
0.17371
1.1946
1.2119
0.22595
0.070197
0.57088
0.24871
0.21379
0.19217
0.60778
0.56628
0.4489
0.61815
1.0395
0.36685
0.59667
0.67046
0.96271
0.20662
0.15093
0.081902
0.10089
0.52948
1.1587
1.3071
0.24172
0.21119
0.79347
1.0956
0.2389
0.12205
0.21271
1.3421
1.1547
0.065864
0.45285
0.17311
0.17808
1.144
0.13439
0.17766
1.1457
0.07429
0.57094
0.16434
1.0981
0.13791
0.33526
1.2889
0.48424
0.38423
0.14375
0.126
0.15308
1.0446
0.1699
0.062594
0.096214
0.26782
0.19674
0.064101
0.10478
0.16576
0.76976
0.58125
0.28009
0.36012
0.1709
0.061982
1.0021
0.75196
0.089505
0.35061
1.1968
0.30068
0.33066
0.30864
0.16705
0.40471
0.14799
0.94504
0.11055
0.095541
0.094495
0.29275
1.0337
0.12364
0.45003
0.12344
0.34041
0.73164
0.19239
0.18016
0.21736
0.16105
0.7488
0.12834
1.0701
0.19926
0.26197
0.40296
0.64304
0.17563
0.64284
0.10881
0.20948
0.33826
0.63451
0.16858
0.07123
0.52265
0.17604
0.19012
0.097084
0.63674
0.53511
0.19185
0.20264
0.07218
0.19879
0.30915
1.1078
0.3731
0.46766
1.3135
0.13542
0.076737
0.28498
0.16596
0.10926
0.058821
0.61402
0.10576
0.14839
1.1546
0.11567
0.21174
0.10535
0.17288
0.19459
0.084044
1.2428
1.0431
0.32181
0.16419
0.57182
0.33037
0.11793
0.21823
0.22532
0.1578
0.18259
0.085633
0.37837
0.93341
0.10558
1.6109
0.53883
0.093993
1.1548
0.65203
0.42536
0.33963
1.1338
0.36351
1.2385
1.1349
0.65901
0.091928
0.85931
0.076673
0.38417
0.10613
0.37608
0.10549
0.8094
0.1906
0.28322
0.068441
0.44117
0.06687
1.2099
0.30534
0.11702
0.33478
0.36441
0.1504
0.81586
0.06932
0.28821
0.092706
0.61948
1.2428
1.6661
0.53271
0.071653
0.18149
0.99484
1.099
0.42898
0.80886
0.066531
1.1644
0.11462
0.23013
0.25234
0.25825
1.1851
0.1244
0.6885
0.1348
0.45189
0.19175
0.47068
1.1334
0.094437
0.24153
0.865
0.36309
0.16536
1.2605
0.37582
0.26664
0.15456
0.33498
0.38724
0.16947
0.25171
0.42819
0.7287
0.64519
0.46971
0.090446
0.22507
0.34155
0.40091
0.19868
0.71258
0.33667
0.13113
0.15222
0.26574
0.080444
0.091506
1.1945
0.088271
0.080612
0.40993
0.08893
1.1753
0.39401
0.15672
0.21405
0.1347
0.38405
1.2472
1.0597
0.083503
0.18772
1.2257
1.1347
0.90195
1.1569
0.75734
0.46024
0.84354
0.10249
0.13736
0.97717
0.22772
0.27234
0.17403
0.29013
0.28935
0.097497
0.13783
0.10435
0.46066
0.10238
0.83696
0.21634
0.2903
0.57973
0.058757
0.70901
0.96791
0.25671
0.28347
0.19726
0.1198
0.27383
1.0668
0.75526
0.66392
1.0041
0.53524
0.16007
0.10116
0.184
0.094529
0.83452
0.17873
0.27341
0.84719
0.15983
0.45304
0.2644
0.091363
0.84122
1.2591
1.0927
0.12973
0.60987
0.37158
0.23351
0.081139
0.13658
0.090116
0.25541
0.85607
0.33431
0.31019
0.47655
1.1387
0.26321
0.30513
0.17295
0.42983
0.16849
0.21137
0.47559
0.15949
0.76871
0.23067
0.081626
0.17201
0.23853
0.42217
0.35912
0.61609
0.28393
0.087134
0.23084
0.85212
1.1944
0.63121
0.11075
1.021
0.34769
0.18669
0.61921
0.41032
0.52992
0.22386
0.1142
0.24873
0.10382
0.91183
0.35082
0.06785
0.60091
0.084529
0.66833
0.41973
1.2765
0.74122
0.12064
0.5422
0.087647
1.1681
0.49697
0.5391
0.19774
0.38089
1.0233
0.10189
0.16935
1.2475
0.14061
0.49856
0.44534
0.10815
0.099763
0.34347
0.36526
0.44506
0.14421
0.084198
0.32301
1.1587
1.1867
0.059793
0.11184
0.21569
0.21712
0.30349
0.38414
0.23939
0.59758
1.1364
0.3909
0.11703
0.094363
0.97572
0.16453
0.55567
0.13127
0.14625
0.66263
0.13918
1.6952
0.14827
0.17225
0.090605
0.14766
0.30542
0.41927
0.44206
0.24853
0.078695
0.82765
0.41856
0.21132
0.16832
0.30255
0.58222
0.20782
0.080408
1.0666
0.50825
0.10381
0.75774
0.36618
1.2752
0.16689
0.068674
0.10514
0.15783
0.15972
0.13531
0.32238
0.15812
1.0517
0.15385
0.99446
0.10566
1.2185
0.36822
0.42442
0.92267
1.2499
0.31523
0.091239
0.08421
0.5143
0.34899
0.34587
0.98805
0.34189
0.20933
0.31496
0.1081
0.10178
0.3181
1.1179
0.097189
0.22514
0.1685
0.092954
0.1022
0.29463
0.11525
0.16698
0.12037
0.69677
1.4262
0.20462
0.73907
0.51499
0.69315
0.41724
0.071482
0.43197
0.31761
0.12752
1.1046
0.16983
1.1592
0.13714
0.070211
0.87207
0.19334
0.83879
0.18771
0.12447
0.1296
0.29905
0.088802
0.17588
0.26411
0.20083
0.17284
0.25057
0.56813
0.31585
0.12183
0.62993
0.22244
0.15179
0.2855
0.17739
0.93705
0.20845
0.30779
0.16493
0.10627
0.13726
0.078953
0.47375
0.094185
0.7808
0.097495
0.17278
0.11834
0.27074
1.1697
0.17131
1.1835
0.70152
0.24301
0.17221
0.16792
0.19505
1.1271
0.13793
0.10491
0.13461
1.1087
0.14709
0.42725
0.23518
0.23772
1.4297
1.2375
0.36386
0.35057
0.079938
0.63832
0.53593
0.23426
0.26136
0.23622
0.47426
0.59537
0.1485
0.21421
0.72799
0.1166
0.53248
0.10684
0.434
0.45303
0.17736
0.16924
0.18283
0.18832
0.17575
0.6086
0.52464
0.1369
0.11892
1.2802
0.1243
0.13237
0.7708
0.49608
1.1177
0.085692
0.55158
0.14971
0.33227
0.096622
0.54093
0.84745
0.18024
0.85231
0.21559
0.51136
0.29513
0.22169
0.14866
0.57393
0.52515
0.25243
1.1248
0.15441
0.23146
0.46995
0.69993
1.1472
0.60213
0.13536
0.2524
0.094624
0.14726
0.44551
0.068815
0.2743
0.84689
0.13024
0.26199
0.20549
0.2832
0.098461
0.4957
0.53782
0.46479
0.22155
0.22516
0.17593
0.21944
0.098047
0.19991
0.08281
0.17005
0.36212
0.074619
1.0987
0.10554
0.51481
0.97439
1.1231
0.28064
0.37949
0.081021
0.5637
0.37276
1.0972
0.51119
0.16006
0.21324
0.53472
0.11971
0.12155
0.94308
0.66699
0.83534
0.6549
0.28665
1.1992
0.094206
0.76515
0.89714
0.31
0.54854
1.019
0.20084
0.50552
1.2435
0.1269
0.19571
1.1552
0.21153
0.85757
0.45721
0.36733
0.085883
0.33132
0.32904
0.71918
0.78821
0.056298
1.0787
1.0323
0.21707
1.1392
0.087131
0.16417
0.32209
0.22523
0.7439
0.23998
0.26786
0.48425
0.16654
0.36951
0.10349
0.47899
0.13496
0.13941
1.1177
0.99412
0.29031
0.39171
0.31473
0.08413
0.11437
0.14161
1.0493
1.2133
0.37238
0.14105
0.68602
0.26767
0.1819
1.18
0.094605
0.15513
0.30464
0.65125
0.58792
0.37467
0.46894
0.077254
0.31099
0.98894
0.18365
0.098585
0.10048
0.9355
0.36662
0.43776
1.343
0.13152
0.11602
0.19633
0.27348
0.10838
0.11042
0.23917
0.32188
0.89331
0.71174
0.26333
0.57725
0.083139
0.95765
0.11057
0.12555
0.41425
0.12688
0.17276
0.52064
0.1156
0.52707
0.31483
0.73425
0.45578
0.88007
0.14962
0.18778
0.2161
0.12639
0.13199
1.0228
0.51681
0.12028
0.14964
0.27268
1.0967
0.43986
0.66782
0.11763
0.68806
0.069751
0.15172
0.2206
0.15474
1.0091
1.013
0.075384
0.71522
0.39039
0.09642
0.73369
0.71035
0.22614
1.1855
0.9022
0.37391
0.12331
0.42195
0.12519
1.1188
0.87838
0.44579
0.35406
0.11718
0.49525
0.2496
0.096947
0.11703
0.20782
0.09431
0.48061
0.14453
0.088237
0.19372
0.63515
1.1223
0.75339
0.11467
1.0117
0.58563
1.1004
1.2995
0.6294
0.16206
0.11632
0.15853
0.44082
0.13906
0.862
0.2327
1.1496
0.18434
0.59829
0.30601
0.26474
0.21703
0.078559
0.36938
0.095599
0.11257
0.64085
0.62168
0.22756
0.82702
0.14246
0.14403
0.072499
0.069713
0.89448
0.08944
0.65916
0.10589
0.11061
0.18662
0.12435
0.65437
0.1644
0.1422
0.28597
0.084865
0.98545
1.2152
0.10185
0.59326
0.19643
0.098574
0.53578
0.078808
0.51352
0.91013
0.44342
0.403
0.65593
0.094555
1.1067
0.80453
0.31149
0.15695
0.13677
0.48064
0.1607
0.11854
0.30103
0.47396
0.038165
0.60435
0.34547
0.10962
0.49305
0.1163
0.14325
1.2171
0.077243
0.082445
0.12501
0.23569
0.080868
0.52244
0.12855
0.16366
0.13099
0.98056
0.089111
0.32751
1.0574
0.40924
0.23178
0.29004
0.12515
0.31944
0.11508
0.11505
0.55286
0.55419
0.29899
0.17997
0.74226
0.22119
0.82359
0.077902
0.24879
0.10361
0.13333
0.1991
0.12702
0.10479
0.1759
0.36665
0.07369
0.39914
0.35178
0.24283
0.22181
0.95212
0.17452
1.5943
0.086362
0.46826
0.24719
0.10347
0.1055
0.7512
1.0641
0.1077
0.11117
0.1549
0.54487
0.082174
0.67359
0.27147
0.92514
0.054548
0.28221
0.096122
0.37603
0.16335
0.54471
0.75688
0.16323
0.55025
0.12778
1.0067
0.087625
0.45154
0.49694
0.86416
0.065657
0.10887
0.14306
0.1236
0.4389
0.24081
0.14854
0.20151
0.90391
0.74674
0.35632
1.1272
0.075254
1.2855
0.17212
0.60225
0.37868
0.073766
1.4919
1.0035
0.1643
0.3332
0.35043
0.49921
0.35247
0.08831
0.24544
0.14018
0.93642
0.97313
0.29091
1.0526
0.17709
0.43245
0.76798
0.16958
0.35081
0.14077
0.19666
0.13958
1.4431
0.21264
0.18612
0.38888
0.15809
0.57647
0.47439
0.35917
1.1362
0.11761
0.11702
0.27878
1.2047
0.2451
0.72391
0.2708
0.52494
0.073602
0.35575
0.22112
1.2276
0.32947
0.47992
0.093588
0.13449
0.28861
0.14519
0.16411
0.55229
0.10866
0.48931
0.45788
0.10963
0.96207
0.12746
0.39695
0.4357
0.18148
0.34616
0.75943
0.17281
0.34076
0.61909
0.44924
0.11143
0.27458
0.30855
0.077483
0.99455
0.30201
0.1065
0.094151
1.308
0.3888
0.18492
0.19205
0.25463
0.31761
0.22338
0.58152
0.13695
0.1793
0.35036
0.15288
0.25662
0.16686
0.30796
0.66267
0.89585
1.0433
0.37774
0.11789
0.19621
0.58741
0.1182
0.22705
0.15994
0.097463
0.12389
0.77806
0.18948
0.7206
0.72181
0.8335
0.77526
0.45573
0.19192
0.54707
1.2523
0.24374
0.081263
0.1412
0.39114
0.3368
0.84662
0.19634
1.0705
0.079682
0.25198
0.085632
0.28934
0.71729
1.4434
0.56815
0.238
0.72721
0.86311
0.16992
0.13488
0.34209
0.15021
0.74468
0.10359
0.1643
0.080823
1.0668
0.34652
0.51117
0.23519
0.26821
0.14444
0.37708
0.19116
1.5439
0.27157
0.081484
0.091303
0.58309
1.1944
0.61992
0.23271
1.0849
0.82311
0.52926
0.13752
0.40092
0.57239
0.17927
0.88059
0.25928
0.93741
0.64633
0.81557
0.45219
0.44867
0.19222
0.10334
0.4995
0.11471
0.25864
0.23584
0.24859
0.95131
0.30153
0.47814
0.37171
0.085161
0.24988
0.47259
0.080585
0.098666
0.13565
1.1005
0.10597
1.1543
0.10471
0.9386
1.4536
0.86418
0.082011
0.21657
0.34105
0.24486
0.17532
0.21023
0.53204
0.30836
0.17829
0.17429
0.083559
0.61087
0.79382
0.76828
1.0903
0.67516
1.1619
0.64528
0.46384
0.40577
1.2017
0.63019
0.080628
0.52893
0.16904
0.096379
0.30581
1.1632
0.33329
0.47859
0.80936
0.6035
0.11158
0.24443
0.16114
0.097478
0.76282
0.17371
0.075641
1.0216
0.17169
1.0992
0.095892
1.2525
0.19746
1.0291
0.13387
0.43452
0.40789
0.17941
0.18496
0.10963
0.21061
0.90763
0.24555
0.35851
0.14711
0.10437
0.58853
0.17459
0.388
0.31833
0.27619
0.19339
0.57142
1.1333
0.2197
0.13654
0.71907
0.19769
0.81135
1.5724
0.096909
0.067964
0.36144
1.4629
0.51646
0.5254
0.46249
0.077043
1.2342
0.087774
1.0606
0.10989
0.071753
0.1003
0.10905
0.90471
0.48918
0.15872
0.31538
0.92178
0.31653
0.15047
0.17062
1.08
0.12756
0.93538
0.082298
0.10082
0.67212
0.13658
0.50497
0.71112
0.17127
0.1093
0.072126
0.37922
0.9837
0.10332
0.27312
0.24502
0.31017
0.99942
1.7598
0.20977
0.50184
0.91099
0.32021
0.18994
0.28892
0.79404
0.77452
0.29937
0.2234
0.94727
1.3996
0.89706
0.12505
0.24546
0.073597
0.26843
0.86437
0.17221
0.25974
0.18325
0.46059
0.16674
0.097281
0.15532
0.13434
0.34324
1.3074
0.26618
0.31518
0.12091
0.52792
1.2363
0.28782
0.15112
0.13184
0.34964
0.30221
0.084894
0.36433
1.3186
0.17396
0.16234
0.55371
0.11317
0.27947
0.087007
0.12333
0.69834
0.11928
0.96991
0.28447
0.17937
0.12217
1.1485
0.36932
0.10768
0.077798
0.73949
0.40536
0.24825
0.48026
0.62931
0.34539
1.1688
0.36573
0.12274
0.17692
0.18537
0.15933
0.13809
0.1507
0.23682
0.082282
0.2827
0.14699
0.1518
0.11387
0.21887
0.1177
1.234
0.47905
0.22294
1.1389
0.52265
0.13435
0.51795
0.87415
0.51658
0.11668
0.17444
1.1048
0.14154
0.61287
0.12856
0.20568
0.41017
0.14782
0.22711
1.7076
0.14636
0.080842
0.21333
0.9292
0.19433
0.74796
0.14427
0.11011
0.61904
0.2008
0.84563
0.123
0.82836
1.0834
0.53877
0.53158
1.6488
0.14431
0.11203
0.65894
0.37379
0.90167
0.42677
0.18196
0.30809
0.11918
0.2037
1.2171
0.25392
1.7211
0.17047
1.1029
0.3143
0.21424
0.064045
0.11053
0.12509
0.15923
0.10753
1.1471
0.75301
0.082268
0.25966
0.86078
0.19239
0.69664
1.2311
0.99793
0.34274
0.12919
0.098249
1.0517
0.32957
0.46246
0.32359
0.092326
0.089039
0.16464
0.14428
0.48247
0.14764
0.85659
0.9039
0.89477
0.38739
0.11455
1.4642
0.10488
0.38226
0.10295
0.22429
0.080628
0.78185
0.12188
0.65868
0.59435
0.21678
0.69925
0.21937
0.088064
1.0034
0.22182
0.95609
0.07073
0.18764
0.14893
0.09223
0.28763
0.33113
0.069886
0.065133
0.11444
0.13786
0.19529
0.84843
0.12422
0.19771
0.16148
0.091156
0.19214
0.12162
0.11765
0.19206
0.54366
1.0922
0.11208
0.25381
0.78944
0.69838
0.081153
0.58622
0.47167
0.15866
0.70058
0.57326
0.28388
1.1028
0.084081
1.1626
0.13997
0.19376
0.88953
0.09146
0.28211
0.79195
0.12288
1.3348
0.27186
0.83816
0.16913
0.28416
0.13934
0.085691
0.6547
0.19941
0.42911
0.47379
1.2536
1.0703
0.16332
0.71568
0.50173
0.34328
0.28962
0.11464
0.14509
0.9098
0.83706
0.3507
0.63647
0.91248
0.30711
0.25092
0.12636
1.1603
0.17485
1.1576
0.56447
1.2192
0.74001
0.2452
1.0174
0.35556
0.17681
0.43782
0.34487
0.073169
0.073993
1.1012
0.41295
0.14918
0.39767
0.10011
0.84656
0.10037
0.24487
0.3652
0.20486
0.10279
0.30153
0.19608
0.78368
0.99051
1.1388
0.10165
0.12377
0.1917
0.24007
0.12707
0.32961
0.99991
1.0834
0.13309
0.12791
0.32824
0.92254
0.071031
0.49916
0.38487
0.19292
0.28856
1.0665
0.16568
0.76305
0.16971
0.31811
0.14478
0.14726
0.47327
0.17795
1.0891
0.32878
0.063951
0.13502
0.17914
0.66703
0.6539
0.39832
0.1471
0.37145
1.0079
0.63509
1.4006
1.2092
0.081726
0.69527
0.61977
1.0683
0.14551
0.19417
0.076227
0.11408
0.16923
0.76229
1.2051
0.14642
0.69535
0.26302
0.19972
0.35254
0.41095
0.90986
0.25316
0.17381
0.63204
0.094428
0.15124
0.093228
0.3259
0.32642
0.24144
1.1151
0.131
0.10951
0.30368
0.1121
0.14159
0.13168
1.2419
0.26025
0.25762
1.0221
0.15632
0.075728
0.45919
0.17853
0.09057
0.4457
0.11108
0.7118
1.0763
0.58444
0.196
0.11956
0.17112
0.17054
0.21617
1.7539
0.37882
0.62405
0.53257
0.40905
0.20618
0.12435
0.82301
0.3228
0.25233
0.89216
0.43825
0.72151
0.11034
0.16444
0.3987
0.44083
0.081874
0.15471
0.52356
0.16088
0.084957
0.97042
0.17225
0.1924
0.45099
0.18912
1.006
0.094373
0.57811
1.6505
0.11087
0.18283
1.2445
0.17307
0.11753
0.95049
0.17274
0.12963
0.10666
0.98951
0.11694
0.097644
0.34595
0.5007
0.065337
0.95837
0.18475
0.31106
0.12148
0.10273
1.2272
1.3795
1.1028
1.2919
0.10861
0.1031
0.29097
0.10073
0.30339
0.078056
0.77872
1.1298
0.069838
0.058176
0.08269
0.10127
0.28848
0.21597
0.15361
0.072164
1.085
0.10638
0.64478
0.19479
0.43315
0.36884
0.84082
0.4449
1.1324
0.83027
0.65827
0.17208
0.53808
0.10706
0.6773
0.13983
1.255
0.57241
0.22674
0.77885
0.13353
0.29598
1.0873
0.15153
1.0854
0.48305
1.1146
0.9848
0.64089
1.2068
0.20424
0.090137
0.12509
0.10306
0.11824
0.16245
0.29538
0.35005
0.97864
0.1181
0.26986
0.32822
0.24771
1.4841
1.17
1.1171
0.18497
0.072217
0.20689
0.13079
0.14257
0.84434
0.99167
0.29769
0.65334
0.50292
0.12424
0.86565
1.4743
0.12073
0.086127
0.23705
0.5642
0.089846
0.12624
0.7185
0.70745
0.10178
0.15546
0.42976
0.52594
0.86344
0.24806
0.6104
0.12169
0.43904
0.41758
0.16446
0.87711
0.085529
0.11987
0.48736
0.38084
0.11805
1.2703
0.094009
1.3779
0.15138
0.25477
0.22586
0.14135
0.4697
0.11301
0.093693
0.84708
0.21104
0.22828
0.32815
0.077133
0.5907
0.53441
0.17269
0.69865
0.089957
0.23699
0.72319
0.13982
1.4901
0.90967
0.45544
0.083657
0.94866
0.1136
0.23436
1.2568
0.2024
0.077653
0.67632
0.15454
0.79369
0.1534
0.12678
0.085027
1.3018
0.96914
0.094382
0.24599
0.23637
0.5129
0.10023
0.83708
0.12421
0.63192
0.5422
0.69015
0.10949
0.299
0.92891
0.13891
0.14091
0.10191
0.65104
0.151
0.10912
0.072444
0.42511
0.91944
0.20215
0.92233
0.66853
0.079128
1.1189
0.45355
0.23255
0.1633
0.07668
0.13095
0.28636
1.0802
0.41866
0.27697
0.69497
0.5277
1.201
0.27061
0.18377
0.38509
0.27399
0.081942
0.58656
0.20853
0.89935
0.10975
0.32382
0.29532
0.38374
0.67939
0.58587
0.50198
0.20167
1.0998
0.16068
0.23278
0.16204
0.16385
1.1225
1.086
0.13458
1.3341
0.11268
0.15286
0.24778
0.40554
1.5228
0.25116
0.75811
0.092761
0.22747
0.57083
0.33417
0.19876
0.15201
0.88919
0.20873
0.38177
0.18673
0.16223
0.97121
0.45705
0.15616
0.84556
0.18196
0.22554
0.29598
0.078457
0.46095
0.60753
0.66195
0.15934
0.44809
0.56837
1.1078
0.60353
0.23812
0.33309
1.1299
0.092796
0.16905
0.32007
0.066707
0.75514
0.75162
0.096618
0.12004
0.48731
1.1417
1.0273
0.81936
0.24644
0.12697
0.32519
0.34963
0.87475
0.21573
0.44785
0.11694
0.71509
0.16895
0.30518
1.1017
0.25372
0.14324
0.38348
0.10612
0.13706
0.70951
0.66293
0.29574
0.20726
0.63447
0.41503
0.079826
0.11757
0.093147
0.1781
0.10589
0.17923
0.45386
0.3132
0.20822
1.0538
0.25985
0.086664
0.13526
0.99758
0.52029
0.32523
0.55093
0.10743
0.80603
0.18957
0.094481
0.099856
0.14072
0.12507
0.16854
0.2695
0.085696
0.27583
1.3535
0.33396
0.12098
0.81337
1.3951
0.41873
1.1485
0.31008
0.11105
0.28214
0.26187
1.13
0.15388
0.16713
1.1516
0.07987
0.84624
1.1091
0.22976
1.2152
0.91411
0.64389
0.53196
0.3416
0.52004
0.14809
0.18666
0.68135
0.2587
0.071943
0.081853
0.61438
0.17808
0.18566
0.19764
0.3799
0.65725
0.095299
1.0808
1.019
0.066717
0.18036
0.90618
0.2556
0.85418
0.21835
0.70491
0.097307
0.92292
0.066098
0.11172
0.23972
0.23993
0.49887
0.15761
0.40249
1.3023
0.23578
0.48125
0.37178
0.26576
1.3356
0.091817
0.74999
0.1301
0.28149
1.1954
0.27548
0.99577
0.11695
0.093347
0.77132
0.19018
0.54573
0.13486
0.077233
0.18589
0.09903
0.41264
1.2595
0.17994
0.81774
0.52416
0.089617
0.34121
0.54122
0.085956
0.13373
0.56235
0.74564
0.22595
0.12814
0.3267
0.14625
0.1097
0.2411
0.17889
0.99305
0.6464
0.11775
0.30512
0.31763
0.1202
0.42982
0.42051
0.59377
0.10153
0.85377
0.26573
0.13348
0.68365
0.25975
0.44206
0.4118
0.13106
0.40661
0.17688
0.12912
0.28754
0.29255
0.27966
0.20776
0.66659
0.32705
1.2638
0.14775
0.2886
0.80641
0.13423
0.107
0.080583
0.94637
0.49
0.25233
0.33966
0.12422
0.89018
0.070276
0.14589
0.31126
0.22967
0.59965
0.1793
0.14811
0.10282
0.20017
0.24619
0.75938
0.99501
0.1075
0.80579
0.28491
0.12742
0.12892
0.079016
0.1326
0.19916
0.093165
0.17485
0.071494
0.090553
0.48472
1.2276
0.80845
0.31795
0.11675
0.75229
0.30981
0.11411
0.23952
0.10524
0.25825
0.36323
0.60088
0.31233
0.25009
0.14359
0.99861
0.12135
1.0426
0.6663
1.2113
1.0735
0.83333
0.85818
0.24799
0.10733
0.29846
0.13659
0.40496
0.79607
0.24512
0.8418
0.39351
0.63437
0.40636
0.14063
0.49855
0.4006
0.14571
0.50561
0.25375
0.13554
0.1354
0.25121
0.073463
0.11256
0.85424
0.17282
0.25981
0.13035
0.50598
0.63634
0.61197
0.077495
0.34699
0.10869
0.78636
0.85977
0.18205
0.1358
0.12738
0.064777
0.23065
0.16472
0.12672
0.59899
0.31304
0.94716
0.40643
0.21778
0.2854
0.12689
0.68816
0.13018
0.50405
0.22404
1.0367
0.32195
0.29369
1.1464
0.31029
0.10636
0.17092
0.22347
0.42967
1.1626
0.10646
0.26048
0.33191
1.2266
0.16903
0.73831
0.44845
1.0966
0.16482
0.38858
0.09839
1.2846
0.25558
0.29264
0.96368
1.0959
0.35176
0.34827
0.29397
0.58313
0.22442
0.090314
0.064547
0.094557
0.077749
1.521
0.14126
1.0253
0.07839
1.0919
0.87216
0.51142
1.0259
0.097407
0.74052
0.11461
0.13558
0.093917
0.098553
0.068777
0.30363
1.0381
0.2266
0.15867
0.46736
0.61485
0.26454
1.1271
1.4631
0.096987
0.9786
1.5156
0.14439
0.45457
0.20948
0.10537
0.27395
0.16608
0.12535
0.50701
0.076662
0.84052
0.62029
0.15641
0.95876
0.27717
0.24051
0.14881
0.74569
0.21762
0.90184
0.3311
0.32713
0.15199
0.34844
1.0947
0.17602
0.39223
0.28736
0.086062
0.36216
0.32343
0.93964
0.41712
0.13323
0.18124
0.071893
0.19615
0.17922
0.11169
0.17995
0.78704
1.1829
0.29856
1.3038
0.21184
0.18673
0.19836
1.2649
0.093177
1.3462
1.3535
0.14766
0.6042
0.20369
0.24388
1.2106
0.61423
0.62481
0.78822
0.5524
0.18458
0.070183
0.078341
1.2352
0.13662
0.29546
0.29166
1.1323
0.60143
0.21381
0.15875
0.3227
0.53981
0.20854
0.72118
0.23589
1.255
0.49215
0.11267
0.54639
0.74233
0.12943
0.20576
0.49577
0.095242
0.49866
0.1342
0.77527
0.45194
0.11396
0.58395
1.3012
0.241
0.47922
0.91288
0.16704
0.099531
0.16939
0.9281
1.1615
1.0177
0.47138
0.9194
0.47066
0.16497
0.73709
0.11964
0.27218
0.27845
0.56674
0.25885
1.5614
0.11501
1.1081
0.34408
0.79528
0.10794
0.5523
1.1848
0.33748
1.2398
0.33813
0.04886
0.14403
0.16115
0.57814
0.89998
0.095724
0.19471
0.14831
0.67374
1.1339
1.218
0.15423
0.14275
0.44189
0.069209
0.86271
0.86761
0.25654
0.067868
0.24875
0.47627
0.54052
0.56628
0.23794
0.1329
0.34167
0.37874
0.41075
1.0874
0.099864
0.70602
0.41556
0.057927
0.13006
0.12651
0.12613
0.2773
0.10771
0.13643
0.17711
0.25121
0.31058
0.14778
0.26273
0.13416
0.15277
0.25157
0.5071
1.2532
1.1376
0.47614
0.35088
0.42941
1.0145
0.37443
1.0551
0.11988
0.14959
0.60159
0.60682
0.16038
0.088975
0.53129
1.2957
0.32505
0.088295
0.3282
0.36054
0.11539
0.28707
1.3548
1.1511
0.51973
0.11447
1.0701
0.071106
1.1536
0.088176
0.079727
0.92864
0.18377
0.51349
1.5193
0.15639
0.18236
0.26375
0.31757
0.090123
0.11775
0.51422
0.14454
0.44782
0.072863
0.50238
0.31887
0.19277
0.41642
0.6915
0.55845
0.28552
0.10288
0.44066
0.93171
0.10655
0.10638
0.68772
0.078072
0.97151
0.12245
1.0125
0.80504
0.18326
0.11125
0.20936
0.17668
0.12337
0.49002
0.10431
0.14025
0.35354
0.87723
0.8001
0.1545
0.55494
0.20271
0.1434
0.44767
0.64361
0.37624
0.10855
0.31368
1.4959
0.11113
0.87137
0.421
0.21807
0.56799
0.30057
0.14965
0.40588
1.1307
1.4518
0.17082
0.18539
0.82034
0.11923
0.30128
0.41942
0.61349
0.064071
0.13917
0.1711
0.097455
0.25545
0.39719
0.096762
0.64309
1.0716
0.26375
0.22082
1.0469
0.90734
0.21459
0.09468
0.44389
0.071251
0.12901
1.2284
0.18758
0.20169
0.78224
1.1211
0.69378
1.1641
0.10927
0.39226
0.25122
0.39937
0.96843
0.10889
0.66057
0.20668
1.096
0.18456
0.74615
0.54896
0.22287
0.19874
0.71776
0.27022
0.075303
0.27899
0.60523
0.11188
0.13749
0.07093
0.12721
1.2372
0.16095
0.18854
0.43016
0.12379
0.39166
0.13867
0.26812
0.47865
0.14949
0.24759
0.12979
1.0239
0.11596
0.081704
0.14333
0.25376
0.43355
0.90771
0.096556
0.08748
0.65513
0.40638
0.039823
0.077754
0.36753
0.64111
0.11102
0.55141
0.23559
0.33793
0.29788
0.3915
0.069691
0.66125
0.17764
0.10134
1.1497
0.14016
0.39235
0.95392
0.098565
1.2348
0.27023
0.36951
0.071972
0.63686
0.16492
0.0975
0.16275
0.24156
1.0989
0.26689
1.1656
0.099883
0.37774
0.52191
0.1702
0.56993
0.5002
0.81349
1.0638
0.061249
0.32805
0.26865
0.16313
0.45194
0.19092
1.307
0.38121
0.80511
0.11146
0.064248
0.37253
0.081095
0.46409
0.085524
0.36767
0.12087
0.18993
0.23372
0.15687
0.30226
0.94549
0.41503
0.58855
0.85121
0.33197
0.10376
1.037
0.17145
1.1211
0.08332
1.1065
0.13738
1.6648
0.47553
0.54999
1.3444
0.65341
1.1022
0.096904
0.22605
0.10495
0.11531
0.83833
0.22118
0.10343
0.17396
0.067217
0.38649
0.52178
0.10735
0.172
0.11093
0.37386
0.073145
0.48406
0.1686
0.41969
0.086104
0.45093
0.90061
0.13146
0.42501
0.12507
1.0218
1.0137
0.16494
0.69573
0.12812
0.1166
0.38158
0.25899
0.95302
0.233
0.45009
0.34698
0.93391
0.072612
1.1763
0.20926
0.6143
0.11692
0.22007
0.29438
0.09852
0.085038
0.083004
0.31429
0.41656
0.1502
0.1449
0.12748
0.15953
1.0102
0.085727
0.1209
0.45196
0.17803
0.68517
0.21453
0.25287
0.32022
0.33457
1.1306
1.2693
0.18861
0.12819
0.99943
0.48931
0.31457
0.080373
0.56662
0.37582
0.43704
0.50929
0.13049
0.095231
0.088729
0.74563
0.16839
0.91081
1.187
1.0026
0.2199
0.21756
0.47401
0.0725
0.74583
0.1576
0.19375
0.080224
0.14382
0.4169
0.19584
0.35369
0.0916
0.13465
0.79957
0.4298
1.1706
1.1027
0.45539
0.12969
0.20252
0.26582
0.32144
0.17738
0.30773
0.28031
0.092846
0.077763
1.15
0.094117
0.64855
0.22492
0.37056
1.1037
0.12504
0.073605
0.19057
0.13575
0.089472
0.10292
1.209
0.069638
0.2059
0.90063
0.17435
0.81406
0.15407
0.18741
0.12586
0.32853
1.3066
0.07441
0.15478
1.1498
1.1999
0.1979
0.52468
0.43404
1.1126
0.23825
0.16401
0.075096
0.17769
0.22247
0.41294
0.065647
0.15849
0.27728
0.7981
1.1605
0.13837
0.25098
0.3928
0.39293
0.78302
0.1546
0.12113
0.14427
0.24967
0.39013
0.11817
0.21112
0.27235
0.95721
0.25345
1.2132
1.3328
0.17217
0.9281
0.88567
0.65153
0.17477
0.39241
0.51227
0.17087
0.69624
0.54864
0.81773
1.0723
0.16821
0.092848
0.25665
0.29941
0.33338
0.69163
0.1488
0.11881
0.2153
1.3996
0.080914
0.10071
0.76724
0.19965
0.41719
0.18069
0.7326
0.2521
0.14582
0.23793
0.65278
0.062751
0.28038
0.1512
0.28142
0.80147
0.13695
0.15623
0.76686
1.2469
0.08248
0.9826
0.20835
0.075706
0.2611
0.12403
0.87627
0.14427
0.13615
0.3453
1.0161
0.25208
0.07101
1.2056
0.157
0.12484
0.42579
0.44305
1.0236
0.1299
1.177
0.17393
0.096056
0.36903
0.67999
0.097464
0.15461
0.51353
0.37313
1.2065
0.15338
1.0323
1.3213
1.192
1.1921
0.37668
0.67668
0.24498
0.21346
0.13714
0.089441
0.11872
0.16544
0.37052
0.18209
0.11691
0.18828
0.14047
1.1913
0.40473
0.24166
0.33676
0.30111
0.10048
0.60571
0.7557
0.15664
0.27017
0.49921
0.13221
0.91383
0.36713
0.70669
0.214
0.22965
0.41903
0.13412
1.0452
0.28395
0.96519
0.2299
0.10037
0.062158
0.10318
0.39132
0.10082
1.0552
0.3229
0.085001
0.10284
0.46128
0.12339
0.12823
0.090699
0.085998
0.34236
0.68593
0.42733
0.54565
1.109
0.076526
0.96122
0.4672
0.096927
0.12644
0.82133
0.34996
1.228
0.35345
0.060054
0.13595
0.14789
0.20721
0.19769
0.27567
0.39042
0.70193
1.1478
0.22119
0.093382
0.22756
0.24839
0.77989
0.14057
1.6059
0.54269
0.69026
0.17434
1.3434
0.80549
0.12135
1.2152
0.13324
1.0261
0.32558
0.12366
0.26484
0.12982
1.1157
1.0651
0.68751
0.87503
0.12467
0.28733
0.18494
0.086298
0.63762
0.55812
0.75474
0.16499
1.2053
0.11922
0.33328
0.41043
0.13611
0.75388
0.093747
0.095535
0.13118
0.46419
0.43861
1.601
0.19223
0.30986
0.11993
0.31273
0.7333
0.82239
0.4594
0.15561
0.18903
0.33149
0.20947
0.17729
0.31148
0.68092
1.3062
0.19423
1.3602
0.20148
0.82883
0.25163
0.16087
0.18063
0.1383
0.14668
1.1165
0.63052
0.14308
0.2178
0.098736
0.13763
0.34915
1.239
0.066065
0.07554
0.079252
0.17586
0.16467
0.55628
0.26989
0.56438
0.14737
0.084422
1.243
0.33921
0.22961
0.19876
1.0354
0.26649
0.16882
0.65421
0.69221
0.33518
0.076256
0.12258
0.11734
0.23173
0.10302
0.14469
0.22841
0.077343
0.13629
0.22833
0.1326
0.10621
0.083728
0.10864
0.10547
0.21601
0.47341
0.2794
0.11
0.10642
0.23546
0.65232
0.16904
0.08214
0.64623
0.44801
0.085148
0.49599
0.9395
0.70663
0.30309
0.069633
1.1397
0.57404
0.083179
0.26847
0.092324
0.79612
1.1205
0.079847
0.12665
0.09947
0.18736
0.40537
0.2963
0.36297
0.54298
0.85369
0.48836
1.0069
0.10673
0.19371
0.22452
0.70906
0.40408
0.41497
0.92197
1.1304
0.51566
0.085262
0.26683
1.5612
0.24431
0.1056
0.44318
0.17926
0.074713
1.1039
0.26308
0.12232
0.65244
1.1167
0.29674
0.097375
0.11754
0.25596
0.64628
0.099361
0.59021
0.26026
0.78044
0.13702
0.68331
0.18885
0.16231
0.13754
0.21698
0.082299
0.11957
0.10132
0.16141
1.3633
0.71858
0.085275
0.31995
0.14627
0.2379
0.23301
0.31566
0.56448
0.18738
1.2237
0.97057
1.1207
0.27105
0.099668
0.5717
0.33599
1.0823
0.20499
0.074469
1.2161
0.30257
0.16727
0.29857
1.0263
0.61746
0.15375
0.12866
0.43896
1.0913
0.25183
0.2648
0.31009
0.49794
0.17465
1.0281
0.097406
0.59709
0.13588
0.23745
0.14725
0.22667
0.2572
0.57414
0.28503
0.25122
1.0242
0.80133
0.28568
1.2051
0.75626
0.26317
0.40549
0.48165
0.31551
0.14732
0.1502
0.062276
1.0263
0.21999
1.3091
0.11732
0.30582
0.20283
0.22329
1.1075
1.2011
0.71961
0.12787
0.11545
1.0297
0.22406
0.76721
0.20067
1.2989
0.3429
0.24518
0.11467
0.14587
0.52282
0.27436
1.1272
0.10353
0.73731
0.10562
0.79828
0.19483
0.11023
0.33337
0.24309
0.078941
0.072991
0.87258
0.10588
0.083315
0.25991
0.08199
0.11867
0.22124
0.16338
0.29103
0.42067
0.12226
0.19935
0.11449
1.0934
0.22805
1.0244
0.66915
0.10303
0.81666
0.22992
0.97594
0.73271
0.15644
0.66432
0.091807
0.1985
0.077365
0.099346
0.12547
1.1654
0.18556
0.18984
1.0702
0.28518
0.08776
0.80876
0.29935
0.12195
0.11251
0.54894
0.071603
0.90932
0.21629
0.54553
0.85584
0.35046
0.98435
0.54799
0.20547
0.40462
1.0494
0.97266
0.34363
0.22078
0.079387
1.107
0.98301
0.25827
0.1045
0.10582
1.0936
0.12712
0.31763
0.50741
0.20294
0.17295
0.29493
1.0166
0.67202
0.40993
0.40135
0.22353
0.14005
0.67159
0.13964
0.28782
1.105
0.19963
0.30753
0.10205
0.60615
0.69062
0.35156
0.11143
0.14498
0.13452
1.2238
0.14128
0.65156
0.10855
0.56806
0.22529
0.60735
0.13641
0.34971
0.3291
0.097352
0.57253
1.1386
0.34035
0.31133
0.21196
0.47016
0.16613
0.15827
0.060747
0.09277
0.36083
1.1456
0.61088
0.14385
0.065796
0.13532
0.081715
0.83646
0.46479
0.20656
0.094971
0.12245
0.13825
0.23018
1.3075
0.16663
0.58967
0.17955
0.1101
0.21958
0.1821
0.087711
0.09242
0.20776
0.22117
0.45861
0.77298
0.068602
0.36994
0.98777
0.23864
0.13437
0.2814
1.4396
0.27847
0.093995
0.14007
1.0974
0.1448
0.1183
0.082907
1.1465
0.69838
0.26642
0.63056
0.6343
0.13449
0.10233
0.44535
0.1756
0.16448
1.5502
0.75635
0.81339
0.82976
0.083563
0.24678
0.57129
1.0834
1.0445
0.10822
0.71803
0.24304
0.45786
0.10016
0.15352
1.0095
0.095708
0.14759
1.0948
0.10913
1.5369
0.5015
0.64859
0.9584
0.14402
0.23423
1.0044
0.50323
0.49475
0.12531
0.2266
0.4307
0.48333
0.16143
0.92057
0.15643
0.077619
0.18086
1.0763
0.13081
0.058509
0.14446
0.11394
0.14322
0.10425
0.22886
0.32042
0.85048
1.3629
0.33453
0.17371
1.1946
1.2119
0.22595
0.070197
0.57088
0.24871
0.21379
0.19217
0.60778
0.56628
0.4489
0.61815
1.0395
0.36685
0.59667
0.67046
0.96271
0.20662
0.15093
0.081902
0.10089
0.52948
1.1587
1.3071
0.24172
0.21119
0.79347
1.0956
0.2389
0.12205
0.21271
1.3421
1.1547
0.065864
0.45285
0.17311
0.17808
1.144
0.13439
0.17766
1.1457
0.07429
0.57094
0.16434
1.0981
0.13791
0.33526
1.2889
0.48424
0.38423
0.14375
0.126
0.15308
1.0446
0.1699
0.062594
0.096214
0.26782
0.19674
0.064101
0.10478
0.16576
0.76976
0.58125
0.28009
0.36012
0.1709
0.061982
1.0021
0.75196
0.089505
0.35061
1.1968
0.30068
0.33066
0.30864
0.16705
0.40471
0.14799
0.94504
0.11055
0.095541
0.094495
0.29275
1.0337
0.12364
0.45003
0.12344
0.34041
0.73164
0.19239
0.18016
0.21736
0.16105
0.7488
0.12834
1.0701
0.19926
0.26197
0.40296
0.64304
0.17563
0.64284
0.10881
0.20948
0.33826
0.63451
0.16858
0.07123
0.52265
0.17604
0.19012
0.097084
0.63674
0.53511
0.19185
0.20264
0.07218
0.19879
0.30915
1.1078
0.3731
0.46766
1.3135
0.13542
0.076737
0.28498
0.16596
0.10926
0.058821
0.61402
0.10576
0.14839
1.1546
0.11567
0.21174
0.10535
0.17288
0.093132
0.13057
0.56714
0.26976
0.54258
0.15936
1.0685
0.22319
0.12709
0.4927
0.22532
0.30465
0.18259
0.61344
0.081697
0.087559
0.098832
1.6109
0.12844
0.84766
0.29989
0.15028
0.42536
0.15815
0.12361
0.12127
0.41633
0.11126
0.93633
1.0741
1.1337
0.21052
0.63246
0.20883
0.10762
0.11011
0.61443
0.11458
0.15433
0.14882
0.81989
0.06687
0.61552
0.17413
0.24252
0.078674
0.97734
1.058
0.3863
0.27575
0.53932
1.2905
0.61948
1.1035
0.13282
0.84137
0.69415
0.11887
0.12868
1.099
0.28545
0.10036
0.33805
0.099541
0.095445
0.17079
0.22647
0.23926
0.24126
0.2793
0.53039
0.18626
0.92837
0.48236
0.34631
0.078658
0.12929
0.9509
0.24599
0.084282
0.15687
0.47881
0.11075
1.022
0.23815
0.4614
0.6928
0.16947
0.1822
0.42819
0.19946
0.15094
0.16056
0.13903
0.30656
0.23117
0.22638
0.15553
0.74734
0.14187
0.79943
0.29324
0.93758
0.1884
0.091837
0.34763
1.2367
0.080612
1.1931
1.1373
0.25687
0.15655
0.12197
0.48292
0.48208
0.38405
0.21217
0.3246
0.59153
0.38166
0.16312
1.1347
0.078494
0.16393
0.125
0.73467
0.52089
0.11215
0.11248
0.97717
1.7207
0.076615
0.11277
0.13127
0.28935
0.33728
1.5906
0.44405
0.95302
0.12983
0.83696
1.1619
0.65637
0.53296
0.058757
0.38723
0.55641
1.1959
0.28347
0.12167
0.16989
0.23921
1.2554
0.11918
0.13648
0.10102
0.11604
0.11356
0.17172
0.090637
0.094529
1.1643
0.75445
0.13923
0.11759
0.76768
0.20121
0.3751
0.93136
0.84122
0.1586
0.18721
0.18854
0.15848
0.76084
0.24043
0.18079
0.82324
0.090116
0.12713
1.2183
0.57628
0.17911
0.47655
1.0471
0.1129
0.12922
0.17295
0.12137
0.16178
0.21137
0.069304
0.23766
0.17102
0.1205
0.11827
0.17201
0.23853
0.22174
0.22751
0.092011
0.17117
1.06
0.18912
0.2254
0.20694
0.5933
0.15858
0.29145
0.48444
0.67632
0.20468
0.077656
0.11499
0.22386
0.15452
0.83939
0.16079
1.2687
1.0871
0.12681
0.82702
0.11764
0.12749
0.1093
0.13186
0.37758
0.12064
0.56486
0.087647
0.16189
0.1228
0.25384
0.14941
0.38089
0.77686
0.065291
0.27382
1.2475
0.077473
0.42722
0.85073
0.10178
0.707
0.11599
0.3513
0.95515
0.66274
0.60274
0.18084
1.3552
0.12838
0.081515
0.45464
0.32781
0.15441
0.10141
0.10648
0.34313
0.20499
0.16897
0.17378
0.20886
0.44041
0.38257
0.48108
0.28609
1.1436
0.14625
0.29147
0.48533
1.6952
0.14105
0.10259
0.20476
0.30643
0.9671
0.48727
0.10464
0.57306
0.58043
0.12499
0.15924
0.29962
0.16832
0.51903
1.226
0.087376
0.77857
0.35755
0.17806
0.22039
0.086566
0.073445
0.11411
0.63386
0.25949
0.12454
0.98208
0.085668
0.099052
0.14308
0.53801
0.99773
0.099543
0.087944
0.10026
0.18757
0.41085
0.15695
0.23449
0.66299
0.099848
0.1737
1.0006
0.10196
0.37827
1.0218
0.49024
0.12698
0.20517
0.26006
0.2807
0.4923
0.3181
0.1096
0.095831
0.18143
1.2085
0.27171
0.1022
0.10572
0.49582
0.13792
0.37594
0.32351
0.08197
0.91746
0.74268
0.45674
0.20103
0.19482
0.13111
0.27395
0.18626
0.66421
0.16501
1.1201
1.5784
0.29265
0.72573
0.092054
0.089552
0.6772
0.083214
0.52473
0.17545
0.17306
0.097007
0.37085
1.0831
0.20083
1.1331
0.18056
0.9574
1.0798
0.20441
1.113
0.14205
1.1816
0.2855
0.12986
0.27292
0.098816
1.1337
0.16493
0.21746
0.18711
0.59458
0.12928
0.16122
0.86105
0.064967
0.76197
0.11834
0.13663
0.91478
0.17131
0.13014
0.36545
0.56718
0.080408
0.16867
0.29126
0.1877
0.42447
0.083538
0.13461
1.2157
0.085541
0.093319
0.1252
0.087872
0.74264
1.3527
0.096349
0.35057
0.46558
0.95103
0.34742
0.2368
0.28185
0.26559
0.15468
1.1733
0.1485
0.4292
0.13724
1.5869
0.16392
1.2484
0.35393
0.66429
0.090411
0.11261
0.18283
0.14978
0.10263
0.28416
0.52464
0.31664
0.19818
0.10932
0.10427
0.91379
0.36624
1.4455
0.23793
0.23235
0.10329
0.30416
0.33227
0.13336
0.30848
0.069174
0.22591
0.50844
0.41373
1.3474
1.0611
0.4636
0.13981
0.84073
0.72672
0.10666
1.1248
0.33475
0.23146
0.73013
0.34369
0.31723
0.31342
0.2526
0.18163
0.33743
0.19884
0.076597
0.55439
0.060894
0.84689
0.092758
0.2284
1.2521
0.25713
0.34281
0.62412
0.14452
0.086206
0.22155
1.2907
0.17169
0.14595
0.12368
0.37463
0.08281
0.49629
0.85318
0.20065
0.21011
0.10554
0.3851
0.84116
0.1346
0.28064
0.90548
0.86898
0.042403
0.37276
0.15432
0.09415
0.28871
1.6832
0.25381
0.11971
0.77093
1.2033
0.23342
0.83534
0.095595
0.45753
0.074126
0.36216
0.107
0.092636
0.31
0.16895
0.11839
1.3118
1.3756
0.2362
0.089535
0.1168
0.64101
0.15199
0.5245
0.5888
0.65852
0.20136
0.93643
0.2317
0.60475
0.18607
0.90388
0.41795
0.10923
0.21707
0.114
0.17058
0.16417
0.2962
0.084681
0.46102
0.10486
0.26786
0.46598
0.67359
0.10688
0.39658
0.22245
1.2951
0.16775
0.11696
0.096742
0.17351
1.2506
0.13098
0.32894
0.14469
0.15156
1.0493
1.2133
0.95131
0.43283
0.17219
0.26767
0.14349
0.27663
0.60244
1.0128
0.77997
0.7868
0.19386
0.35045
0.49732
0.11333
0.31099
0.19349
0.18365
1.3289
0.083941
0.14739
0.17437
0.1511
1.343
0.16384
0.37311
0.085892
0.078495
1.1565
0.63137
0.95652
0.64896
0.58819
0.23396
0.33762
0.57725
0.17485
0.21712
0.8659
0.30696
0.17564
0.18517
0.53445
0.21887
1.4745
1.0509
0.069807
0.55797
0.33042
0.17489
0.26359
0.18778
1.2395
0.15369
0.25146
0.5502
0.38546
0.42009
0.11143
0.5131
0.3776
0.43986
0.09807
0.10156
0.15179
0.46199
0.21005
0.088092
0.17307
0.79564
0.095457
0.4903
0.83091
0.50415
0.21328
0.13131
0.69333
1.3919
1.1855
1.0702
0.58819
0.12331
0.24143
0.12519
1.1188
0.28421
0.11211
0.35406
0.11718
0.11576
0.2496
0.63378
0.077345
0.91279
0.41531
0.099778
0.13233
1.144
0.19372
0.63515
0.12433
0.16553
0.27228
0.070339
0.20689
0.10035
0.08499
0.59392
0.7756
0.11632
0.083812
0.31002
0.088393
0.29784
1.236
0.11372
0.38415
0.54275
0.61294
0.093951
0.10027
0.083558
0.072278
0.14985
0.22755
0.092004
0.13525
0.67617
1.129
0.61396
0.4974
0.19631
0.075772
0.61042
0.91855
0.15695
0.18264
0.11061
0.38536
0.32901
1.2971
0.1644
0.63031
0.37649
0.1986
0.98545
0.071346
0.28038
0.59326
0.16778
0.17319
0.53578
0.32
0.8089
0.39285
0.093513
0.079303
0.87811
0.25182
0.10795
0.8902
0.19458
0.58347
0.13677
0.35926
0.19477
1.0118
0.10704
1.6266
1.0247
0.12101
0.26446
0.10962
1.036
0.13302
0.044669
1.0431
0.89276
0.72228
0.80121
0.13467
0.25894
0.29363
0.07514
0.35174
0.23139
0.22033
1.111
0.16338
0.093357
0.27831
0.3265
0.78799
0.20452
1.1921
0.19258
0.15551
0.18743
0.19468
0.69201
0.17997
0.74226
0.58694
0.075689
1.2082
0.22643
0.086399
0.13333
0.28266
0.11537
0.64543
0.3084
0.42009
0.12347
1.1707
0.29647
0.65792
1.034
0.084421
0.22518
1.2131
0.074828
0.46826
0.42395
0.22322
0.088659
0.11996
0.6425
0.15783
0.37747
0.14061
0.086229
0.10399
0.42736
0.30265
0.95934
0.45853
0.11373
0.15917
0.27482
0.21905
0.098294
0.75688
0.46101
0.089095
1.1751
0.12641
0.07304
0.22467
0.11423
0.26969
0.11727
1.189
0.14799
0.75083
0.12964
0.24081
0.084042
0.44242
0.31415
0.70252
0.93001
0.28313
0.20228
1.2855
0.091516
1.0362
1.131
0.4182
0.086911
1.073
0.1643
0.50454
0.35043
0.21832
0.26546
0.098325
0.3019
0.19016
0.22098
1.2186
0.52408
0.15745
0.11734
0.17186
0.40613
0.16958
0.26648
0.54861
0.7701
0.13958
1.4431
0.078122
0.29343
0.095899
0.10566
0.13766
0.060229
0.35862
0.9717
0.11761
0.20557
0.27878
0.75547
0.2451
0.52242
0.2708
0.52494
0.19105
0.11204
0.15553
0.34601
0.11066
0.16139
0.16323
0.13449
0.064484
0.25847
0.16411
0.16723
1.2128
1.0614
0.26259
0.82229
0.39033
0.27143
0.39695
0.2023
0.19021
0.36314
0.16484
0.2237
0.34076
0.61909
0.13203
0.29174
0.15089
0.29501
0.079363
0.11157
1.3702
0.1065
1.0929
0.23959
0.16022
0.57209
0.20542
0.48913
0.42883
0.15204
0.58152
0.11773
0.26325
0.35036
0.15288
0.22445
0.087455
0.75751
0.18933
1.0885
0.098245
1.075
1.2451
0.14019
0.29872
0.19922
0.65537
0.11904
0.097463
0.10239
0.60533
0.21811
0.10601
0.25506
0.54921
0.78319
0.087649
0.54093
0.13742
0.2766
0.24374
0.84118
0.30464
1.0413
0.27132
0.079305
0.34212
1.1922
0.11151
0.25198
0.089238
0.28934
0.15885
0.46335
0.44393
0.42993
0.36031
0.17704
0.11713
0.16458
0.34209
0.84559
0.20418
0.58563
1.1952
0.080776
1.0668
0.17985
0.51117
0.23519
0.26821
0.14444
0.4501
0.13529
0.9677
0.13415
0.095246
0.091303
0.8561
0.16287
0.89636
0.1268
0.40113
0.66194
0.75717
0.11642
0.33852
0.096976
0.1737
0.82217
0.55221
0.42843
0.15524
1.3307
0.11484
0.29493
0.37918
0.12022
0.24698
0.82165
0.30665
0.070263
0.27494
0.95131
0.4811
0.58806
0.27116
0.16913
0.8555
0.11053
0.5929
0.69873
0.82609
1.1005
0.085327
0.9307
0.40505
0.1069
1.3843
0.70753
0.22279
0.21657
0.16732
0.21296
0.1855
0.21023
0.18165
0.79347
0.093011
0.65406
0.085208
0.11246
0.071554
1.0826
0.1834
0.17026
0.62911
0.68562
0.21227
0.40577
0.12429
0.43508
0.37223
0.093438
0.099625
0.69317
0.092638
0.30706
0.12555
0.11788
0.16954
0.088764
0.86108
1.093
0.44095
0.097478
0.068342
0.092204
0.32723
0.81625
0.17169
0.3473
0.2369
1.2525
0.38281
0.13381
0.95937
0.20203
0.40789
0.14784
0.12522
0.10963
1.0479
0.08516
0.50659
0.096194
0.74653
0.47485
0.12284
0.1431
0.47924
0.3708
0.43827
0.37467
0.11585
0.47947
0.058043
0.13654
0.31507
0.42213
0.82807
0.19031
0.21913
0.21054
1.0355
0.38453
0.12024
0.15273
0.075676
0.24723
0.69037
0.40184
0.19981
0.51653
0.1612
0.11718
0.11562
0.73216
0.48918
0.60037
0.27831
0.67985
0.2229
0.59312
0.15053
0.080367
0.12756
0.94505
0.78735
0.1096
0.54074
0.41425
0.98996
0.24729
0.16227
0.10128
0.30296
1.0571
0.75446
0.1277
0.35187
0.26663
0.31017
1.0235
0.069729
0.081587
1.143
0.91099
0.28456
0.10166
0.28892
0.23387
0.14639
0.072571
0.2261
0.1075
0.50863
0.35576
0.36633
1.2508
0.39553
1.2432
1.017
0.29469
0.2668
0.099622
0.18684
1.1512
0.1489
1.025
0.24621
0.34324
0.084756
0.14586
0.32645
0.39755
1.3008
0.10969
0.74158
0.14161
0.11699
0.095354
0.12677
0.084894
0.32762
0.30121
0.57971
0.68913
0.098989
0.41391
0.62978
0.23393
1.1497
0.39349
0.11928
0.077668
1.1521
0.95471
0.21307
0.15796
0.53116
0.1644
0.93847
0.73949
0.38233
0.14939
0.13014
0.080911
0.2839
0.10933
0.13181
0.92677
0.07714
0.41642
0.15933
0.16263
0.34577
0.10666
0.69924
0.47772
1.4582
0.21233
0.41578
0.21887
0.10537
0.69734
0.14767
0.55585
0.084354
0.23573
0.13435
0.36555
1.091
0.27543
0.82307
0.19675
0.44528
0.087762
0.61287
0.12856
0.28037
0.14402
0.38687
0.22711
0.20993
1.0112
0.1831
0.21333
0.57077
0.49728
0.054771
0.065755
0.093269
1.1169
0.14722
0.11948
0.123
1.0399
0.5403
0.8316
0.8475
0.15801
0.1025
0.19379
0.65894
0.34688
0.092738
0.52259
0.18921
0.133
0.96093
0.099304
0.28804
0.092903
0.16323
0.19772
0.14892
0.43129
0.34056
0.58895
0.30204
0.19912
0.15923
0.6283
0.16364
0.069041
1.1514
0.89678
0.16244
0.22865
0.41255
0.20154
0.10919
0.33962
0.10685
0.25166
0.91727
0.32123
0.072186
0.37037
0.10217
0.66373
0.060262
0.53608
0.15066
0.79887
0.3297
0.18923
0.96041
0.35286
0.068041
0.073331
0.91123
0.25842
0.93669
0.40173
0.080628
0.78185
0.12188
0.24366
0.59435
0.28501
0.1257
0.21937
0.20759
0.29344
0.1211
0.12834
0.19001
0.18764
0.19828
1.0356
0.15698
0.33113
0.11086
0.25264
0.13545
0.9779
0.25745
1.2414
0.22337
0.17865
0.14389
0.22427
0.30024
0.54941
0.16015
0.19206
1.0847
0.2284
1.1277
0.25381
0.17954
1.0766
0.72135
0.30462
1.1881
0.18686
0.18877
1.171
1.2679
0.26722
0.14571
0.44707
0.46135
0.65191
0.88472
0.96761
0.19758
0.060429
0.37414
0.26198
0.11488
0.67389
0.096989
0.4054
0.13934
0.12656
0.6547
0.26378
0.092111
0.12895
0.097137
0.22382
0.35541
0.095341
1.1217
0.54987
0.57299
0.11464
0.65798
0.17983
0.81759
0.3488
0.16818
0.10211
0.1251
0.40977
0.95894
0.82257
0.10435
0.3487
0.15219
0.12156
0.74001
0.12205
0.18525
0.094502
0.33659
0.62592
0.2285
0.2743
0.23696
0.44908
0.48709
0.8989
0.47053
0.3215
0.087552
0.3892
1.0248
0.51558
1.0258
0.1719
0.058398
0.25593
0.1099
0.24231
1.439
0.28337
0.87245
0.10966
0.082234
0.87628
0.17711
0.68028
0.15697
0.39533
0.099153
0.091826
0.78014
0.43376
0.17803
0.11661
0.084688
0.26062
0.30541
0.14172
0.79827
0.16971
0.11653
0.128
0.16709
1.085
0.57365
0.29799
0.34556
0.18938
0.069103
0.10553
0.22951
0.31872
0.35205
0.20913
1.0996
0.24111
0.1162
0.18872
0.10446
0.19709
0.69527
1.0268
1.0176
0.28653
0.1739
0.091698
0.96477
0.6792
0.34408
0.12219
0.15005
1.0891
0.26302
0.10073
0.24678
0.3082
0.35639
1.0025
1.2426
0.69633
0.12043
0.90371
0.1336
0.15633
0.18469
0.91572
1.1717
0.1379
0.28592
0.94217
0.070947
0.76745
0.13168
1.2419
0.22198
0.11893
0.091532
0.1315
0.17278
0.17178
0.388
0.1492
0.0951
1.1661
0.10504
0.48839
0.58444
0.4032
0.086265
1.1478
0.17054
1.1798
0.32852
0.51555
0.99344
0.67453
0.43464
0.15548
0.12435
1.1502
0.096971
0.98124
0.89216
0.12322
0.55195
1.5101
0.16713
0.47593
0.47338
0.081874
0.48902
0.31776
0.16088
0.084957
0.11422
0.28806
0.075297
0.2181
0.5773
0.48217
0.19454
0.060735
0.73577
0.1696
0.52076
0.20653
0.58772
0.1945
0.41461
1.0296
1.0245
0.14127
0.90416
0.38731
0.94495
0.075419
0.5007
0.21844
0.12348
0.2867
0.19152
0.13845
0.85273
0.18066
0.23789
1.1669
0.60333
0.064881
0.49196
0.93117
0.21176
0.30339
0.41924
1.2066
0.14479
0.36555
0.12192
0.36197
0.67378
0.33732
0.21597
0.090117
0.48649
0.24126
0.74367
1.3737
0.19479
0.24131
0.34701
0.84082
0.23234
1.4552
0.10329
0.20234
0.15261
0.30849
0.085956
0.10367
0.25155
0.18679
0.17473
0.80741
0.42033
1.3096
0.29598
0.13114
0.30338
0.94621
1.0615
0.26264
1.5921
0.74529
0.093982
0.18187
0.13316
0.093791
0.22979
0.11824
1.0481
0.11162
0.44593
1.1341
0.14483
0.10777
0.49233
1.1694
0.1435
1.0586
0.33999
0.064666
0.14896
0.74654
0.1059
0.56925
0.084433
0.25469
0.54239
0.65334
0.50292
0.12856
0.078932
0.092558
0.18262
0.18853
0.31162
0.5642
0.21698
0.11083
0.47706
0.42816
0.10178
0.2687
0.81121
0.52594
0.38098
0.7708
0.72335
1.1699
0.1552
0.63686
0.087447
0.87711
0.93087
0.13742
0.376
0.92265
1.0418
0.24724
0.091241
0.81073
0.6034
0.11047
0.24892
0.13608
0.084399
0.91424
0.41615
0.16281
0.21104
0.56423
0.32815
0.46914
0.16101
0.53441
0.26689
0.1579
0.10185
0.63102
0.093893
0.36654
1.0842
0.16263
0.23639
0.073366
0.40404
0.65283
0.11772
0.2206
0.2024
0.80225
0.67632
0.33809
0.15277
1.1871
0.12678
0.12435
0.42717
0.10598
0.25174
0.60272
0.28241
0.067331
1.1197
0.14867
0.49672
0.09151
0.22959
0.69015
0.25629
0.090086
0.17029
0.11259
1.4015
0.71686
0.35865
0.49236
1.1444
0.43702
0.54673
0.22997
0.88973
0.19378
0.97908
0.079128
0.30437
1.1743
0.83326
0.23135
0.1268
0.4997
0.083691
0.85668
0.41866
1.2098
0.1338
0.50219
0.56236
0.32399
0.18377
0.27309
0.58818
0.16659
0.69237
0.20853
0.10364
0.42399
0.087581
0.31431
0.17646
1.489
0.17987
0.32019
0.30034
0.13077
0.097392
1.5286
0.098077
0.97627
1.4881
0.17878
0.10747
0.19518
0.11485
0.73526
0.96653
0.077265
0.66847
0.74222
0.099632
0.1081
0.072313
0.36505
0.077886
0.4888
0.15201
0.55252
0.19456
1.0069
0.60021
0.24983
0.34909
0.14338
0.1372
0.38351
0.14823
0.31798
0.29598
0.26723
0.83664
0.20233
0.10431
0.12358
0.61763
0.52482
0.23157
0.27329
0.10107
0.1749
1.112
0.10596
0.085792
0.34228
0.14502
0.23099
0.37029
0.06766
0.24049
0.24124
0.12053
0.40344
0.14207
0.60183
0.072232
0.26961
0.34963
0.31997
0.13346
0.25625
0.16858
0.32712
1.2929
0.30156
0.73405
0.31672
1.0971
0.38348
0.10612
0.13043
0.53551
0.12352
0.29574
0.1265
0.14032
0.41503
0.29918
0.24219
0.40259
0.55635
0.38938
0.086695
0.55701
0.50953
0.72554
1.1126
0.09197
0.14263
0.40418
0.39746
0.52029
0.12766
0.89724
0.4201
0.1284
0.18957
0.43803
0.93602
0.24109
0.26771
0.45771
0.2695
0.073159
0.098946
0.16418
0.23925
0.47368
0.41209
0.18461
0.40358
0.8168
0.13666
0.1089
0.6181
0.095135
0.13567
0.52664
0.16713
0.51643
0.13979
0.33163
1.0465
0.22976
0.18546
1.1505
0.15358
0.26755
0.31198
0.080727
0.45951
0.18929
0.19079
0.098631
0.080774
0.081853
0.94614
0.34975
0.96989
0.72233
0.29693
0.11778
1.1757
1.0808
0.12251
0.066717
0.26635
0.094428
0.31222
0.85418
0.6856
0.095923
0.19152
0.61943
0.863
0.73705
0.55253
0.088281
0.14541
0.80194
0.60025
0.52588
0.063405
0.2242
0.15911
1.1771
0.58791
0.091817
0.13268
0.4388
0.1199
0.22678
1.1462
0.087116
0.15017
0.09894
0.095702
0.26313
0.42825
0.1316
0.21787
0.24858
0.1202
0.84025
1.1036
0.42907
0.12215
0.11223
1.2037
1.1452
0.11297
0.066586
0.089686
0.084397
0.4195
0.2559
0.80884
1.1011
0.10174
0.11461
0.58813
0.12272
0.53071
0.57435
0.32451
0.1887
0.32872
0.07351
0.087603
0.15486
0.59377
0.11046
0.12043
0.31676
1.1003
0.67252
0.1218
0.29768
0.41031
0.13106
0.11765
0.13712
0.12912
0.23078
1.2782
0.27966
0.15195
0.72314
0.32705
0.21631
0.23813
1.1482
0.3042
0.13423
0.16893
0.21018
0.92802
0.38942
0.15093
0.33966
0.10934
0.89018
0.10631
0.38025
0.7098
0.87989
0.6432
0.61676
0.081326
0.19606
0.59501
0.10269
0.46092
0.06498
1.121
0.6845
0.88691
0.11698
0.65713
0.40605
0.1326
0.08952
0.21618
1.1063
0.7516
1.0413
0.26241
0.083112
0.12845
0.3535
0.45256
0.3604
0.2089
0.22178
0.10834
0.12098
0.22597
0.10278
0.17802
1.0962
0.090233
0.096764
0.99861
0.12487
0.11118
0.33459
0.33238
0.72496
0.87939
0.34215
0.2779
0.08114
0.9776
0.14412
0.15028
0.53126
0.15386
0.3126
0.079706
0.11834
0.40636
0.14063
0.10563
1.2848
0.11229
0.10438
1.179
0.11815
0.25699
0.87334
0.29319
0.11256
0.36646
0.072514
0.34865
0.061495
0.50598
0.58808
0.2098
0.1939
0.34699
0.74619
0.78636
0.35162
0.44987
0.098655
0.23413
0.44743
0.23065
0.1398
0.14851
0.91902
0.1926
0.53265
0.99656
0.56178
0.10217
0.60901
0.27078
0.13018
0.45356
0.20317
0.2723
0.093255
0.35771
0.51868
0.20907
1.1202
0.23229
0.13528
0.21172
0.23735
0.34244
0.28529
1.1683
0.39095
0.82463
0.38786
0.086207
0.31259
0.6279
0.07111
0.12947
0.25336
0.061001
0.44745
0.094951
1.0959
0.14325
0.13046
0.11038
0.36806
0.21339
0.36472
1.2052
0.20781
0.51577
0.74388
0.26727
1.0253
0.81681
0.22024
0.67568
1.0083
0.098582
0.11279
1.1928
1.1199
0.12796
0.13042
0.1458
0.99337
0.45411
0.13938
0.80405
0.42947
0.25742
0.14085
0.24013
0.33342
0.20293
0.19467
0.20996
0.17655
0.5562
0.22207
0.27976
0.14403
0.15474
0.16608
0.2671
0.39801
0.65146
1.1151
0.84868
0.08395
0.95876
0.073029
0.13122
0.61516
0.14527
0.11373
0.63373
0.15148
0.17855
0.46554
0.1142
0.11821
0.10216
0.14944
0.15974
0.89612
0.5498
0.098698
0.59718
0.21768
0.13323
0.67711
0.91748
0.14223
1.1707
0.11169
1.0137
0.25962
0.081414
0.14849
0.4539
0.15687
0.91022
0.37378
1.095
0.27453
0.9505
0.37779
0.24554
0.3872
0.58088
0.59037
1.2106
0.61423
0.56372
1.1553
0.96267
0.52066
0.62482
0.23589
0.13648
0.13229
0.44275
0.29025
0.91318
0.60608
1.2937
0.12505
0.1398
0.16015
0.29164
0.11223
1.1053
0.141
0.49215
0.25979
0.14987
0.48391
0.19063
1.1604
0.49577
0.16412
0.98393
1.3063
1.1285
0.23204
0.094699
0.44783
0.097874
0.46398
0.095159
0.87311
1.1863
1.1381
0.64277
0.9281
0.16074
0.075492
0.089356
0.75037
0.16477
0.38298
0.12772
0.093884
1.5176
0.64782
0.81567
0.17299
0.2458
0.71152
0.11542
0.2506
0.57759
1.128
0.52637
1.0013
0.33748
0.17384
0.21736
0.27422
0.099736
1.5697
0.57814
0.25258
1.0426
0.14015
1.0079
0.25484
0.11499
1.218
0.22014
0.28838
0.14074
0.079841
1.1303
0.19319
0.32522
0.13745
0.24875
0.47627
0.27432
0.37861
0.23775
1.1553
0.34167
0.26603
0.4668
0.82856
0.20642
0.17317
1.4002
0.22922
0.13006
0.12651
0.32067
0.38831
0.37166
0.13334
0.15155
0.33196
0.13576
0.1555
0.2507
0.18936
0.13842
0.086048
0.40993
0.094653
0.25236
0.39451
0.22274
0.24726
0.90082
0.14027
0.23028
0.29225
1.2961
0.35076
0.9213
0.55277
0.21452
0.12386
1.2957
0.15901
0.36936
0.3282
0.07844
0.6527
0.1238
0.28943
1.0342
0.61206
0.093871
0.51083
0.15736
0.22413
0.67633
0.26826
0.22336
1.1541
0.65627
0.14238
0.23651
0.4
0.32101
0.13122
1.0437
0.30709
0.18442
0.14454
0.44782
0.15568
0.18847
0.31887
0.33827
0.131
0.9284
0.55845
0.12963
0.64072
0.23234
0.088969
0.10655
0.19946
0.68772
1.0377
0.26186
0.39587
1.2429
0.53866
0.6721
0.08651
1.2331
0.15056
0.17078
0.23768
0.71663
0.14025
0.78386
0.37062
0.61207
1.0977
0.33248
0.20271
0.61307
0.8802
0.1017
1.1775
0.19787
0.28482
0.17693
0.19926
0.072778
0.16871
0.12387
1.1703
1.1092
0.14965
0.12252
0.16164
0.45451
0.17082
0.18539
0.16065
0.39249
1.208
0.11914
0.61349
0.50425
0.13917
0.65643
0.23441
0.11645
0.4551
0.15127
0.091784
0.29115
0.24745
0.22082
1.0469
0.18209
0.13593
0.21546
0.11177
0.70432
0.61179
0.087247
0.18758
0.34973
0.12001
0.28703
0.73756
0.2086
0.37327
0.069622
0.15023
0.41782
0.96843
0.15971
0.29649
0.15504
0.32191
0.24115
0.11023
0.35558
0.16735
0.19874
0.26522
0.34289
0.51707
0.12068
0.57055
0.26002
0.21833
0.76183
0.74436
0.53977
0.11659
0.40767
1.6091
1.2267
0.26059
0.13867
0.73978
0.45477
0.14949
0.2831
0.35645
1.6617
0.32949
0.81157
1.1595
0.25376
0.15345
1.1531
1.135
1.0217
0.082941
0.14368
0.14725
1.4238
0.16721
1.1169
0.29767
1.2388
0.49622
1.1694
1.0599
0.17511
0.15341
0.2333
0.23201
0.11406
0.28349
0.35767
0.39235
1.2358
0.70273
0.14778
0.27023
0.36951
0.094405
0.63686
1.2412
0.31998
0.52424
0.21955
0.36033
0.20879
0.14186
1.2029
0.1902
0.11105
0.86936
0.56993
0.5002
1.1298
0.14817
0.66747
0.18561
0.12089
0.06085
0.74208
0.12421
0.11816
1.2808
0.80511
1.1439
0.33797
0.16798
0.71239
0.50196
0.085524
0.21567
0.12087
0.2864
0.40619
0.44173
0.11279
0.084036
0.51494
0.21223
0.35207
0.164
0.3663
0.36018
0.38527
0.10666
0.30873
0.11154
0.090897
1.6648
0.35294
0.99698
1.188
0.65341
1.1022
0.096904
0.22605
0.10495
0.11531
0.83833
0.22118
0.10343
0.17396
0.067217
0.38649
0.52178
0.10735
0.172
0.11093
0.37386
0.073145
0.48406
0.1686
0.41969
0.086104
0.45093
0.90061
0.13146
0.42501
0.12507
1.0218
1.0137
0.16494
0.69573
0.12812
0.1166
0.38158
0.25899
0.95302
0.233
0.45009
0.34698
0.93391
0.072612
1.1763
0.20926
0.6143
0.11692
0.22007
0.29438
0.09852
0.085038
0.083004
0.31429
0.41656
0.1502
0.1449
0.12748
0.15953
1.0102
0.085727
0.1209
0.45196
0.17803
0.68517
0.21453
0.25287
0.32022
0.33457
1.1306
1.2693
0.18861
0.12819
0.99943
0.48931
0.31457
0.080373
0.56662
0.37582
0.43704
0.50929
0.13049
0.095231
0.088729
0.74563
0.16839
0.91081
1.187
1.0026
0.2199
0.21756
0.47401
0.0725
0.74583
0.1576
0.19375
0.080224
0.14382
0.4169
0.19584
0.35369
0.0916
0.13465
0.79957
0.4298
1.1706
1.1027
0.45539
0.12969
0.20252
0.26582
0.32144
0.17738
0.30773
0.28031
0.092846
0.077763
1.15
0.094117
0.64855
0.22492
0.37056
1.1037
0.12504
0.073605
0.19057
0.13575
0.089472
0.10292
1.209
0.069638
0.2059
0.90063
0.17435
0.81406
0.15407
0.18741
0.12586
0.32853
1.3066
0.07441
0.15478
1.1498
1.1999
0.1979
0.52468
0.43404
1.1126
0.23825
0.16401
0.075096
0.17769
0.22247
0.41294
0.065647
0.15849
0.27728
0.7981
1.1605
0.13837
0.25098
0.3928
0.39293
0.78302
0.1546
0.12113
0.14427
0.24967
0.39013
0.11817
0.21112
0.27235
0.95721
0.25345
1.2132
1.3328
0.17217
0.9281
0.88567
0.65153
0.17477
0.39241
0.51227
0.17087
0.69624
0.54864
0.81773
1.0723
0.16821
0.092848
0.25665
0.29941
0.33338
0.69163
0.1488
0.11881
0.2153
1.3996
0.080914
0.10071
0.76724
0.19965
0.41719
0.18069
0.7326
0.2521
0.14582
0.23793
0.65278
0.062751
0.28038
0.1512
0.28142
0.80147
0.13695
0.15623
0.76686
1.2469
0.08248
0.9826
0.20835
0.075706
0.2611
0.12403
0.87627
0.14427
0.13615
0.3453
1.0161
0.25208
0.07101
1.2056
0.157
0.12484
0.42579
0.44305
1.0236
0.1299
1.177
0.17393
0.096056
0.36903
0.67999
0.097464
0.15461
0.51353
0.37313
1.2065
0.15338
1.0323
1.3213
1.192
1.1921
0.37668
0.67668
0.24498
0.21346
0.13714
0.089441
0.11872
0.16544
0.37052
0.18209
0.11691
0.18828
0.14047
1.1913
0.40473
0.24166
0.33676
0.30111
0.10048
0.60571
0.7557
0.15664
0.27017
0.49921
0.13221
0.91383
0.36713
0.70669
0.214
0.22965
0.41903
0.13412
1.0452
0.28395
0.96519
0.2299
0.10037
0.062158
0.10318
0.39132
0.10082
1.0552
0.3229
0.085001
0.10284
0.46128
0.12339
0.12823
0.090699
0.085998
0.34236
0.68593
0.42733
0.54565
1.109
0.076526
0.96122
0.4672
0.096927
0.12644
0.82133
0.34996
1.228
0.35345
0.060054
0.13595
0.14789
0.20721
0.19769
0.27567
0.39042
0.70193
1.1478
0.22119
0.093382
0.22756
0.24839
0.77989
0.14057
1.6059
0.54269
0.69026
0.17434
1.3434
0.80549
0.12135
1.2152
0.13324
1.0261
0.32558
0.12366
0.26484
0.12982
1.1157
1.0651
0.68751
0.87503
0.12467
0.28733
0.18494
0.086298
0.63762
0.55812
0.75474
0.16499
1.2053
0.11922
0.33328
0.41043
0.13611
0.75388
0.093747
0.095535
0.13118
0.46419
0.43861
1.601
0.19223
0.30986
0.11993
0.31273
0.7333
0.82239
0.4594
0.15561
0.18903
0.33149
0.20947
0.17729
0.31148
0.68092
1.3062
0.19423
1.3602
0.20148
0.82883
0.25163
0.16087
0.18063
0.1383
0.14668
1.1165
0.63052
0.14308
0.2178
0.098736
0.13763
0.34915
1.239
0.066065
0.07554
0.079252
0.17586
0.16467
0.55628
0.26989
0.56438
0.14737
0.084422
1.243
0.33921
0.22961
0.19876
1.0354
0.26649
0.16882
0.65421
0.69221
0.33518
0.076256
0.12258
0.11734
0.23173
0.10302
0.14469
0.22841
0.077343
0.13629
0.22833
0.1326
0.10621
0.083728
0.10864
0.10547
0.21601
0.47341
0.2794
0.11
0.10642
0.23546
0.65232
0.16904
0.08214
0.64623
0.44801
0.085148
0.49599
0.9395
0.70663
0.30309
0.069633
1.1397
0.57404
0.083179
0.26847
0.092324
0.79612
1.1205
0.079847
0.12665
0.09947
0.18736
0.40537
0.2963
0.36297
0.54298
0.85369
0.48836
1.0069
0.10673
0.19371
0.22452
0.70906
0.40408
0.41497
0.92197
1.1304
0.51566
0.085262
0.26683
1.5612
0.24431
0.1056
0.44318
0.17926
0.074713
1.1039
0.26308
0.12232
0.65244
1.1167
0.29674
0.097375
0.11754
0.25596
0.64628
0.099361
0.59021
0.26026
0.78044
0.13702
0.68331
0.18885
0.16231
0.13754
0.21698
0.082299
0.11957
0.10132
0.16141
1.3633
0.71858
0.085275
0.31995
0.14627
0.2379
0.23301
0.31566
0.56448
0.18738
1.2237
0.97057
1.1207
0.27105
0.099668
0.5717
0.33599
1.0823
0.20499
0.074469
1.2161
0.30257
0.16727
0.29857
1.0263
0.61746
0.15375
0.12866
0.43896
1.0913
0.25183
0.2648
0.31009
0.49794
0.17465
1.0281
0.097406
0.59709
0.13588
0.23745
0.14725
0.22667
0.2572
0.57414
0.28503
0.25122
1.0242
0.80133
0.28568
1.2051
0.75626
0.26317
0.40549
0.48165
0.31551
0.14732
0.1502
0.062276
1.0263
0.21999
1.3091
0.11732
0.30582
0.20283
0.22329
1.1075
1.2011
0.71961
0.12787
0.11545
1.0297
0.22406
0.76721
0.20067
1.2989
0.3429
0.24518
0.11467
0.14587
0.52282
0.27436
1.1272
0.10353
0.73731
0.10562
0.79828
0.19483
0.11023
0.33337
0.24309
0.078941
0.072991
0.87258
0.10588
0.083315
0.25991
0.08199
0.11867
0.22124
0.16338
0.29103
0.42067
0.12226
0.19935
0.11449
1.0934
0.22805
1.0244
0.66915
0.10303
0.81666
0.22992
0.97594
0.73271
0.15644
0.66432
0.091807
0.1985
0.077365
0.099346
0.12547
1.1654
0.18556
0.18984
1.0702
0.28518
0.08776
0.80876
0.29935
0.12195
0.11251
0.54894
0.071603
0.90932
0.21629
0.54553
0.85584
0.35046
0.98435
0.54799
0.20547
0.40462
1.0494
0.97266
0.34363
0.22078
0.079387
1.107
0.98301
0.25827
0.1045
0.10582
1.0936
0.12712
0.31763
0.50741
0.20294
0.17295
0.29493
1.0166
0.67202
0.40993
0.40135
0.22353
0.14005
0.67159
0.13964
0.28782
1.105
0.19963
0.30753
0.10205
0.60615
0.69062
0.35156
0.11143
0.14498
0.13452
1.2238
0.14128
0.65156
0.10855
0.56806
0.22529
0.60735
0.13641
0.34971
0.3291
0.097352
0.57253
1.1386
0.34035
0.31133
0.21196
0.47016
0.16613
0.15827
0.060747
0.09277
0.36083
1.1456
0.61088
0.14385
0.065796
0.13532
0.081715
0.83646
0.46479
0.20656
0.094971
0.12245
0.13825
0.23018
1.3075
0.16663
0.58967
0.17955
0.1101
0.21958
0.1821
0.087711
0.09242
0.20776
0.22117
0.45861
0.77298
0.068602
0.36994
0.98777
0.23864
0.13437
0.2814
1.4396
0.27847
0.093995
0.14007
1.0974
0.1448
0.1183
0.082907
1.1465
0.69838
0.26642
0.63056
0.6343
0.13449
0.10233
0.44535
0.1756
0.16448
1.5502
0.75635
0.81339
0.82976
0.083563
0.24678
0.57129
1.0834
1.0445
0.10822
0.71803
0.24304
0.45786
0.10016
0.15352
1.0095
0.095708
0.14759
1.0948
0.10913
1.5369
0.5015
0.64859
0.9584
0.14402
0.23423
1.0044
0.50323
0.49475
0.12531
0.2266
0.4307
0.48333
0.16143
0.92057
0.15643
0.077619
0.18086
1.0763
0.13081
0.058509
0.14446
0.11394
0.14322
0.10425
0.22886
0.32042
0.85048
1.3629
0.33453
0.17371
1.1946
1.2119
0.22595
0.070197
0.57088
0.24871
0.21379
0.19217
0.60778
0.56628
0.4489
0.61815
1.0395
0.36685
0.59667
0.67046
0.96271
0.20662
0.15093
0.081902
0.10089
0.52948
1.1587
1.3071
0.24172
0.21119
0.79347
1.0956
0.2389
0.12205
0.21271
1.3421
1.1547
0.065864
0.45285
0.17311
0.17808
1.144
0.13439
0.17766
1.1457
0.07429
0.57094
0.16434
1.0981
0.13791
0.33526
1.2889
0.48424
0.38423
0.14375
0.126
0.15308
1.0446
0.1699
0.062594
0.096214
0.26782
0.19674
0.064101
0.10478
0.16576
0.76976
0.58125
0.28009
0.36012
0.1709
0.061982
1.0021
0.75196
0.089505
0.35061
1.1968
0.30068
0.33066
0.30864
0.16705
0.40471
0.14799
0.94504
0.11055
0.095541
0.094495
0.29275
1.0337
0.12364
0.45003
0.12344
0.34041
0.73164
0.19239
0.18016
0.21736
0.16105
0.7488
0.12834
1.0701
0.19926
0.26197
0.40296
0.64304
0.17563
0.64284
0.10881
0.20948
0.33826
0.63451
0.16858
0.07123
0.52265
0.17604
0.19012
0.097084
0.63674
0.53511
0.19185
0.20264
0.07218
0.19879
0.30915
1.1078
0.3731
0.46766
1.3135
0.13542
0.076737
0.28498
0.16596
0.10926
0.058821
0.61402
0.10576
0.14839
1.1546
0.11567
0.21174
0.10535
0.17288
0.12733
0.32418
0.6969
0.20207
0.42159
0.21887
0.79864
0.13995
0.12709
1.0047
0.80766
0.16496
0.31544
0.13904
0.62129
0.07186
0.56045
0.092336
0.14405
0.52274
0.12254
0.98554
0.16954
0.18374
0.42347
0.12723
0.67252
1.6256
0.26225
0.12404
0.26156
0.17867
0.64539
0.20883
1.2003
0.8244
0.063538
1.3077
0.06756
0.3454
0.42194
0.2923
0.61552
1.0719
0.29059
0.19211
0.78206
0.20012
0.3863
0.94853
0.37991
0.56749
0.67075
0.37362
0.27618
0.13726
0.69415
0.11887
0.70091
0.20709
0.1628
0.14138
0.3495
0.17613
0.095445
1.1834
0.10125
0.553
0.3513
0.2793
0.22436
0.25399
0.077973
0.62903
0.21033
0.73489
0.17345
0.10094
0.60471
0.55393
0.16591
0.27193
0.50227
0.7712
0.33936
0.33606
0.6928
0.27665
0.66062
0.17851
0.12388
1.0759
0.14629
0.14313
0.30656
0.086322
0.75122
0.27284
1.0637
0.29798
0.34034
0.47265
0.071536
0.3704
0.73288
0.095674
0.2251
0.1101
0.12729
1.1373
0.18622
1.1458
0.12197
1.0544
0.54213
0.095614
0.68832
0.29642
0.1986
0.14945
0.16312
1.1347
0.2642
0.16393
0.17349
0.57197
0.375
0.16564
0.38015
0.20466
1.7207
0.86501
1.0303
0.13127
0.27611
0.096554
0.16954
0.52287
1.2224
0.30011
0.31489
1.3029
0.32128
0.32611
0.26292
0.75234
0.94164
0.20407
1.1997
0.9118
1.0646
0.10472
0.26572
0.70201
0.044787
0.49567
0.07356
0.11356
0.11939
0.19806
0.67832
1.0513
0.13576
0.81736
0.41402
0.21905
0.16755
0.11363
0.20071
0.27853
0.21396
0.28626
0.090816
1.0288
0.95527
0.49489
0.092361
1.0515
0.42925
0.12713
1.1128
0.2573
0.088286
0.23262
0.23066
0.087241
1.0081
1.1681
0.19893
1.0886
0.66671
0.40855
0.099224
0.71113
0.13008
0.13252
0.20104
0.28811
0.51609
0.31645
1.0548
0.17117
0.099567
0.12917
0.42189
0.091791
0.4036
1.2506
0.084331
0.29196
0.12593
0.72382
1.2559
0.12392
0.61804
0.32787
0.83939
0.11461
0.69241
0.52714
1.1036
0.14233
0.76287
1.017
0.25577
0.21566
0.22149
0.57258
0.56486
0.10106
0.073889
0.10982
0.081533
0.23933
0.59226
0.13651
0.068045
0.12262
1.5396
0.10255
0.3417
0.10051
0.37847
0.107
0.38462
0.13971
1.0275
0.1723
0.3993
0.38004
0.19222
0.12838
0.38208
0.15641
0.71901
0.13479
0.2058
0.1045
0.34313
0.20499
0.080957
0.85405
0.084173
0.26106
0.38257
0.12824
0.28609
0.73371
0.62218
0.073723
0.33549
0.14163
0.4688
0.33551
0.20476
0.16292
0.16073
0.62292
0.22072
0.094746
0.45001
0.61512
1.0198
1.0388
0.13205
0.16005
0.1081
0.98385
0.17807
0.21163
0.83553
0.16691
0.086566
0.23796
0.11411
0.63386
0.3882
0.11848
0.45498
0.15473
0.10539
0.53571
1.1352
0.78471
0.32798
0.21821
1.115
0.12554
1.1101
0.47202
1.0216
0.30264
0.10986
0.074729
1.2185
0.24032
0.18791
1.2955
0.78399
0.92047
0.4905
0.1992
0.09591
0.25521
1.0636
0.062077
0.34231
0.77506
0.45631
0.10779
0.11544
0.132
0.10608
0.09979
0.61628
1.1989
0.57743
0.91746
0.5988
0.28442
0.09299
0.42857
0.091579
0.4331
1.1943
0.66421
0.16501
0.087725
0.33059
0.22746
0.37732
0.72292
0.6817
0.096371
0.23051
0.52473
1.2849
0.17306
0.097007
0.098267
0.72359
0.97836
0.11203
0.16826
0.12334
0.30407
0.20441
0.093499
0.63755
1.1227
0.12308
1.0033
0.56783
0.58065
0.21717
0.71691
0.086156
0.13514
1.1298
0.09253
0.33655
0.86105
0.8824
0.36811
0.11218
0.32404
0.24063
0.88988
1.1324
0.55925
0.17043
0.56679
0.131
0.70727
0.093307
0.16073
0.94309
0.53373
0.19183
0.10463
1.2572
0.30523
0.11335
0.37485
0.51082
0.47464
0.65028
0.59103
0.17931
0.331
0.11259
0.096895
0.18544
0.63894
1.6263
0.091648
0.19383
0.34242
0.49076
0.80498
0.33163
0.10556
0.2936
0.94759
0.12914
0.4445
0.17966
0.59142
0.09116
1.3526
0.42011
0.15151
0.274
0.10427
0.13535
0.0892
0.069219
0.254
0.093369
0.15174
0.16642
0.81587
0.30689
0.070902
0.069174
0.17804
0.38334
0.13808
1.7405
0.46933
0.4636
0.46858
0.11085
0.14536
0.74409
1.0511
0.33475
0.095134
0.73013
0.17065
0.35259
1.2497
0.70135
0.10244
0.33743
0.65871
0.21392
0.92268
0.43566
0.42968
0.11723
0.44972
1.1068
0.17508
0.38301
0.22446
0.91755
0.086206
0.13025
0.18036
0.15677
0.45077
0.14277
0.85746
0.11377
0.20017
0.17485
0.8919
0.13705
0.10556
0.14807
1.0992
0.1741
0.33233
0.90548
0.11283
0.54191
0.13395
0.15432
0.13781
0.21505
0.11107
0.42615
1.1715
0.74904
0.43161
0.097149
0.11792
0.20706
0.20226
0.38227
0.74442
0.15483
0.44575
0.12941
0.11207
0.53569
0.17993
0.54658
0.2362
0.51484
0.11167
0.88055
0.077397
0.85791
0.33284
0.65852
0.53115
0.098218
0.68209
0.60475
0.34839
0.20504
0.50928
0.36003
0.28684
0.27206
0.33294
0.066185
0.38166
0.18033
0.19784
0.14483
0.4909
0.25712
0.11735
0.21675
0.20106
0.22173
0.64115
0.22822
0.40109
0.081968
0.44481
0.47698
0.13098
0.30256
0.23733
0.25181
0.79644
0.11265
0.085348
0.10451
0.12187
0.20349
0.74523
0.62364
0.63746
0.29656
1.0576
0.67254
0.98445
0.13642
0.41769
0.67392
0.081846
0.31303
0.38019
0.104
1.1974
0.22215
0.087537
0.23845
0.82405
0.12298
0.23581
0.27298
0.13448
0.41119
0.63137
0.13234
0.12545
0.21692
0.23396
0.096123
0.14145
0.80182
0.47973
0.18241
0.80223
0.24131
1.4311
0.18514
1.0014
0.10624
0.2439
0.77438
0.15743
0.4756
1.1832
0.10978
0.18778
0.43003
0.24774
0.37615
0.08654
0.56659
0.2502
0.25696
0.7115
0.18933
0.13186
0.09807
0.15821
0.15179
0.46199
0.18932
0.15282
0.17307
0.09085
0.095457
0.80556
0.542
0.10684
0.26397
0.68298
0.74084
0.32478
0.27232
0.07023
0.28573
0.3565
0.11749
0.23604
0.16858
0.078212
0.71455
1.073
0.11899
0.17623
0.72631
0.63378
0.9809
0.91279
1.1592
0.099778
0.17216
0.92946
0.35564
0.93718
0.15667
1.4285
0.67843
0.12216
0.97864
1.2012
1.1222
0.98246
0.33669
0.4246
0.20949
0.31002
0.17801
0.22414
0.71716
0.15021
0.67411
0.4104
0.84457
0.087366
0.18493
0.37293
0.97341
0.10972
0.7805
0.95792
0.28978
0.35317
0.21316
0.61396
0.4974
0.11371
0.075772
0.26146
0.46128
0.12903
0.12009
0.63255
0.093215
1.0629
1.2971
0.1644
0.10121
0.18841
0.1986
0.32095
0.073102
0.13054
0.51405
1.5796
0.18193
0.055821
0.076898
1.0459
1.3093
0.33595
0.14362
0.45946
0.35299
0.45212
0.26343
0.12627
0.38665
0.38499
0.91093
0.096973
0.65131
0.85736
1.0503
0.1307
0.87035
0.38414
0.33895
0.35053
0.71152
0.1545
0.3197
0.40792
0.66756
0.44171
0.24996
0.16602
0.086136
0.15707
0.15547
0.23139
0.078593
0.083131
0.16338
0.093357
0.17353
0.16452
0.14114
0.17311
1.1876
0.22647
0.15551
0.068928
0.6322
0.1735
0.083315
0.070074
0.2361
0.089452
0.24702
1.1501
0.086399
0.30484
1.2368
0.38756
0.64543
0.52823
0.52495
0.20616
0.19049
0.074625
1.2962
0.58331
0.30327
0.63368
0.25838
0.12166
0.098861
0.16277
0.36681
0.13612
0.26262
1.0119
0.14122
1.1039
0.1522
0.57616
0.081714
0.21112
0.30265
1.1759
0.17316
0.50385
0.10265
0.088957
0.10774
0.098294
0.12754
0.33225
0.089095
0.10347
0.10394
0.07304
0.22467
0.60716
0.37975
0.097873
0.066133
0.33744
0.56957
0.59928
0.19879
0.16971
0.81007
0.83035
0.14956
0.076238
0.28313
0.24628
0.092878
0.18764
0.71662
0.52415
0.11222
0.72272
0.31108
0.94112
0.18389
0.15234
0.10659
0.16647
0.18604
0.088369
0.39721
0.38838
0.11771
0.85155
0.086034
0.36317
0.35198
0.20405
0.23053
0.17667
0.31889
0.2804
0.51603
0.23773
0.65994
0.13774
1.2034
0.39902
0.25022
0.32195
0.12429
0.099206
0.28341
0.37515
0.11506
0.084696
0.10742
0.17481
0.45948
0.99348
0.19105
0.46356
0.92239
0.17809
0.20892
0.54741
0.35105
0.42746
0.084169
0.094752
0.47818
0.1821
1.301
0.72452
0.20848
0.090503
0.39033
0.086186
0.10072
0.77091
1.139
0.39937
0.30095
0.11374
0.19024
0.45786
0.10026
0.83094
0.74699
0.44533
0.73807
0.289
0.58742
0.2155
1.0929
0.23959
0.30528
0.11309
0.37753
0.18874
1.0104
0.4596
0.31318
0.11773
0.30128
0.80471
0.15288
1.3106
0.26912
0.86049
1.3671
0.27885
0.30075
1.075
0.11116
0.46935
0.13891
0.19922
1.1321
0.18773
0.25235
0.095632
0.4335
0.21811
0.2554
0.064403
0.95481
0.10308
0.15638
0.16304
0.09838
0.50989
0.9035
0.27935
0.21434
0.076166
0.27132
0.20109
0.28583
0.71552
0.15022
0.54977
0.25177
0.57838
0.15885
0.14218
0.27252
0.14886
0.7559
0.093935
0.23826
0.5607
0.10462
0.84559
1.0145
0.3359
0.9423
0.74294
0.14907
0.98557
0.10179
0.13098
0.11827
0.69207
0.16123
0.1703
0.46925
0.12758
0.095246
0.11064
0.80197
0.25012
0.39793
0.17903
0.07529
0.37222
0.041879
0.20512
0.15316
0.59464
0.087203
0.31784
0.10866
0.75583
0.080876
0.30297
0.38517
0.45441
0.37918
0.14929
0.50774
1.0766
0.11438
1.2819
0.67941
0.71462
0.69596
0.16668
0.086752
0.43678
0.28783
0.11053
1.6524
0.10398
0.37604
0.32248
0.10675
0.9307
0.30539
0.23989
0.082472
0.74984
0.068738
0.36254
0.63426
0.31697
0.096784
0.88794
0.91625
0.24374
0.19782
0.81834
0.10962
0.36576
1.2892
0.35719
1.0062
0.15997
0.62911
0.10626
0.21227
1.1943
0.099407
0.27603
0.37958
0.15739
0.13513
0.1484
0.11718
0.30706
0.11094
0.26943
0.075223
0.42525
0.5385
1.093
0.088705
0.15723
1.1261
0.90049
0.30792
0.2323
0.13669
0.24721
0.7397
0.25306
0.2309
0.13381
0.95937
0.19782
0.33024
0.090062
0.47395
1.1215
1.0479
0.19971
0.2798
1.2857
0.23222
0.47485
0.15331
0.15498
0.65228
0.3708
0.63122
0.75376
0.11744
0.8142
0.11823
0.90373
0.45334
0.27265
0.82807
0.78566
0.53113
0.11755
0.15066
0.38453
0.1366
0.41151
1.1431
0.35353
0.23572
0.83829
0.19981
0.71828
0.65755
0.37367
0.12645
1.1485
0.18703
0.88692
0.23424
0.67985
0.2229
0.13408
1.0828
1.3165
0.12756
0.2982
0.83452
0.10273
1.012
0.25452
0.11732
0.24729
0.66407
0.32788
0.10244
1.1723
0.75446
1.1233
0.42702
0.26663
0.31017
0.16043
0.56885
0.10196
0.32313
0.17117
0.25162
1.0338
1.1672
0.098498
0.10706
0.52821
0.38728
0.082096
0.16597
0.085999
0.36633
0.74712
1.2671
0.28584
0.1824
0.4795
0.38754
0.50377
0.6073
0.077899
0.1489
0.63815
0.38464
0.24793
0.084756
0.14183
0.078871
0.31678
0.1677
0.46937
0.29993
0.14161
0.093157
0.092941
0.12677
0.65361
0.54929
0.24268
0.094989
0.10869
0.86443
0.080135
0.11785
0.47491
1.1497
0.07941
0.39503
0.97029
0.85748
1.2403
0.34832
0.39513
0.45914
0.41348
0.54453
0.13127
1.1469
0.34491
0.13014
0.080911
1.0878
0.13992
0.36897
1.2759
0.94693
0.22044
0.29426
0.66736
0.13177
0.60319
0.48649
0.32526
0.10652
1.1681
0.41578
0.099206
0.64349
0.44239
0.14767
0.67329
1.017
0.10484
0.71951
0.39544
0.53803
0.13412
0.66913
0.19675
0.23566
0.112
0.1633
1.1192
0.37931
0.26612
0.38687
0.087894
0.46917
0.81749
0.071874
0.64352
0.73257
0.090471
0.6573
0.6049
0.082685
0.98153
0.11915
0.20916
0.094806
0.61525
0.5403
0.078984
0.87173
0.54036
0.67269
0.50893
0.13282
0.15822
0.092738
0.11032
0.99125
0.133
0.30609
0.13512
1.04
0.65743
1.1751
0.19772
0.14892
0.12603
0.095745
0.074278
0.6056
0.21214
1.2775
0.096265
0.83097
0.22679
0.81092
0.57803
0.24299
0.35173
0.79933
0.27283
0.10919
0.22562
1.1062
0.092493
0.11285
0.13904
0.080663
0.37037
0.10217
0.087042
0.17236
0.11603
0.21138
0.47591
0.3297
0.071011
0.082102
0.26465
0.32693
0.092599
0.1493
0.17894
0.93669
1.2576
0.34226
0.18593
0.34049
0.23014
0.59435
0.2032
0.29388
1.0367
0.12898
0.76842
1.13
0.84538
0.49447
0.25988
0.89016
1.0356
0.14919
0.33113
0.089877
0.14296
0.4727
0.26731
0.33011
1.2414
0.0877
0.12733
0.15594
0.60095
0.079743
0.31638
0.16015
1.0553
0.21449
1.2373
0.063113
0.69976
0.49091
0.82082
0.16204
0.16821
1.1881
0.18686
0.11582
0.15215
0.15469
0.29137
0.97278
1.261
0.41549
0.54325
0.41504
0.66901
1.4022
0.8861
0.90061
0.56123
0.45311
1.1665
0.15952
0.40423
0.57595
0.089607
0.12307
0.34922
1.1829
0.12895
0.45982
0.1788
0.076497
0.17963
0.53671
0.43698
0.12699
0.17083
0.15044
0.069164
0.52848
0.3488
0.24709
1.1971
1.0148
0.10833
1.2714
0.13247
0.6044
0.098832
0.83523
0.33956
0.74001
0.14189
0.18525
0.094502
0.21263
0.15216
0.21448
0.107
0.081566
0.080841
0.70305
0.8989
0.28387
0.14636
0.15819
0.3892
0.088102
0.1342
0.92821
0.18762
0.25847
0.13577
0.2536
0.4648
0.14001
0.32744
0.40887
0.10577
0.18252
1.6022
0.4347
1.3249
1.1448
0.10066
0.42408
0.091826
1.3863
0.49567
0.32141
0.11661
0.65991
0.6973
0.75396
0.76158
0.79827
1.0979
0.21631
0.26593
0.089738
1.085
0.18887
0.14932
0.15476
0.21964
0.072763
0.34423
0.82165
0.97853
0.53046
0.51128
0.85242
0.10496
0.18351
0.13813
0.19799
0.70679
0.43466
0.56458
1.0176
0.33229
0.13081
0.73683
0.081999
0.18743
0.30364
0.2535
0.11941
0.26758
1.0433
0.10073
0.15148
0.14815
0.23505
0.82616
0.12584
0.69633
0.56799
0.4818
0.26214
0.15334
0.97328
0.6262
0.95164
0.41368
0.85196
0.30625
1.0627
0.30827
0.46037
0.53326
0.71731
1.3627
0.31001
0.14656
0.07461
1.052
0.22469
0.51394
1.2661
0.86363
0.093635
0.14717
0.53669
0.32307
0.88537
0.13312
0.087995
0.43466
0.19001
0.51555
0.073421
0.13432
0.22405
0.14641
0.98191
0.87233
0.083646
1.0285
0.089243
0.062732
0.47367
1.5101
0.16713
0.66406
0.82988
0.074728
0.21371
0.18223
0.15578
1.1188
0.28205
1.2535
1.0485
0.26299
0.15731
0.14401
0.096399
0.20072
0.14561
0.53965
0.10882
1.2336
0.39845
0.1945
0.3861
0.12586
0.14278
0.14127
0.90416
0.35783
0.51821
1.1947
0.070135
0.6408
0.32682
1.1215
0.0959
0.4607
1.172
0.61222
1.55
0.18356
0.076124
0.064881
0.44511
0.47035
0.13716
1.0051
0.26691
0.17393
0.073645
0.58153
1.3085
0.16472
1.1088
0.3045
0.082319
0.086455
0.11949
0.38578
0.17538
0.8418
0.84608
1.4343
0.18263
0.23027
0.55956
0.93472
0.8455
0.20234
0.13058
0.30849
1.1329
0.78064
0.76448
0.10772
0.43165
0.20062
0.52342
1.3096
0.18439
0.36532
0.63101
0.12058
0.57373
0.29056
0.24936
0.71376
0.1271
0.35783
0.16463
0.2235
0.14983
0.37369
0.44028
0.089223
0.17487
1.1341
0.11996
1.0101
0.099207
1.1694
0.3532
0.66488
0.51913
0.064666
0.14896
0.19365
0.1059
1.2435
0.11091
0.76041
0.43273
0.45235
0.065906
0.098387
0.18671
0.092558
0.13724
0.19006
0.29015
0.13422
0.092705
0.11137
0.086272
0.074673
0.21308
0.10059
0.51247
1.0452
0.083122
0.48839
0.72335
1.1699
0.068384
0.23526
0.19183
0.10249
0.13582
0.29561
0.47176
0.42297
0.34813
0.17599
0.51566
0.094441
0.47456
0.21393
0.094017
0.33142
0.70367
0.44803
0.41615
0.16281
0.14262
0.43788
1.0164
0.46914
0.11212
0.24531
1.719
0.1837
0.1238
0.24643
0.093893
0.40164
0.294
0.51265
0.59239
0.85807
0.40404
0.19715
0.50684
0.141
0.28369
0.5711
0.67632
0.23985
0.15277
0.30535
0.10894
0.066992
1.021
1.0655
0.12379
0.60272
0.083369
0.87514
0.25291
0.42329
0.66565
0.12423
0.21777
0.33778
0.12728
0.10064
0.17029
0.14498
1.0187
0.71349
1.2436
0.09773
1.1444
0.73019
0.40519
0.33361
0.20954
0.15175
1.5333
0.60021
0.31285
0.10897
1.2796
0.39252
0.77395
0.32866
0.25096
1.2897
0.41866
0.13495
0.1338
0.10569
0.14514
0.77553
0.17577
1.7499
1.5157
0.36654
0.11846
0.18757
0.423
0.11416
0.074637
0.31431
0.58913
0.087894
1.142
0.12864
0.28753
0.69311
0.15107
0.35042
0.26292
1.1328
0.32345
0.3289
0.76918
0.067359
0.3489
0.34224
1.1823
0.095042
0.28508
0.090831
0.7484
0.52745
0.072313
0.12951
0.55052
0.080202
1.1083
0.14587
0.27615
1.0069
0.1863
0.49044
0.12988
0.29481
0.1372
1.0518
0.10388
0.19648
0.47098
0.26723
0.83664
0.27081
0.35801
1.1759
0.13728
0.43251
1.1987
0.20541
0.26898
0.073229
0.13981
0.25473
0.20126
0.096911
0.16342
0.33876
0.28463
0.06766
0.24049
0.75248
0.59889
0.15646
0.23341
1.0683
0.072232
1.4379
0.098164
0.99349
0.31377
0.1235
0.36241
0.094589
0.13589
0.54171
0.52018
0.14437
0.26841
0.97368
0.49301
0.18356
1.2256
0.2266
0.19142
0.17276
0.14032
0.41503
0.29918
0.57342
0.10738
0.12293
0.18757
0.1229
0.68043
1.083
0.84108
0.12849
0.34111
0.21333
1.0239
0.45509
0.082156
1.1414
0.32046
0.080657
0.326
0.22281
0.33796
0.32777
0.97992
0.10796
0.8685
0.20858
0.073159
0.90876
0.73721
0.23925
0.2318
0.13213
1.1761
0.45172
1.1561
0.079758
0.16291
1.6779
0.73613
0.10378
0.11729
0.42668
0.10924
0.47111
1.0723
1.0465
0.10063
0.2124
0.12703
0.53801
0.20704
1.0777
0.21345
0.49598
0.56597
1.0864
0.39499
0.96666
0.20884
0.080831
1.1726
0.44583
0.29217
1.0486
0.25779
0.72516
0.085345
0.21572
0.29933
0.17966
0.57636
0.12486
0.37265
0.6856
0.22543
0.7635
0.27612
0.15138
0.10184
0.13344
0.35516
0.52917
0.46293
0.08469
0.39801
0.063405
0.33954
0.052168
0.54012
0.29083
0.62199
0.44731
0.75264
0.13216
0.92403
0.30225
0.27308
0.39509
0.46717
0.095702
0.57316
0.50158
0.17864
1.1586
0.63992
0.30004
0.43459
1.1036
0.20049
0.51293
0.394
0.1474
0.33871
0.53077
0.20624
0.22294
0.11805
0.41364
0.84765
1.1
0.94576
0.71913
0.37581
0.41222
0.12676
0.094165
0.11912
0.32451
0.14108
1.0251
0.33723
0.92226
0.19714
0.3483
0.11046
0.064102
0.42775
0.94619
0.97709
0.12437
0.13686
0.18056
0.94379
0.15681
1.0386
0.55627
1.105
0.1627
1.3051
0.21351
0.5241
0.69689
0.11106
0.28936
0.268
0.16468
0.10968
0.33078
0.57874
0.57158
0.84032
0.1431
0.33966
0.21701
0.27944
0.15367
0.13625
0.19112
0.29793
0.21665
0.085529
0.8236
0.2195
0.79881
0.27186
1.0606
0.06498
0.86095
0.6845
0.19342
0.15876
1.303
0.53349
0.38699
0.08952
0.095251
0.18821
0.11742
1.2433
0.68681
0.19206
0.12845
0.26561
0.16049
0.29385
0.12525
0.078309
0.13009
0.11014
0.22597
1.1015
0.17802
1.0536
0.89855
0.64198
0.21889
0.29407
0.18971
0.079471
0.6186
0.62512
0.24056
1.1514
0.94
0.32728
0.22137
0.81323
0.45547
0.18753
0.2963
0.3126
0.40999
0.18752
1.139
0.088745
0.53886
0.81944
0.38018
1.0766
0.14196
0.20254
0.60497
0.066076
0.29319
0.19824
1.0073
0.18274
0.32491
0.72669
0.12007
0.66605
0.12417
0.44723
0.081296
0.14121
1.1315
0.18255
0.10117
0.098655
0.17433
0.11644
0.11461
0.14373
0.14851
0.27357
0.13437
0.67136
0.27053
0.56178
0.10217
0.60901
0.15714
0.17771
0.45356
0.18706
1.1072
0.17147
1.1914
0.43649
0.58984
0.10428
0.20337
0.33672
0.36807
0.42618
0.79537
0.27091
0.64027
0.59044
0.16387
0.26557
1.0271
0.49296
0.6279
0.60861
0.85833
0.1948
0.087565
0.30345
1.3123
0.48932
0.15107
0.63801
0.09666
0.083836
1.0488
0.12746
0.076024
0.088818
0.08011
0.61702
0.237
0.57763
1.1558
0.92142
0.11671
0.21757
0.86846
0.095406
0.30374
0.4386
0.19321
1.1135
1.0438
0.22443
0.45411
0.13938
0.086223
0.19761
0.97477
0.11167
0.24013
0.20234
0.57497
1.1551
0.83211
0.91
0.37032
0.63505
0.20201
0.094836
0.1559
0.23639
0.55888
0.18004
0.76651
0.27788
0.86432
0.6787
0.26702
0.15706
0.078311
0.15317
1.0008
0.056724
0.088162
1.0461
0.17855
0.46554
0.43314
0.11821
0.067438
0.20498
0.14963
0.20386
0.54562
0.12404
0.59718
0.3561
0.13323
0.67711
0.13795
0.34105
0.093015
0.24936
1.0774
0.31081
0.13301
0.14849
0.32164
0.52769
0.40758
0.69598
0.47323
0.10899
0.9505
0.19288
0.15589
0.12056
0.59788
0.59037
0.33224
0.61423
0.56372
0.081056
0.10765
0.1324
0.16674
0.90857
0.14154
0.18411
0.11828
0.21745
0.1228
0.96291
0.28266
0.12501
0.15085
0.97277
0.46104
0.11223
1.0647
0.088272
0.82445
0.34677
1.2011
0.29528
0.19063
1.1604
0.49577
0.18142
0.74346
1.3063
1.1285
0.16243
0.094699
0.11019
0.1108
0.14586
1.0265
0.12929
0.41718
0.16251
1.0431
0.078154
0.24354
0.16373
0.84116
0.14758
0.11386
0.23067
0.12023
0.42901
1.0506
0.12227
0.56701
0.21371
0.076113
0.67651
0.068943
0.14657
0.45988
1.128
0.52637
0.21421
0.12057
0.85323
0.24101
0.67811
0.19189
0.27966
1.1448
0.25258
1.0426
0.26936
0.83928
0.21623
0.29043
1.218
0.86968
0.32138
0.33727
0.53856
0.42623
0.19319
0.70025
0.12958
0.4888
0.074495
0.071987
0.46667
0.10204
0.53004
0.12959
0.28067
0.21925
0.37156
0.076961
0.26025
1.4002
0.81306
0.55606
0.073427
0.17374
1.2472
0.46242
0.10626
0.15169
1.1206
0.44389
0.26356
1.3004
0.19714
0.084797
0.2388
0.3304
0.26173
0.091666
0.56211
0.78047
1.252
0.45448
1.1141
0.53476
0.91027
0.097971
0.15907
0.29388
0.10469
0.21209
0.095395
0.23076
0.15901
0.36936
0.5033
0.11057
0.6527
0.16269
0.14012
1.0342
0.06915
1.462
0.44772
0.16465
0.90941
0.67633
0.1031
0.54708
1.2224
0.29022
0.092415
0.23651
0.15218
1.1169
0.73587
0.58382
0.30709
0.37494
0.10425
0.116
0.21948
0.61016
0.31887
0.080028
1.1887
0.86022
0.92293
0.70374
0.37542
0.11971
0.62913
1.3278
0.87926
0.48497
1.0377
0.32636
0.96545
1.2429
0.47487
0.16113
0.37723
0.13502
0.28926
0.25932
0.13742
0.071326
0.2105
0.43514
0.76182
0.7865
0.24439
0.17249
0.07304
0.64246
0.28568
0.1017
0.17125
0.6723
1.0759
0.076994
0.44914
0.072778
0.16871
0.96114
0.51517
1.1092
0.57552
0.095984
0.219
0.20865
0.074098
0.1012
0.16065
0.39249
0.13124
0.15249
0.14562
0.3085
0.20389
0.9625
0.086164
0.11645
0.30184
0.71611
0.6978
0.29115
0.41571
0.71778
0.4514
0.37369
0.08589
0.67105
0.21961
0.56794
0.36131
0.20157
0.087755
0.9362
0.92105
0.40206
0.12953
0.35805
0.14212
0.16766
0.46479
0.41782
0.10694
1.052
0.18218
0.3919
0.25283
0.76657
0.11045
0.15069
0.15034
0.66677
1.0611
0.2825
0.19433
0.14536
0.12232
0.1872
0.16552
0.76183
0.19811
0.55683
0.14147
0.87993
1.6091
0.67829
0.34155
0.068982
0.11199
0.34855
0.37911
0.31487
0.40142
0.1668
0.43467
0.074822
0.12076
0.16746
0.44653
0.22148
0.19974
0.095208
0.25586
0.92634
0.52623
1.4238
0.53039
1.039
0.40941
0.41089
0.17137
0.37183
0.16248
1.0618
0.81876
0.2333
0.14362
0.59164
0.095934
0.35767
0.097872
1.2358
0.11499
0.85866
0.98132
0.14212
0.35473
0.10744
0.32566
0.17429
0.48029
0.38988
0.90011
0.14679
0.54187
0.11891
1.2194
0.098246
0.17352
0.56993
0.13163
0.25098
0.074188
0.46119
0.13401
0.20604
1.1387
0.15014
0.12421
0.22503
0.26559
0.61616
1.5823
0.11738
0.4209
0.071642
1.1843
0.86496
1.0224
0.24611
0.12557
0.40619
1.0158
1.2142
0.16695
0.096177
0.5353
0.13913
0.17127
0.16229
0.24025
0.19111
0.42454
0.30873
0.96477
0.98577
1.0659
0.19843
0.097726
0.14059
0.22685
0.51017
0.090947
0.20799
1.104
0.84539
0.83833
0.22118
0.10343
0.17396
0.067217
0.38649
0.52178
0.10735
0.172
0.11093
0.37386
0.073145
0.48406
0.1686
0.41969
0.086104
0.45093
0.90061
0.13146
0.42501
0.12507
1.0218
1.0137
0.16494
0.69573
0.12812
0.1166
0.38158
0.25899
0.95302
0.233
0.45009
0.34698
0.93391
0.072612
1.1763
0.20926
0.6143
0.11692
0.22007
0.29438
0.09852
0.085038
0.083004
0.31429
0.41656
0.1502
0.1449
0.12748
0.15953
1.0102
0.085727
0.1209
0.45196
0.17803
0.68517
0.21453
0.25287
0.32022
0.33457
1.1306
1.2693
0.18861
0.12819
0.99943
0.48931
0.31457
0.080373
0.56662
0.37582
0.43704
0.50929
0.13049
0.095231
0.088729
0.74563
0.16839
0.91081
1.187
1.0026
0.2199
0.21756
0.47401
0.0725
0.74583
0.1576
0.19375
0.080224
0.14382
0.4169
0.19584
0.35369
0.0916
0.13465
0.79957
0.4298
1.1706
1.1027
0.45539
0.12969
0.20252
0.26582
0.32144
0.17738
0.30773
0.28031
0.092846
0.077763
1.15
0.094117
0.64855
0.22492
0.37056
1.1037
0.12504
0.073605
0.19057
0.13575
0.089472
0.10292
1.209
0.069638
0.2059
0.90063
0.17435
0.81406
0.15407
0.18741
0.12586
0.32853
1.3066
0.07441
0.15478
1.1498
1.1999
0.1979
0.52468
0.43404
1.1126
0.23825
0.16401
0.075096
0.17769
0.22247
0.41294
0.065647
0.15849
0.27728
0.7981
1.1605
0.13837
0.25098
0.3928
0.39293
0.78302
0.1546
0.12113
0.14427
0.24967
0.39013
0.11817
0.21112
0.27235
0.95721
0.25345
1.2132
1.3328
0.17217
0.9281
0.88567
0.65153
0.17477
0.39241
0.51227
0.17087
0.69624
0.54864
0.81773
1.0723
0.16821
0.092848
0.25665
0.29941
0.33338
0.69163
0.1488
0.11881
0.2153
1.3996
0.080914
0.10071
0.76724
0.19965
0.41719
0.18069
0.7326
0.2521
0.14582
0.23793
0.65278
0.062751
0.28038
0.1512
0.28142
0.80147
0.13695
0.15623
0.76686
1.2469
0.08248
0.9826
0.20835
0.075706
0.2611
0.12403
0.87627
0.14427
0.13615
0.3453
1.0161
0.25208
0.07101
1.2056
0.157
0.12484
0.42579
0.44305
1.0236
0.1299
1.177
0.17393
0.096056
0.36903
0.67999
0.097464
0.15461
0.51353
0.37313
1.2065
0.15338
1.0323
1.3213
1.192
1.1921
0.37668
0.67668
0.24498
0.21346
0.13714
0.089441
0.11872
0.16544
0.37052
0.18209
0.11691
0.18828
0.14047
1.1913
0.40473
0.24166
0.33676
0.30111
0.10048
0.60571
0.7557
0.15664
0.27017
0.49921
0.13221
0.91383
0.36713
0.70669
0.214
0.22965
0.41903
0.13412
1.0452
0.28395
0.96519
0.2299
0.10037
0.062158
0.10318
0.39132
0.10082
1.0552
0.3229
0.085001
0.10284
0.46128
0.12339
0.12823
0.090699
0.085998
0.34236
0.68593
0.42733
0.54565
1.109
0.076526
0.96122
0.4672
0.096927
0.12644
0.82133
0.34996
1.228
0.35345
0.060054
0.13595
0.14789
0.20721
0.19769
0.27567
0.39042
0.70193
1.1478
0.22119
0.093382
0.22756
0.24839
0.77989
0.14057
1.6059
0.54269
0.69026
0.17434
1.3434
0.80549
0.12135
1.2152
0.13324
1.0261
0.32558
0.12366
0.26484
0.12982
1.1157
1.0651
0.68751
0.87503
0.12467
0.28733
0.18494
0.086298
0.63762
0.55812
0.75474
0.16499
1.2053
0.11922
0.33328
0.41043
0.13611
0.75388
0.093747
0.095535
0.13118
0.46419
0.43861
1.601
0.19223
0.30986
0.11993
0.31273
0.7333
0.82239
0.4594
0.15561
0.18903
0.33149
0.20947
0.17729
0.31148
0.68092
1.3062
0.19423
1.3602
0.20148
0.82883
0.25163
0.16087
0.18063
0.1383
0.14668
1.1165
0.63052
0.14308
0.2178
0.098736
0.13763
0.34915
1.239
0.066065
0.07554
0.079252
0.17586
0.16467
0.55628
0.26989
0.56438
0.14737
0.084422
1.243
0.33921
0.22961
0.19876
1.0354
0.26649
0.16882
0.65421
0.69221
0.33518
0.076256
0.12258
0.11734
0.23173
0.10302
0.14469
0.22841
0.077343
0.13629
0.22833
0.1326
0.10621
0.083728
0.10864
0.10547
0.21601
0.47341
0.2794
0.11
0.10642
0.23546
0.65232
0.16904
0.08214
0.64623
0.44801
0.085148
0.49599
0.9395
0.70663
0.30309
0.069633
1.1397
0.57404
0.083179
0.26847
0.092324
0.79612
1.1205
0.079847
0.12665
0.09947
0.18736
0.40537
0.2963
0.36297
0.54298
0.85369
0.48836
1.0069
0.10673
0.19371
0.22452
0.70906
0.40408
0.41497
0.92197
1.1304
0.51566
0.085262
0.26683
1.5612
0.24431
0.1056
0.44318
0.17926
0.074713
1.1039
0.26308
0.12232
0.65244
1.1167
0.29674
0.097375
0.11754
0.25596
0.64628
0.099361
0.59021
0.26026
0.78044
0.13702
0.68331
0.18885
0.16231
0.13754
0.21698
0.082299
0.11957
0.10132
0.16141
1.3633
0.71858
0.085275
0.31995
0.14627
0.2379
0.23301
0.31566
0.56448
0.18738
1.2237
0.97057
1.1207
0.27105
0.099668
0.5717
0.33599
1.0823
0.20499
0.074469
1.2161
0.30257
0.16727
0.29857
1.0263
0.61746
0.15375
0.12866
0.43896
1.0913
0.25183
0.2648
0.31009
0.49794
0.17465
1.0281
0.097406
0.59709
0.13588
0.23745
0.14725
0.22667
0.2572
0.57414
0.28503
0.25122
1.0242
0.80133
0.28568
1.2051
0.75626
0.26317
0.40549
0.48165
0.31551
0.14732
0.1502
0.062276
1.0263
0.21999
1.3091
0.11732
0.30582
0.20283
0.22329
1.1075
1.2011
0.71961
0.12787
0.11545
1.0297
0.22406
0.76721
0.20067
1.2989
0.3429
0.24518
0.11467
0.14587
0.52282
0.27436
1.1272
0.10353
0.73731
0.10562
0.79828
0.19483
0.11023
0.33337
0.24309
0.078941
0.072991
0.87258
0.10588
0.083315
0.25991
0.08199
0.11867
0.22124
0.16338
0.29103
0.42067
0.12226
0.19935
0.11449
1.0934
0.22805
1.0244
0.66915
0.10303
0.81666
0.22992
0.97594
0.73271
0.15644
0.66432
0.091807
0.1985
0.077365
0.099346
0.12547
1.1654
0.18556
0.18984
1.0702
0.28518
0.08776
0.80876
0.29935
0.12195
0.11251
0.54894
0.071603
0.90932
0.21629
0.54553
0.85584
0.35046
0.98435
0.54799
0.20547
0.40462
1.0494
0.97266
0.34363
0.22078
0.079387
1.107
0.98301
0.25827
0.1045
0.10582
1.0936
0.12712
0.31763
0.50741
0.20294
0.17295
0.29493
1.0166
0.67202
0.40993
0.40135
0.22353
0.14005
0.67159
0.13964
0.28782
1.105
0.19963
0.30753
0.10205
0.60615
0.69062
0.35156
0.11143
0.14498
0.13452
1.2238
0.14128
0.65156
0.10855
0.56806
0.22529
0.60735
0.13641
0.34971
0.3291
0.097352
0.57253
1.1386
0.34035
0.31133
0.21196
0.47016
0.16613
0.15827
0.060747
0.09277
0.36083
1.1456
0.61088
0.14385
0.065796
0.13532
0.081715
0.83646
0.46479
0.20656
0.094971
0.12245
0.13825
0.23018
1.3075
0.16663
0.58967
0.17955
0.1101
0.21958
0.1821
0.087711
0.09242
0.20776
0.22117
0.45861
0.77298
0.068602
0.36994
0.98777
0.23864
0.13437
0.2814
1.4396
0.27847
0.093995
0.14007
1.0974
0.1448
0.1183
0.082907
1.1465
0.69838
0.26642
0.63056
0.6343
0.13449
0.10233
0.44535
0.1756
0.16448
1.5502
0.75635
0.81339
0.82976
0.083563
0.24678
0.57129
1.0834
1.0445
0.10822
0.71803
0.24304
0.45786
0.10016
0.15352
1.0095
0.095708
0.14759
1.0948
0.10913
1.5369
0.5015
0.64859
0.9584
0.14402
0.23423
1.0044
0.50323
0.49475
0.12531
0.2266
0.4307
0.48333
0.16143
0.92057
0.15643
0.077619
0.18086
1.0763
0.13081
0.058509
0.14446
0.11394
0.14322
0.10425
0.22886
0.32042
0.85048
1.3629
0.33453
0.17371
1.1946
1.2119
0.22595
0.070197
0.57088
0.24871
0.21379
0.19217
0.60778
0.56628
0.4489
0.61815
1.0395
0.36685
0.59667
0.67046
0.96271
0.20662
0.15093
0.081902
0.10089
0.52948
1.1587
1.3071
0.24172
0.21119
0.79347
1.0956
0.2389
0.12205
0.21271
1.3421
1.1547
0.065864
0.45285
0.17311
0.17808
1.144
0.13439
0.17766
1.1457
0.07429
0.57094
0.16434
1.0981
0.13791
0.33526
1.2889
0.48424
0.38423
0.14375
0.126
0.15308
1.0446
0.1699
0.062594
0.096214
0.26782
0.19674
0.064101
0.10478
0.16576
0.76976
0.58125
0.28009
0.36012
0.1709
0.061982
1.0021
0.75196
0.089505
0.35061
1.1968
0.30068
0.33066
0.30864
0.16705
0.40471
0.14799
0.94504
0.11055
0.095541
0.094495
0.29275
1.0337
0.12364
0.45003
0.12344
0.34041
0.73164
0.19239
0.18016
0.21736
0.16105
0.7488
0.12834
1.0701
0.19926
0.26197
0.40296
0.64304
0.17563
0.64284
0.10881
0.20948
0.33826
0.63451
0.16858
0.07123
0.52265
0.17604
0.19012
0.097084
0.63674
0.53511
0.19185
0.20264
0.07218
0.19879
0.30915
1.1078
0.3731
0.46766
1.3135
0.13542
0.076737
0.28498
0.16596
0.10926
0.058821
0.61402
0.10576
0.14839
1.1546
0.11567
0.21174
0.10535
0.17288
0.14805
0.39614
0.20262
0.070747
0.56744
1.066
0.097178
0.14862
0.081537
1.0047
0.28588
0.65528
0.29379
0.39383
0.62129
1.6653
0.13195
0.49317
0.09521
0.50704
0.12254
0.11213
0.90153
0.18705
0.23059
0.27676
0.1647
0.78686
0.31848
0.14353
0.1329
0.16213
0.64539
0.79826
0.1016
0.18291
0.069345
0.44671
1.2959
0.33051
1.255
0.064234
1.1926
0.071744
0.12085
1.1417
0.15956
0.12812
1.231
0.37388
0.19845
0.11719
1.0334
0.22029
0.093053
1.2995
0.47341
0.18545
0.40546
0.082665
0.13296
0.47744
0.17324
0.10909
0.23097
0.38472
0.083609
0.27438
0.21664
0.2793
0.24034
0.089571
1.0234
0.2027
1.1317
0.67145
0.30087
0.1742
0.99388
0.45831
0.34354
0.10945
0.12093
0.29637
0.11791
0.51681
0.15468
0.74851
0.22963
0.17851
0.4748
0.1368
0.14629
0.14313
0.72484
0.27103
0.068468
0.1458
1.0637
0.57794
0.29429
0.22047
0.38078
0.66411
0.3897
0.69255
0.71488
0.1101
0.93164
0.56236
0.30119
1.0143
0.12197
0.093907
0.085531
0.31427
0.31489
0.44314
0.29731
0.35902
0.16312
0.087581
0.17676
0.077191
0.5641
1.2694
0.33797
0.07833
0.15702
0.98823
1.1301
0.10909
1.3143
0.26002
1.1835
0.087537
0.96691
0.67747
1.0076
0.11881
0.69702
0.1375
0.124
0.1503
0.26292
0.26342
0.20988
0.22819
1.0891
0.14725
0.82245
0.13396
0.10008
1.1289
0.099117
0.34702
0.39547
0.31073
0.23672
1.0906
0.075575
1.0513
0.50538
0.20261
0.1202
0.093734
0.088812
1.181
0.1887
0.56032
0.16516
0.16822
0.31327
1.0288
0.32692
0.8326
0.71368
0.86994
0.649
0.28397
0.65895
1.0028
0.91636
0.39918
0.15184
0.084746
0.17576
0.30669
0.5182
0.24366
0.14322
0.22773
0.092483
0.46685
0.583
0.38919
1.1446
0.41298
0.097079
0.071407
1.0548
0.22303
0.61307
0.29325
0.20232
0.22208
0.091538
0.14013
0.14754
0.37609
0.34054
0.1428
0.22204
0.85465
1.1813
0.06711
1.279
0.42163
0.12204
0.66367
1.1139
0.11054
0.76287
0.54692
0.37443
0.097362
0.073514
0.17683
0.13951
0.10106
0.073889
0.098978
0.48
0.3236
0.11505
0.098802
0.22412
0.27456
0.4417
0.16945
0.17587
0.22333
0.37847
1.411
0.20183
0.83694
1.0984
0.1723
0.30884
0.27613
0.20535
0.12838
0.36227
0.23023
0.13828
0.25083
0.2058
0.62694
0.84817
0.11714
0.91079
0.85405
0.12525
0.15296
0.87024
0.12824
0.1111
0.79279
0.34481
0.073723
0.33549
1.2574
0.15536
0.1095
0.20476
0.21983
0.71277
0.69809
0.57205
0.094746
0.2889
1.2242
0.23866
0.28154
1.1102
0.14414
0.26292
0.20008
0.2609
0.17011
0.83553
0.095953
1.4767
0.71818
0.11411
0.23399
0.085017
0.41445
0.51699
0.41655
0.10539
0.27089
0.62113
1.2756
0.48354
0.12076
0.2367
0.11175
1.3887
0.33903
0.086203
1.214
0.10427
0.11966
0.18597
0.40751
0.18791
0.35749
0.33506
0.27281
0.12817
0.69642
0.18866
0.13434
0.084362
0.19817
0.1046
0.15879
1.0382
1.073
0.08204
1.2618
1.2142
0.1502
0.089309
0.11972
0.32813
0.57048
1.0163
0.43592
0.09299
0.36107
0.1878
0.27135
0.28094
0.18602
0.34189
0.57376
0.35322
0.22746
0.18997
0.4422
0.6817
0.36613
0.75934
0.52473
0.071508
0.091987
0.097007
0.18557
1.3807
0.30117
0.11203
0.32746
1.2476
0.074118
1.6018
0.15205
0.98743
1.0599
1.0978
0.16607
0.49354
0.37274
0.091243
0.12446
0.20156
0.19731
0.29229
0.21938
0.33655
0.26713
0.8824
0.61633
1.0736
0.32404
0.30501
0.064858
1.1324
0.28129
0.10403
0.95951
0.67917
0.093275
0.093307
0.19849
1.074
0.39725
0.14184
1.1727
0.5538
0.16065
0.18202
0.278
0.26659
0.098883
0.95617
0.28985
0.27387
0.097329
0.10394
0.20671
0.077498
0.46739
0.44702
0.091648
0.19991
0.69146
0.49076
0.12333
0.10994
0.1015
0.13227
0.89912
0.12778
0.16603
0.53466
0.90066
0.90986
1.3526
0.38693
1.1004
0.274
0.11338
0.24252
0.4512
1.0743
0.31112
0.20354
0.93104
0.45965
0.10143
0.13614
0.070902
0.17596
0.12531
1.2932
0.117
0.67419
0.91459
1.0209
0.88671
0.4921
0.42124
0.71302
0.10838
0.15811
0.089406
0.17985
0.79822
0.13355
0.87614
0.25827
0.098584
0.33743
0.65871
0.34085
0.53521
0.095598
0.46988
0.27213
0.12196
0.74552
0.091761
0.59122
0.50204
0.06747
0.34769
0.12605
0.61056
1.2523
0.17991
0.4535
1.1481
1.1198
0.71828
0.11839
0.25744
0.20756
0.58299
0.43454
0.92342
0.12093
0.15638
0.30029
1.1215
0.36133
0.13395
0.20941
0.35097
1.0106
0.98756
0.14194
0.12223
0.17714
0.59291
0.35656
0.6236
0.13366
0.58993
0.8149
0.10748
0.2174
0.17831
0.8577
0.091787
0.36689
0.26094
0.12489
0.30298
0.51484
0.12131
0.88055
0.13268
0.15675
0.16064
0.062827
0.46362
0.70099
1.0513
0.46839
0.30836
1.1289
0.11023
0.68688
1.0971
0.14014
0.12959
0.19822
0.10619
0.229
1.0682
0.72621
0.066436
0.40166
0.11735
0.16131
0.82057
0.12618
0.4512
0.22822
0.18631
1.1697
0.48781
0.36315
0.074256
0.47407
0.35354
0.62373
1.1966
0.24829
0.38104
0.24133
0.12187
0.99135
0.81527
0.18483
0.24956
0.8671
0.11097
0.67254
0.15039
0.13642
0.2515
0.67392
0.34468
0.19144
0.57748
0.11421
0.52185
1.044
0.11214
0.68208
0.28243
0.1287
0.12436
0.30385
0.32826
0.54694
0.13263
0.87021
0.27315
1.1844
0.23981
0.53421
0.15607
0.31497
0.26078
0.18241
0.056297
0.16038
0.327
0.43481
0.16465
0.21499
0.2439
0.18523
0.15305
0.4756
0.47153
1.0866
0.2583
0.95446
0.086799
0.94303
0.24771
0.59368
0.20099
0.12068
0.44574
0.08329
0.28626
0.16848
0.30218
0.42834
0.4247
0.23235
0.53099
0.82652
0.16573
1.0461
0.32528
0.1719
0.23265
0.91198
0.09211
0.66746
0.24842
0.56366
0.07023
0.24295
0.11455
0.11749
0.11097
0.41065
1.1107
0.87342
0.25362
0.11923
0.12979
1.1407
0.073333
1.1325
0.27029
0.73224
0.26927
0.17216
1.236
0.24586
0.93718
0.12356
0.14968
0.67843
0.094084
0.97864
0.97422
0.26199
0.37044
0.96768
0.22175
0.22439
0.12538
0.12481
0.88343
0.46479
0.26228
0.52702
0.22021
0.77036
0.16956
0.21926
0.098075
0.20309
0.10972
0.7805
0.53984
0.23445
0.062765
0.074524
1.0049
0.076756
0.096278
0.47445
0.25983
0.15253
0.12903
0.115
0.94448
0.30817
0.54485
0.10031
1.0941
0.12796
0.16361
0.073222
0.16724
0.18582
0.29913
0.31123
0.88539
0.96341
1.3538
0.094988
0.11287
0.36055
0.33595
0.21031
0.066813
0.11109
0.60406
1.5432
0.60037
0.21685
0.35853
0.27555
0.091732
0.42809
0.85736
0.10399
0.85306
0.12961
1.3602
0.27759
0.27851
0.12653
0.15654
0.13932
0.40792
0.35847
0.14931
0.12321
0.17885
0.12191
0.19193
1.0372
0.18061
0.79083
0.13907
0.16338
0.3427
0.079917
1.0111
0.88944
0.067857
0.33577
0.92806
0.30806
0.49246
0.51003
0.1735
0.08518
0.94912
1.2391
1.0976
0.15805
1.1501
1.5856
0.39112
0.2143
0.080235
0.45018
0.095355
0.52495
0.5996
0.11282
0.21664
0.067522
0.28303
1.1673
0.98858
0.13242
0.27065
0.12498
0.12999
0.12597
0.11971
0.26262
0.11666
0.35908
1.2434
0.27662
0.12662
0.65005
0.21112
0.26915
0.63132
0.23137
0.66938
0.36637
0.20956
0.19904
0.25479
0.8021
0.33225
0.078031
0.15103
0.10394
0.43383
0.10408
0.357
0.069946
0.086235
0.066133
0.10698
0.28325
0.34441
0.64108
0.11482
0.76417
0.45524
0.14956
0.19357
0.34477
0.2177
0.082144
0.23671
0.11356
0.52415
0.16952
0.18089
0.16424
0.45419
0.26866
0.44701
0.16139
0.10718
0.11126
0.11291
0.39721
0.58368
1.2094
0.11223
0.55495
0.77337
0.61556
1.0293
1.2664
1.0449
0.42366
0.12789
0.17222
0.10525
0.1634
0.94018
0.61433
0.39902
0.32295
0.18894
0.16453
0.14789
1.095
0.4588
0.14501
0.093288
1.1876
0.096458
1.0326
0.33453
0.13532
0.45125
0.30846
0.78614
0.20892
0.68546
0.67457
1.0027
0.084169
1.0365
0.43654
0.13318
0.52151
0.16674
0.25378
0.19574
0.52732
0.46227
0.08953
0.20864
0.11114
0.59178
0.30095
0.2745
0.46328
0.97052
0.65388
0.090241
0.74699
0.1066
1.111
0.092539
1.1481
0.20901
1.1897
0.42605
0.13009
0.55065
0.37753
0.18874
0.2514
0.4596
0.31854
0.11773
0.30128
0.12447
0.1962
0.23694
0.4072
0.096662
0.12822
0.33093
0.10921
0.28197
0.22087
0.092018
0.24923
1.0269
0.64681
0.18773
0.86198
0.28202
1.1412
0.40687
0.80481
0.23883
0.13359
0.2652
0.46482
0.22234
0.09838
0.44635
0.55287
0.71655
0.22301
1.2389
1.5655
1.0714
0.34358
0.32818
0.15022
0.2591
1.3416
0.33429
0.49089
0.32132
0.8095
0.7658
0.16075
0.16804
1.0292
0.20506
0.52309
0.26164
0.42596
0.15977
0.16403
0.23088
0.46652
1.4716
0.10179
0.49031
0.39355
0.62032
0.079414
0.14804
0.4865
0.12758
0.53812
0.39503
0.25284
0.99811
0.36765
0.17903
0.17566
0.3011
0.041879
0.1151
0.15316
0.13391
0.087203
0.42001
0.080479
0.28624
0.30628
0.61334
0.40702
0.19774
0.91545
0.14929
0.27608
1.0766
0.40907
0.26422
0.20013
0.20831
0.69596
0.30703
0.22565
1.4493
0.091994
0.11225
0.40651
0.33941
0.15847
0.14139
0.10675
0.73093
0.27195
0.23989
0.082472
0.20675
0.21303
0.36254
0.24782
1.0494
0.10693
0.61451
0.3527
0.51951
0.19782
0.35034
0.34197
0.096839
0.61548
0.23893
0.14628
0.78592
0.62911
0.95889
0.21227
0.41017
0.3087
0.40561
0.14593
0.24519
0.29634
0.17803
0.15328
0.20949
0.091878
0.11598
0.075223
1.1724
1.2676
0.17415
0.49882
0.21302
0.42522
0.22817
0.13843
0.072408
0.16787
0.1888
0.16608
0.18108
0.87071
0.18494
0.36512
0.088229
1.1691
0.14572
0.47395
0.45605
0.46042
0.53316
1.184
0.072952
0.071972
0.30398
0.13423
0.38371
0.18701
0.077192
0.17095
1.1548
0.45239
0.63593
0.30424
0.83453
1.2733
0.14786
0.34583
1.4877
1.1853
0.0727
0.83103
0.38453
0.33504
0.5685
0.15364
0.17274
0.23572
0.38394
0.23193
0.12756
0.8557
0.15857
0.30115
0.30329
0.55541
0.88692
0.23424
0.9683
0.25741
0.0788
1.1206
0.15593
0.23565
0.20405
0.53511
0.25994
0.49701
0.25452
0.19257
0.14636
0.091966
0.11093
0.21904
0.10821
0.15009
0.099744
0.097108
0.11115
0.10852
0.4541
0.78095
0.36108
0.74108
0.17117
0.14891
1.0338
0.78138
0.098498
1.2953
0.24981
0.38728
0.40106
1.1716
0.73566
0.13313
1.324
1.2671
0.71956
0.18829
0.11274
0.14638
0.95217
0.60962
0.085146
0.29382
0.13457
0.13887
0.14092
0.36317
0.74904
0.078871
0.92024
0.1645
0.10589
0.28128
0.14161
0.63864
0.19965
0.12677
0.10888
0.49776
0.090189
0.12877
0.48219
0.37184
0.10872
0.22595
0.54852
0.068716
0.28928
0.29869
0.97029
0.096345
1.1514
0.29365
0.51805
0.85329
0.17226
0.84238
0.49578
1.3183
0.34491
0.7335
0.36493
0.16002
0.51369
1.2046
0.43537
0.11719
0.78534
1.2247
0.83486
0.6383
0.092627
0.32596
0.21737
0.10652
0.90898
0.744
0.094637
0.19954
1.2858
0.56264
0.20036
0.15156
0.10484
0.24483
0.16829
0.37305
0.95997
0.66913
0.14757
0.15386
0.26049
0.46924
0.10534
0.16195
0.74548
0.081474
0.13823
0.16548
0.66238
1.1613
0.11499
0.35519
0.10918
0.23208
0.060812
0.50777
0.42571
0.40522
1.022
0.50061
0.26954
0.071594
0.073778
0.41225
0.1362
0.67269
0.23098
0.19819
0.73445
0.24488
0.11032
0.27797
0.10181
1.1974
0.15534
0.097285
0.074724
0.64224
0.10071
0.14537
0.13551
0.20636
0.10968
0.14247
0.1226
0.62111
0.096265
0.83097
0.24511
0.44988
0.13463
0.12738
0.23625
0.1527
1.0615
0.12456
0.21421
0.20108
0.1183
0.3078
0.31325
0.089875
0.38912
0.2363
0.1913
0.17243
0.69946
0.080655
0.12287
0.45108
0.071011
0.67576
0.13915
0.36252
0.10039
0.26177
0.3584
0.10636
0.95083
0.13614
0.19224
0.10317
0.23014
0.081755
0.55816
0.16311
0.35684
0.88426
0.76842
0.74693
0.13637
0.87582
1.1498
0.44209
0.10377
0.14919
0.33113
0.381
0.079381
0.48351
0.25188
0.64301
0.55144
1.2782
0.38822
1.7149
0.83949
0.079743
0.64379
1.2392
0.65822
0.46464
0.50888
0.12042
0.54143
0.19013
0.11927
0.70474
0.25627
0.12785
0.89304
0.11582
0.34279
0.14496
0.12069
0.37239
0.57521
0.15364
0.29823
0.91154
0.25882
0.56822
0.10608
0.90061
0.1029
0.6567
0.2119
0.81946
0.16662
0.082789
1.1314
0.25473
1.2549
0.13482
0.92345
0.45982
0.1788
1.2364
0.58808
0.61162
0.83734
0.55765
0.17083
0.99838
0.069164
0.22309
0.091907
0.64389
0.22932
0.24033
0.5206
0.10452
0.37966
0.88251
1.604
0.92111
0.33956
0.74001
0.14775
0.1647
0.094502
0.22411
1.0285
0.092212
0.44234
0.11477
0.16051
0.10003
0.8989
0.07124
0.71049
0.37016
0.47151
0.17932
0.8892
0.53888
0.1286
1.1244
0.19021
1.479
0.11308
0.31226
1.1417
0.72522
0.3899
0.19031
0.95434
0.70323
0.25756
0.23261
0.1948
0.42408
1.0548
1.3863
0.49567
0.25217
0.95472
0.54247
0.14203
0.11713
0.76158
0.79827
0.27367
0.10055
0.26842
0.089738
0.14912
0.18887
0.10548
0.33024
0.50621
0.27379
0.19438
0.82165
0.12878
0.53046
0.27379
0.10487
0.73967
0.77234
0.65639
0.17669
1.0011
0.34704
0.56458
0.30641
0.19322
0.11213
0.43818
0.2194
1.0633
0.14294
0.93629
0.11941
0.26758
0.20397
0.62608
0.21226
0.4065
0.56699
0.84509
1.1931
0.099823
0.096481
0.54753
0.83331
0.75709
0.97328
0.6262
0.18994
0.97615
0.75598
0.64469
1.1585
0.57616
0.084719
0.77212
0.15215
1.0326
0.3693
0.6922
0.089292
0.11143
0.16588
0.32462
0.34196
0.31493
0.093635
0.11484
0.31638
1.0397
0.29164
0.095461
0.14766
0.60567
0.81154
0.65438
0.13525
0.13432
0.70429
0.14519
0.23019
0.94697
1.1151
0.12751
0.1379
0.0885
1.0058
0.926
0.16385
1.2334
0.82988
1.0875
0.92221
0.58387
0.69232
0.10746
0.46966
0.11898
1.164
0.53965
0.4816
0.089837
0.26819
0.20072
0.59383
0.68817
0.76563
1.2336
0.39845
0.30761
0.38209
1.1593
0.92446
0.09772
0.087997
0.46197
1.0258
0.59533
1.1925
1.184
0.073513
0.18978
0.19246
0.10195
0.975
0.58131
0.070378
0.14747
0.96689
0.19827
0.1793
0.47035
1.1606
0.26703
0.067407
1.1182
0.94038
0.12645
0.096589
0.081049
0.075503
0.85614
0.078676
0.24951
0.11949
1.0221
0.44888
0.17043
0.84608
0.29146
0.23194
0.23027
0.25942
0.6592
0.8455
1.151
0.24422
0.91366
0.2346
1.1449
0.77736
0.62768
0.89432
0.30789
0.67272
0.099916
0.25336
0.16259
0.66131
0.4574
0.1222
0.76385
0.75111
1.0362
0.18109
0.17091
0.126
0.42863
0.92573
0.23385
0.66602
0.71464
0.26627
0.078671
0.65256
0.12053
0.11171
0.4809
0.23377
0.14813
0.51913
0.74842
0.14896
0.80932
0.21688
0.69481
0.4555
0.34473
0.98713
0.077742
0.85042
0.0942
0.9862
1.2725
0.084552
0.14308
1.3268
0.50149
0.31764
0.96458
0.10174
0.18788
1.1496
0.49796
0.14554
0.11156
0.083122
0.48839
0.10251
0.22307
0.077977
0.133
0.2535
0.081698
0.095094
0.29561
0.46515
0.42297
0.92912
0.49798
0.51566
0.30505
0.48961
1.1139
0.12105
0.1537
0.1649
0.26624
0.2115
0.12769
0.22544
0.31609
0.06507
0.53072
0.34367
0.085053
0.22724
0.3934
0.14354
0.24643
0.22302
0.66587
0.19762
0.48579
0.12988
0.88186
1.0908
0.5122
0.077097
0.48305
0.20012
0.24321
0.087265
0.45805
0.96078
0.16507
0.50222
0.68868
1.021
0.39914
0.12379
0.088304
0.21441
0.17474
0.25291
0.18378
0.37644
0.14928
0.15137
0.33778
1.0693
0.17919
1.2286
0.38144
0.12033
0.34614
0.13279
0.09773
0.078945
0.73019
0.11924
0.53021
0.2
0.32755
0.12909
1.4714
0.16237
0.17191
0.42875
0.39252
0.36899
0.99699
0.31116
1.2897
1.1348
0.1169
0.28453
0.10569
1.0405
1.1651
0.112
0.20504
1.0513
0.26831
0.070968
1.186
0.423
0.11416
0.11599
0.31431
0.13962
0.43522
1.1249
0.15997
0.68551
0.8495
0.83888
0.086021
0.76212
0.17886
1.1771
0.3289
0.91915
0.52612
1.2026
0.37175
1.1823
0.1259
0.40507
0.20541
0.24534
0.26148
0.40921
0.67982
0.14604
1.0809
0.30547
0.15981
0.51284
0.46267
0.11135
0.15766
1.093
0.29481
0.1372
0.34545
0.15871
0.20759
0.21846
0.80632
0.83664
0.3741
0.093097
0.68537
0.16077
0.9833
0.10419
0.43518
0.18363
0.19523
0.19384
0.15674
0.17973
0.15369
0.42739
0.40645
0.28463
0.25231
1.2392
0.2678
0.59889
0.12205
0.52354
0.13401
0.34331
0.25778
1.1699
1.1454
1.2019
1.1122
0.25838
1.3223
0.54164
0.40706
0.14687
0.20038
0.62501
0.081606
0.49301
0.88906
1.0582
0.13665
0.072284
0.065289
0.48485
0.41503
0.093321
0.081158
0.1455
0.18486
0.073815
0.092189
0.14739
0.9747
0.85712
0.29563
0.52964
0.10706
0.22245
0.32562
0.11782
0.63879
1.1601
0.080657
0.67199
1.0719
0.75932
0.36814
0.2733
1.3391
0.43547
0.1204
1.2275
0.71677
0.11005
0.23925
0.2318
0.3202
0.10926
0.37704
0.41847
0.11604
1.1921
0.18592
0.15572
0.18201
0.62565
0.20543
1.2621
0.15102
1.0557
0.41224
1.1725
1.0784
0.13428
0.18991
0.083538
0.23926
0.082002
0.11848
0.084575
0.3793
0.10349
0.13705
0.074312
0.24849
0.10478
0.44583
0.91285
0.11396
0.93543
0.54059
0.12112
0.12747
0.29933
1.1742
0.31429
0.15854
0.76076
0.23088
0.22543
0.087049
0.47437
0.15138
0.37606
0.89909
0.092217
0.52917
0.14466
0.10532
0.68835
0.063405
0.78579
1.1741
0.79883
0.79323
0.099489
1.2416
0.41788
0.64073
0.56346
0.30225
0.27306
1.2307
0.097262
0.076889
0.2509
0.92537
0.17864
0.073286
0.12744
0.73184
0.95902
1.2133
0.48665
1.1063
0.21125
0.74414
0.11284
1.5759
0.41263
0.1064
0.97993
0.18672
0.43114
0.65339
0.49333
0.54464
0.58383
0.11323
1.326
0.11002
0.092446
0.38257
0.15157
0.68766
0.08037
0.19417
0.10265
0.094535
0.14519
0.30914
0.28933
0.18791
0.91998
0.12437
0.13686
0.17608
0.08645
0.41339
0.90124
0.15335
0.11427
0.099976
0.077218
0.78429
0.58052
0.11848
0.11106
0.15041
1.0523
0.43298
0.083714
0.33078
1.0657
0.071625
1.0528
1.0176
0.33966
0.3236
0.11089
0.74074
0.10995
0.096025
0.29793
0.10528
0.25923
0.75067
0.2195
0.52672
0.2523
0.093053
0.19535
0.19619
0.16394
0.19342
0.097624
1.1016
0.37734
0.13194
0.17454
0.095251
0.25107
0.24579
0.50503
0.20947
0.43391
0.12845
0.99809
0.28645
0.17388
0.16344
0.15253
0.096388
0.65972
0.083632
0.41162
0.17802
0.23493
0.1596
0.37702
1.0039
0.25971
0.18971
0.16574
0.23402
1.2288
0.11677
0.10739
1.2508
0.32728
0.26778
0.81323
0.45547
0.29141
0.06898
0.39904
1.2403
0.16256
1.137
0.63993
0.5116
0.20385
1.0754
1.2491
0.19658
0.074711
0.3186
0.17237
0.15526
0.12749
0.44356
0.26044
0.075911
0.65245
0.92154
1.0793
0.12417
0.10052
0.47379
1.0338
0.17492
0.48295
0.37411
0.19436
0.66093
0.35214
0.21523
0.14373
0.14851
0.27357
0.13437
0.2796
1.5368
0.092436
0.13017
0.49936
0.17218
0.17771
1.1845
0.18706
0.12293
0.29557
0.11558
0.3049
0.70745
0.12234
0.2807
1.0773
0.57905
0.1493
0.22101
0.27091
0.21452
0.12196
0.18796
0.26511
0.16674
0.23526
0.6279
0.1284
1.0926
0.23801
0.082533
0.30345
0.14446
0.48932
0.18277
0.1673
0.09666
0.15197
0.65359
0.12746
0.68429
0.64406
0.62529
0.28768
1.2049
0.11248
0.18452
0.17273
0.11671
0.17903
0.23985
0.1205
0.38675
0.17001
0.15773
0.10457
1.0438
0.29536
0.60108
0.20326
0.16694
0.079195
0.63504
0.11167
0.49661
0.81345
1.1085
0.12992
0.22738
0.55006
1.2407
0.48968
0.16519
0.50304
0.12876
1.1937
0.29958
0.18004
0.2585
0.26988
0.16241
0.34433
0.19614
0.69887
0.27429
0.131
0.62758
0.31522
0.10864
0.45008
0.27591
0.13192
0.11242
0.73669
0.28684
0.8845
0.4983
0.1395
0.56516
0.10096
0.16359
0.16136
1.5928
0.62226
0.13795
0.10797
0.31155
0.66249
0.32893
0.096861
0.60373
0.117
0.32164
1.2976
0.68991
0.15713
0.17215
0.10899
0.22347
0.11586
1.0891
0.12028
1.4617
0.15827
0.58513
0.24073
0.24423
1.2653
0.073413
0.24346
0.15686
0.55289
0.11458
0.071861
0.47963
0.21745
0.1442
0.11003
1.084
1.3327
0.15085
0.97277
0.73181
0.11223
0.9667
0.73184
0.62511
0.064174
0.37669
0.14596
0.47508
0.33418
1.0894
0.11875
0.35641
0.6514
0.61369
0.19771
0.10076
1.0627
0.32067
1.4556
0.33015
0.09462
1.3095
0.10823
0.54301
0.078154
0.2482
0.56028
0.21292
0.11057
0.23124
0.21154
0.9124
0.31266
0.32641
0.38676
0.15887
0.24585
0.076113
0.84794
0.70987
0.36135
0.56918
0.36387
0.24451
0.12315
0.11343
0.13983
1.145
1.027
1.2404
0.1696
0.26837
0.95344
0.2224
0.15405
0.14787
0.96147
0.11276
1.218
0.13911
0.32138
0.90394
0.18632
0.1505
0.1224
0.51478
0.89771
1.2719
0.074495
0.083616
1.5346
0.45153
0.13568
0.64322
0.11633
0.21286
0.27914
0.076961
0.26435
0.1921
0.22173
0.2971
0.35099
0.12953
0.46323
0.29233
0.33095
1.0508
0.15079
0.24263
0.13035
0.29854
1.1195
0.32232
0.1559
0.19962
0.32899
1.0974
0.16655
0.23942
0.10141
0.89026
0.32512
0.22178
0.91027
0.29555
0.34907
0.21691
0.10469
0.95781
0.25256
1.0604
0.15901
0.1827
0.5033
0.22118
0.17561
0.34767
0.26465
0.12802
0.385
1.4556
0.7528
0.69384
0.2138
0.19481
0.26261
0.070971
0.56939
0.12048
0.16308
1.2322
0.080292
0.95572
1.1563
0.41409
1.2618
0.77017
0.10425
0.33397
0.15886
0.22164
0.61531
0.21883
1.1887
0.86022
0.57968
0.071952
0.52013
0.11971
0.099594
0.077642
0.11363
0.91917
0.44306
1.1346
0.32017
0.23237
0.12536
0.46572
0.45408
0.13502
0.2942
0.95272
0.84743
0.22184
0.65958
0.43514
0.85624
0.19584
0.179
0.20182
0.65565
0.31638
0.18511
0.11801
0.12582
0.32718
0.21682
0.50501
0.44914
0.65665
0.1786
0.088642
0.73696
0.24609
0.73643
0.32454
0.32839
0.54422
0.11309
1.294
0.12361
0.26662
0.67878
0.51893
0.85349
1.5802
0.52603
0.37201
0.086164
0.87709
0.28682
1.1276
1.3008
0.2275
0.075778
0.61896
0.32383
0.12454
0.16257
1.1413
0.28246
0.16077
0.96711
0.073521
1.3594
0.39996
0.16485
1.1455
0.23093
0.48223
0.26364
0.15382
0.0864
0.20194
0.12442
0.36839
0.45228
1.2785
0.58628
0.14312
0.11908
0.38463
0.076692
0.2072
0.16069
0.2825
0.54194
0.39052
0.17719
0.080125
0.55046
0.76183
0.088316
0.62571
0.14147
0.22583
1.6091
0.54742
0.34155
0.16501
1.1842
0.12784
0.2274
0.31783
0.066593
0.34348
0.20466
0.12241
0.25439
0.28981
0.67608
1.267
0.16016
0.60437
0.081389
0.085762
1.2362
0.69944
0.31322
0.19137
0.14204
0.17792
0.078631
0.32963
0.82637
0.085431
0.15361
0.17646
0.12847
0.35611
0.18453
0.52239
0.54694
0.3663
0.11499
1.1563
0.62311
0.99163
0.94864
0.18446
0.64568
0.16409
0.88593
0.2235
0.15625
0.80529
0.36116
0.3025
0.84874
0.098246
0.24744
1.2008
0.27331
0.16332
0.074188
0.46119
0.13401
0.20604
1.1387
0.15014
0.12421
0.22503
0.26559
0.61616
1.5823
0.11738
0.4209
0.071642
1.1843
0.86496
1.0224
0.24611
0.12557
0.40619
1.0158
1.2142
0.16695
0.096177
0.5353
0.13913
0.17127
0.16229
0.24025
0.19111
0.42454
0.30873
0.96477
0.98577
1.0659
0.19843
0.097726
0.14059
0.22685
0.51017
0.090947
0.20799
1.104
0.84539
0.83833
0.22118
0.10343
0.17396
0.067217
0.38649
0.52178
0.10735
0.172
0.11093
0.37386
0.073145
0.48406
0.1686
0.41969
0.086104
0.45093
0.90061
0.13146
0.42501
0.12507
1.0218
1.0137
0.16494
0.69573
0.12812
0.1166
0.38158
0.25899
0.95302
0.233
0.45009
0.34698
0.93391
0.072612
1.1763
0.20926
0.6143
0.11692
0.22007
0.29438
0.09852
0.085038
0.083004
0.31429
0.41656
0.1502
0.1449
0.12748
0.15953
1.0102
0.085727
0.1209
0.45196
0.17803
0.68517
0.21453
0.25287
0.32022
0.33457
1.1306
1.2693
0.18861
0.12819
0.99943
0.48931
0.31457
0.080373
0.56662
0.37582
0.43704
0.50929
0.13049
0.095231
0.088729
0.74563
0.16839
0.91081
1.187
1.0026
0.2199
0.21756
0.47401
0.0725
0.74583
0.1576
0.19375
0.080224
0.14382
0.4169
0.19584
0.35369
0.0916
0.13465
0.79957
0.4298
1.1706
1.1027
0.45539
0.12969
0.20252
0.26582
0.32144
0.17738
0.30773
0.28031
0.092846
0.077763
1.15
0.094117
0.64855
0.22492
0.37056
1.1037
0.12504
0.073605
0.19057
0.13575
0.089472
0.10292
1.209
0.069638
0.2059
0.90063
0.17435
0.81406
0.15407
0.18741
0.12586
0.32853
1.3066
0.07441
0.15478
1.1498
1.1999
0.1979
0.52468
0.43404
1.1126
0.23825
0.16401
0.075096
0.17769
0.22247
0.41294
0.065647
0.15849
0.27728
0.7981
1.1605
0.13837
0.25098
0.3928
0.39293
0.78302
0.1546
0.12113
0.14427
0.24967
0.39013
0.11817
0.21112
0.27235
0.95721
0.25345
1.2132
1.3328
0.17217
0.9281
0.88567
0.65153
0.17477
0.39241
0.51227
0.17087
0.69624
0.54864
0.81773
1.0723
0.16821
0.092848
0.25665
0.29941
0.33338
0.69163
0.1488
0.11881
0.2153
1.3996
0.080914
0.10071
0.76724
0.19965
0.41719
0.18069
0.7326
0.2521
0.14582
0.23793
0.65278
0.062751
0.28038
0.1512
0.28142
0.80147
0.13695
0.15623
0.76686
1.2469
0.08248
0.9826
0.20835
0.075706
0.2611
0.12403
0.87627
0.14427
0.13615
0.3453
1.0161
0.25208
0.07101
1.2056
0.157
0.12484
0.42579
0.44305
1.0236
0.1299
1.177
0.17393
0.096056
0.36903
0.67999
0.097464
0.15461
0.51353
0.37313
1.2065
0.15338
1.0323
1.3213
1.192
1.1921
0.37668
0.67668
0.24498
0.21346
0.13714
0.089441
0.11872
0.16544
0.37052
0.18209
0.11691
0.18828
0.14047
1.1913
0.40473
0.24166
0.33676
0.30111
0.10048
0.60571
0.7557
0.15664
0.27017
0.49921
0.13221
0.91383
0.36713
0.70669
0.214
0.22965
0.41903
0.13412
1.0452
0.28395
0.96519
0.2299
0.10037
0.062158
0.10318
0.39132
0.10082
1.0552
0.3229
0.085001
0.10284
0.46128
0.12339
0.12823
0.090699
0.085998
0.34236
0.68593
0.42733
0.54565
1.109
0.076526
0.96122
0.4672
0.096927
0.12644
0.82133
0.34996
1.228
0.35345
0.060054
0.13595
0.14789
0.20721
0.19769
0.27567
0.39042
0.70193
1.1478
0.22119
0.093382
0.22756
0.24839
0.77989
0.14057
1.6059
0.54269
0.69026
0.17434
1.3434
0.80549
0.12135
1.2152
0.13324
1.0261
0.32558
0.12366
0.26484
0.12982
1.1157
1.0651
0.68751
0.87503
0.12467
0.28733
0.18494
0.086298
0.63762
0.55812
0.75474
0.16499
1.2053
0.11922
0.33328
0.41043
0.13611
0.75388
0.093747
0.095535
0.13118
0.46419
0.43861
1.601
0.19223
0.30986
0.11993
0.31273
0.7333
0.82239
0.4594
0.15561
0.18903
0.33149
0.20947
0.17729
0.31148
0.68092
1.3062
0.19423
1.3602
0.20148
0.82883
0.25163
0.16087
0.18063
0.1383
0.14668
1.1165
0.63052
0.14308
0.2178
0.098736
0.13763
0.34915
1.239
0.066065
0.07554
0.079252
0.17586
0.16467
0.55628
0.26989
0.56438
0.14737
0.084422
1.243
0.33921
0.22961
0.19876
1.0354
0.26649
0.16882
0.65421
0.69221
0.33518
0.076256
0.12258
0.11734
0.23173
0.10302
0.14469
0.22841
0.077343
0.13629
0.22833
0.1326
0.10621
0.083728
0.10864
0.10547
0.21601
0.47341
0.2794
0.11
0.10642
0.23546
0.65232
0.16904
0.08214
0.64623
0.44801
0.085148
0.49599
0.9395
0.70663
0.30309
0.069633
1.1397
0.57404
0.083179
0.26847
0.092324
0.79612
1.1205
0.079847
0.12665
0.09947
0.18736
0.40537
0.2963
0.36297
0.54298
0.85369
0.48836
1.0069
0.10673
0.19371
0.22452
0.70906
0.40408
0.41497
0.92197
1.1304
0.51566
0.085262
0.26683
1.5612
0.24431
0.1056
0.44318
0.17926
0.074713
1.1039
0.26308
0.12232
0.65244
1.1167
0.29674
0.097375
0.11754
0.25596
0.64628
0.099361
0.59021
0.26026
0.78044
0.13702
0.68331
0.18885
0.16231
0.13754
0.21698
0.082299
0.11957
0.10132
0.16141
1.3633
0.71858
0.085275
0.31995
0.14627
0.2379
0.23301
0.31566
0.56448
0.18738
1.2237
0.97057
1.1207
0.27105
0.099668
0.5717
0.33599
1.0823
0.20499
0.074469
1.2161
0.30257
0.16727
0.29857
1.0263
0.61746
0.15375
0.12866
0.43896
1.0913
0.25183
0.2648
0.31009
0.49794
0.17465
1.0281
0.097406
0.59709
0.13588
0.23745
0.14725
0.22667
0.2572
0.57414
0.28503
0.25122
1.0242
0.80133
0.28568
1.2051
0.75626
0.26317
0.40549
0.48165
0.31551
0.14732
0.1502
0.062276
1.0263
0.21999
1.3091
0.11732
0.30582
0.20283
0.22329
1.1075
1.2011
0.71961
0.12787
0.11545
1.0297
0.22406
0.76721
0.20067
1.2989
0.3429
0.24518
0.11467
0.14587
0.52282
0.27436
1.1272
0.10353
0.73731
0.10562
0.79828
0.19483
0.11023
0.33337
0.24309
0.078941
0.072991
0.87258
0.10588
0.083315
0.25991
0.08199
0.11867
0.22124
0.16338
0.29103
0.42067
0.12226
0.19935
0.11449
1.0934
0.22805
1.0244
0.66915
0.10303
0.81666
0.22992
0.97594
0.73271
0.15644
0.66432
0.091807
0.1985
0.077365
0.099346
0.12547
1.1654
0.18556
0.18984
1.0702
0.28518
0.08776
0.80876
0.29935
0.12195
0.11251
0.54894
0.071603
0.90932
0.21629
0.54553
0.85584
0.35046
0.98435
0.54799
0.20547
0.40462
1.0494
0.97266
0.34363
0.22078
0.079387
1.107
0.98301
0.25827
0.1045
0.10582
1.0936
0.12712
0.31763
0.50741
0.20294
0.17295
0.29493
1.0166
0.67202
0.40993
0.40135
0.22353
0.14005
0.67159
0.13964
0.28782
1.105
0.19963
0.30753
0.10205
0.60615
0.69062
0.35156
0.11143
0.14498
0.13452
1.2238
0.14128
0.65156
0.10855
0.56806
0.22529
0.60735
0.13641
0.34971
0.3291
0.097352
0.57253
1.1386
0.34035
0.31133
0.21196
0.47016
0.16613
0.15827
0.060747
0.09277
0.36083
1.1456
0.61088
0.14385
0.065796
0.13532
0.081715
0.83646
0.46479
0.20656
0.094971
0.12245
0.13825
0.23018
1.3075
0.16663
0.58967
0.17955
0.1101
0.21958
0.1821
0.087711
0.09242
0.20776
0.22117
0.45861
0.77298
0.068602
0.36994
0.98777
0.23864
0.13437
0.2814
1.4396
0.27847
0.093995
0.14007
1.0974
0.1448
0.1183
0.082907
1.1465
0.69838
0.26642
0.63056
0.6343
0.13449
0.10233
0.44535
0.1756
0.16448
1.5502
0.75635
0.81339
0.82976
0.083563
0.24678
0.57129
1.0834
1.0445
0.10822
0.71803
0.24304
0.45786
0.10016
0.15352
1.0095
0.095708
0.14759
1.0948
0.10913
1.5369
0.5015
0.64859
0.9584
0.14402
0.23423
1.0044
0.50323
0.49475
0.12531
0.2266
0.4307
0.48333
0.16143
0.92057
0.15643
0.077619
0.18086
1.0763
0.13081
0.058509
0.14446
0.11394
0.14322
0.10425
0.22886
0.32042
0.85048
1.3629
0.33453
0.17371
1.1946
1.2119
0.22595
0.070197
0.57088
0.24871
0.21379
0.19217
0.60778
0.56628
0.4489
0.61815
1.0395
0.36685
0.59667
0.67046
0.96271
0.20662
0.15093
0.081902
0.10089
0.52948
1.1587
1.3071
0.24172
0.21119
0.79347
1.0956
0.2389
0.12205
0.21271
1.3421
1.1547
0.065864
0.45285
0.17311
0.17808
1.144
0.13439
0.17766
1.1457
0.07429
0.57094
0.16434
1.0981
0.13791
0.33526
1.2889
0.48424
0.38423
0.14375
0.126
0.15308
1.0446
0.1699
0.062594
0.096214
0.26782
0.19674
0.064101
0.10478
0.16576
0.76976
0.58125
0.28009
0.36012
0.1709
0.061982
1.0021
0.75196
0.089505
0.35061
1.1968
0.30068
0.33066
0.30864
0.16705
0.40471
0.14799
0.94504
0.11055
0.095541
0.094495
0.29275
1.0337
0.12364
0.45003
0.12344
0.34041
0.73164
0.19239
0.18016
0.21736
0.16105
0.7488
0.12834
1.0701
0.19926
0.26197
0.40296
0.64304
0.17563
0.64284
0.10881
0.20948
0.33826
0.63451
0.16858
0.07123
0.52265
0.17604
0.19012
0.097084
0.63674
0.53511
0.19185
0.20264
0.07218
0.19879
0.30915
1.1078
0.3731
0.46766
1.3135
0.13542
0.076737
0.28498
0.16596
0.10926
0.058821
0.61402
0.10576
0.14839
1.1546
0.11567
0.21174
0.10535
0.17288
0.39403
0.41123
0.20262
1.1356
0.10435
1.066
0.11542
0.14862
0.081537
0.66643
0.28588
1.0498
1.4853
0.23549
0.088252
0.073153
0.14572
0.49317
0.42447
0.20528
0.72191
0.10204
1.0851
0.47856
0.13471
0.73799
0.50007
0.25927
0.16885
0.62452
1.2433
0.16815
0.41477
0.30511
0.29124
0.93007
0.10501
0.17908
0.36272
0.15393
0.51453
0.35192
0.31191
0.074623
0.31101
0.33301
1.0731
0.16273
0.11403
0.45603
0.61284
0.95307
0.13281
0.45485
0.13701
0.11325
0.19634
0.70667
0.16049
0.1594
0.25777
0.14469
0.21224
0.18564
0.27552
0.10511
0.55427
0.27438
0.26627
0.31403
1.0751
0.34505
0.1493
0.32998
0.39461
0.67145
0.06958
0.21984
0.51465
0.12321
0.34354
0.48506
0.59658
0.1675
0.53897
0.067649
0.70091
0.13994
0.14676
0.97944
0.1087
0.14481
1.5954
0.35094
0.18343
0.1156
0.36901
0.52513
0.13569
0.15499
0.086512
0.2288
0.15121
0.084317
0.62028
0.066546
0.71488
0.12888
1.0565
0.34033
0.30119
0.20208
0.15066
0.15864
0.26032
0.14221
0.24094
1.0244
0.6382
1.2103
0.20648
0.36853
0.19603
0.096229
0.077796
0.13962
0.2994
0.9978
0.33401
0.16783
0.57807
0.12532
0.66391
1.4335
0.93088
0.29356
0.96691
1.0539
0.35567
0.38989
0.095764
0.12258
0.11027
0.16031
1.1628
0.49938
0.088159
0.13621
0.1702
0.30112
0.18009
0.68619
0.1093
0.20885
0.79166
0.090994
0.25592
0.097082
0.18812
0.17908
0.13387
0.52621
1.1487
0.16872
0.28141
0.11195
1.2125
0.17999
0.337
0.15733
0.78081
0.091124
0.63111
0.8614
0.11152
1.1615
0.57153
0.28942
0.10513
0.16205
0.78394
0.086576
0.46065
0.11177
0.16373
0.16343
0.28942
0.55884
0.20816
0.065787
0.22646
0.78743
0.71413
0.49424
0.48962
0.20464
1.1278
0.41298
0.075408
0.33358
1.0104
0.11382
0.14168
0.13726
0.12192
0.15662
0.24229
1.1004
0.85873
0.089877
0.26707
0.29814
0.40193
0.84839
0.058149
0.12244
0.10596
0.11501
0.12358
0.2503
0.18133
0.25877
0.76287
1.0756
0.11118
0.61006
0.15465
0.13318
0.8143
0.3331
0.054417
0.37165
0.48
0.31316
0.26072
0.37344
0.62828
0.10526
0.4417
0.28071
0.47051
0.11744
1.2638
0.14363
0.20183
0.25022
0.12431
0.66686
0.22094
0.27613
0.31752
1.164
0.36227
0.39517
1.3248
0.12321
0.71086
0.11533
0.71753
0.57556
0.50358
0.31908
0.17697
0.15296
0.14936
0.49718
0.27973
0.07897
0.41072
0.23715
0.56468
0.8484
0.50214
0.72922
0.56907
0.17222
0.71277
1.1709
0.24832
0.094746
0.073576
0.35817
0.33101
0.37317
0.14555
0.10701
0.10107
0.11624
0.26873
0.17011
0.18876
0.095828
0.24629
0.1331
0.51641
0.96657
0.40934
0.25497
0.47928
0.26343
0.48601
0.25064
1.2948
0.27367
0.31116
0.31749
0.070312
0.50586
1.3887
0.24093
0.086203
0.31881
0.14422
0.15167
0.18597
0.78755
0.18791
0.79335
0.33506
0.27281
0.21007
1.0176
0.41513
0.58022
0.084362
0.076419
0.10918
0.11718
0.12341
1.073
0.70623
1.2618
0.14009
0.13687
0.15135
0.25784
0.06304
0.099196
0.83875
0.15749
0.37816
0.095054
0.20011
0.11882
1.5765
0.92029
0.34189
0.57376
0.12939
0.081458
0.38674
0.076454
0.18888
0.36613
0.074122
0.52473
0.21615
0.091987
0.094355
0.1979
0.28712
0.91638
0.36179
0.32746
0.21158
0.35906
0.62729
0.89002
0.066453
0.11331
0.50433
0.7509
0.49354
0.13701
0.82998
0.11677
0.15605
0.54861
0.62205
0.10362
0.17421
1.1268
1.198
0.12336
0.61479
0.32404
0.58676
0.15727
0.19562
1.4805
0.20069
0.64963
0.67917
0.093237
0.67242
0.60161
0.47336
0.54081
0.75593
0.12379
0.66042
0.1565
0.18202
0.084814
0.44614
0.13776
0.95617
0.37345
1.1919
0.18824
0.13971
0.34046
0.1728
0.081397
0.44702
0.12317
0.19991
1.3347
0.22774
0.93666
1.1278
0.44096
0.3155
0.14497
0.53305
0.12854
1.2762
0.28469
0.086982
0.16422
0.38693
0.79419
0.066276
1.0959
0.41454
0.082759
0.83511
0.12155
0.23865
1.0745
0.0663
0.10278
0.19956
0.09322
0.12788
0.55176
0.32734
0.24766
0.23138
0.14868
0.45715
0.36828
0.15929
0.10998
0.10559
1.2237
0.15811
0.88219
0.17985
0.19232
0.3212
0.49288
0.25827
1.2613
0.4387
0.71957
0.21669
0.32743
0.1004
0.089
0.14885
0.15716
0.74552
0.13839
0.43305
0.13914
0.41177
0.41399
0.32065
0.37925
1.2523
0.18235
0.49004
1.1481
0.7363
1.1873
0.45632
0.10716
0.49377
0.99733
0.076713
0.094758
0.12093
0.34651
1.0412
1.1215
0.082548
1.0054
1.0573
0.40584
0.14137
0.17857
0.76879
0.49031
0.20309
0.46839
1.348
0.13303
0.13366
0.077378
0.24169
0.1156
0.095039
0.14828
0.28903
0.091787
0.36689
0.20154
0.18334
0.078957
0.94305
0.26698
0.88055
0.53086
0.095231
0.15294
0.11416
0.09196
0.70099
0.35674
0.3729
1.0953
0.79363
0.1319
0.15608
1.2166
1.2133
0.20358
0.62053
0.11246
0.31263
0.089922
0.21947
1.0738
0.4488
0.20794
0.09931
0.17699
0.1821
0.086805
0.27371
0.37586
0.14584
0.30056
0.39581
1.0276
0.56614
0.18766
0.098006
0.10035
0.15643
1.0577
0.37612
0.91918
1.0725
1.1702
0.24672
0.16027
0.16552
0.69929
0.10803
0.38478
0.20056
0.84904
0.15706
0.29004
0.24371
0.17766
0.24592
0.52185
1.1004
0.13351
0.1524
0.89695
0.1287
0.065566
0.14997
0.83519
0.27751
1.2024
0.33058
0.20195
0.2315
0.5775
1.23
0.094227
0.098491
0.75831
0.42393
0.24677
0.087308
0.181
0.60953
0.19823
0.91493
0.2314
0.52086
0.12684
0.12399
0.7001
0.63633
0.70509
0.35612
0.15292
0.28859
0.1776
0.1628
0.87719
0.075056
0.44574
0.082081
0.578
0.50835
0.17957
0.84863
0.8591
1.2127
0.13172
0.35023
0.16006
0.26731
1.1642
0.54319
0.33676
0.11781
0.19131
1.2906
0.26643
0.84121
0.16738
0.21491
0.47952
0.209
0.11097
0.26281
0.14277
0.38625
0.059766
0.12068
0.12979
0.986
0.55802
0.3123
0.40817
0.12722
1.0456
0.79322
0.075968
0.10212
0.93718
0.12999
0.22373
0.11201
0.10609
0.42581
0.99674
0.26447
0.39817
0.96768
0.085195
0.25285
0.27831
0.829
0.16687
0.46479
0.4667
0.14293
0.4543
0.20899
0.10633
0.65908
0.098075
0.08244
0.30958
0.16793
0.15181
0.13429
0.36763
0.074524
0.12097
0.37814
0.096278
1.4041
0.15451
0.26282
0.22223
0.94071
0.47652
1.0595
0.08938
0.1123
0.07277
0.23929
0.092008
0.067415
0.15911
0.37793
0.57763
0.082302
0.10441
0.17723
0.18675
0.25288
0.53054
0.22311
0.18164
0.21031
0.15017
0.1084
0.17752
0.15983
0.091066
0.21685
0.19016
0.20948
0.092618
0.25608
0.42536
0.71837
0.2883
0.35611
1.479
0.11291
0.42924
0.12653
0.25127
0.35415
0.087051
0.34413
0.14931
0.88909
0.63129
0.16839
0.55125
0.18383
0.18061
0.10942
0.13907
0.86811
0.58782
0.17867
0.2228
1.2891
1.1758
0.42154
0.42069
0.086636
0.89368
1.0161
0.10216
0.52603
0.94912
0.4108
1.0709
0.27082
0.098898
0.34231
0.15144
0.09506
0.59572
0.23686
0.15721
0.082842
0.98102
0.47165
1.0352
0.24632
0.14119
0.083331
0.070413
0.25796
0.14931
0.079721
0.32251
1.2306
0.47225
0.25571
0.25285
0.35908
1.1939
0.24069
1.2444
0.13713
0.44422
0.1409
0.325
0.42575
0.53557
0.36637
1.0724
0.65179
0.25887
0.41629
0.30837
1.142
0.11016
0.28584
0.25698
0.88149
0.072074
0.069946
0.36032
1.0003
0.10698
0.39828
0.62712
1.2581
0.66525
0.25739
0.40889
0.14956
1.066
1.2045
0.14432
0.10548
1.0122
0.20787
1.0627
1.0176
0.29424
0.092731
0.5139
0.94465
0.18197
0.14074
0.69478
0.22361
0.15631
1.2103
1.0635
0.19976
1.1418
0.14653
0.12954
0.62644
0.41914
0.099537
0.18075
0.085963
0.12789
0.17222
0.15814
0.091402
0.20854
0.61433
0.30712
0.32295
1.1665
0.16453
0.35968
0.24332
0.42179
0.20811
0.085307
1.1596
0.095087
1.0326
0.067484
0.12785
0.45125
1.0325
0.064824
0.45446
0.82526
0.15186
0.38127
0.50436
1.2099
0.43654
0.47374
0.10703
0.67207
1.1547
0.31933
0.43389
0.46227
0.18177
0.28594
0.11114
1.3051
0.63243
0.77282
0.15872
0.53252
0.084931
0.18602
0.59556
0.7839
0.15419
0.088843
1.0462
0.88284
0.25402
0.42605
0.1434
1.1005
0.30203
0.11125
1.1958
0.45618
0.42765
0.5076
0.068907
0.14625
0.58597
0.13316
0.21248
0.32871
0.092748
0.769
0.78617
0.28197
0.22554
0.22461
0.12925
0.11278
0.1403
1.1208
1.196
0.45209
0.48155
0.39366
0.80481
0.25408
0.21654
0.1961
0.46482
0.5278
0.13861
0.46178
0.17624
0.90037
0.91279
0.14961
0.1138
0.083454
0.11907
1.1989
0.33614
0.2556
0.26626
0.11534
0.35697
0.53711
0.9918
0.069323
1.1479
0.13062
0.52461
0.28746
0.40591
0.26164
0.42596
1.0835
0.19339
0.23088
0.080848
0.95911
0.27945
0.37687
0.1171
0.70137
0.46706
1.0442
0.51273
0.19534
0.38257
0.39503
0.35894
0.99811
0.20447
0.13854
0.14066
1.0334
0.16516
0.24128
0.30422
0.13391
1.1078
0.3609
0.44863
0.58065
0.12888
0.39699
0.40702
0.19774
0.20773
0.12199
0.11499
0.703
0.17936
0.88182
1.1932
0.20831
0.56606
0.80825
0.23029
0.13016
0.091994
0.80646
0.32101
0.23482
0.11076
0.18083
0.16187
0.51696
0.20322
0.37275
0.50558
0.49347
0.64843
0.42167
1.3533
0.21615
0.25551
0.94352
0.25957
0.20893
0.076542
0.25358
0.32141
0.096535
0.66273
0.23893
0.23425
0.78592
0.096536
0.25541
0.1454
0.18799
1.0804
0.093522
0.094727
1.1459
0.29634
0.43288
1.2401
0.37824
0.76192
0.11598
0.38986
0.37388
0.27437
0.28021
0.72265
0.20373
0.28528
0.25432
0.15866
0.10072
1.2845
0.73713
0.14226
0.12042
0.067093
1.2179
0.15203
0.11502
0.77288
0.62483
0.31696
0.55425
0.19013
0.97695
1.184
0.20527
0.10862
0.99907
0.087012
0.082108
0.45587
0.85083
0.10289
0.52904
0.26636
1.3549
0.088681
0.83453
0.71923
0.099758
0.34583
0.23642
0.096344
0.0727
0.83103
0.77406
0.20962
0.56265
0.23621
0.252
0.39303
0.10648
0.12538
0.12489
0.21498
0.30175
1.0754
0.30329
0.071072
0.88692
0.13596
0.9683
0.24695
0.0788
1.1206
0.54066
0.19972
0.14754
0.37259
0.41373
0.49701
1.3578
0.11819
1.2826
0.15443
0.11093
0.42255
0.25426
1.1701
0.98402
0.41658
0.12002
0.90742
0.31674
0.34199
0.37983
1.1584
0.18227
0.21558
0.33909
0.1402
0.071454
0.14458
0.12163
0.11884
0.35599
1.164
0.68992
0.23257
0.10445
0.1164
1.3406
0.092854
0.13884
0.14705
0.65071
0.60962
0.52233
0.2633
0.31486
0.13887
0.22062
1.278
0.68301
0.38482
0.22497
0.068469
0.10589
0.57071
0.13754
0.89391
0.38947
0.12677
0.15953
0.33291
0.082483
0.9852
0.40495
0.11535
0.24166
0.13761
0.54852
1.0044
0.24112
0.29869
0.099731
1.1909
0.058358
0.4432
0.40834
0.084861
0.10297
0.10279
0.49578
0.71138
1.2697
0.085403
0.26277
0.16002
0.17527
0.088767
0.21421
0.29479
0.31997
1.2247
0.37126
0.63347
0.40309
0.32596
0.21737
1.1488
0.20126
0.744
0.14028
0.11575
0.49353
0.32241
0.2016
0.25141
0.073663
0.24161
0.896
0.46293
0.16623
0.17876
0.19521
0.15386
0.070576
0.64391
0.10534
0.18721
0.22539
0.081474
0.072998
0.077596
0.66238
0.14243
0.3789
0.35519
0.12732
1.0142
0.19941
1.1922
0.42571
0.78365
1.022
0.74359
0.18333
1.1337
0.073778
0.5314
0.62551
0.07107
0.13542
0.14124
0.73445
0.10037
0.63167
0.1313
0.53675
0.10065
0.1351
0.097285
0.28733
0.34289
0.10466
0.83025
0.20598
1.4359
0.7707
0.3876
0.065685
0.099376
0.096265
0.47545
0.098641
1.1978
0.083632
0.22655
0.10245
1.1218
0.36968
0.12456
1.2171
0.64545
0.59176
0.17777
0.21027
0.089875
0.85286
0.15906
0.27267
0.45341
0.17114
0.27892
1.5556
0.10898
0.071011
1.2014
0.070994
0.095114
0.36956
1.2344
0.098773
0.81838
0.16934
0.58288
0.61717
0.12945
1.3038
0.10837
0.64081
0.15009
0.14538
0.39046
1.5788
0.077154
0.34631
0.12378
0.42732
0.13447
0.36251
0.47079
0.078727
0.17854
0.079381
0.11129
0.094802
0.1739
0.095534
0.14249
0.38822
0.14027
0.11415
0.079743
0.64379
1.2168
0.1443
0.46464
0.56381
0.12042
0.10186
0.34862
0.11637
0.70474
0.25627
0.64784
0.89304
1.2954
0.19313
0.64228
0.26617
0.37239
0.25771
0.17221
0.45805
1.3253
1.2353
0.18178
0.18285
0.24344
0.1029
1.0938
0.082589
0.79815
0.095943
0.13389
0.19005
0.20248
0.63163
0.14149
1.2325
0.62052
0.57608
0.83527
0.10279
0.51732
0.83734
0.55094
0.12599
0.12114
0.3699
0.13905
0.21104
1.2163
0.49973
0.64948
0.11937
0.10452
0.13087
0.2588
0.91841
0.38894
0.97443
0.088983
0.10786
0.28262
0.38744
0.88799
0.12658
0.092212
0.44234
0.65891
0.23585
0.36268
0.11273
0.35698
0.31973
0.07302
0.47151
1.1338
1.0192
0.16547
0.26075
0.57048
1.0285
0.64064
0.54461
0.17893
1.1417
0.72522
0.52802
0.19031
0.10346
0.10238
0.25756
0.64939
0.89625
0.90853
0.099464
0.90201
0.14738
0.099406
0.21639
0.54247
0.1413
1.0097
0.76158
0.19933
0.27367
0.084502
0.096412
0.35617
0.14481
0.60795
0.087957
0.82692
0.50621
0.14592
0.19438
0.87161
0.21289
0.26167
0.43185
1.1766
0.78913
0.69861
0.35592
0.43401
0.18325
1.1449
0.56458
0.30641
0.11062
0.31488
0.11267
1.1709
0.57182
0.093823
0.13299
0.14492
1.0988
0.17729
0.62608
0.23634
1.3804
1.2559
0.10392
0.56675
0.7511
0.095654
0.21439
0.83331
0.15896
0.069028
0.43178
0.77888
0.11945
0.98284
0.46693
1.1585
1.0552
0.82432
0.11995
1.3305
0.16192
0.3693
0.098236
0.40368
1.269
0.11929
0.08525
0.15438
0.60121
0.17461
0.40047
0.31638
1.0397
0.3235
0.095461
0.16098
0.60567
1.4245
0.13127
0.078839
0.18892
0.40207
0.81276
1.0213
0.94697
0.13884
0.12751
0.10675
1.2221
0.087728
0.94102
0.37711
0.27767
0.4017
1.0875
0.99184
0.40048
0.68879
0.57181
1.0545
0.17861
1.164
0.1597
0.14604
1.2966
0.077521
0.84966
0.54723
0.55494
0.18012
0.44014
0.16228
0.089131
0.16317
0.12794
0.18579
0.10563
0.68801
0.29627
0.4078
0.13082
0.58872
0.33562
0.20101
0.17962
0.18568
0.10195
1.1504
0.9863
0.46897
0.11364
0.5765
0.21815
0.57207
0.31903
0.37126
0.10331
0.39236
0.19535
0.94038
0.22309
0.32131
0.14205
0.075503
0.22368
0.81976
0.11409
0.28316
1.0221
0.31804
0.17043
0.45211
0.29146
0.097509
0.18955
0.25942
1.0797
0.8455
1.151
0.2731
0.13216
0.22647
0.54753
0.1025
0.23144
0.12284
0.43328
0.62731
0.84284
0.9224
0.5692
0.37773
0.10451
0.11553
0.29185
0.89746
0.65783
0.11466
0.38131
0.2782
0.19454
0.31962
0.22448
0.37651
0.18719
0.10439
1.5427
1.2523
1.1614
0.22873
1.4918
0.14974
0.49516
1.1145
0.10726
0.25901
0.087136
0.78685
0.15097
0.10436
0.39321
0.12459
0.15075
0.27737
0.10699
0.58709
0.16968
0.084552
0.3768
1.0276
0.13218
0.098251
0.063113
0.84549
0.18788
1.1496
0.60338
0.12763
0.15283
0.21034
0.12814
0.14893
0.060245
0.31791
0.98136
0.10981
0.096374
0.71974
1.1137
0.33064
0.095668
0.085544
0.1337
0.19628
0.10737
0.70726
0.15527
0.12105
0.228
0.1649
1.7389
1.1262
0.12769
0.12169
0.31609
0.30786
0.11105
0.4527
0.083997
0.54983
0.069568
0.14354
0.79541
0.64631
0.66587
0.13122
0.20607
0.35918
0.24005
0.09557
0.14256
0.49136
0.085093
0.21662
0.16699
0.89152
0.55997
0.94147
0.20807
0.39186
0.11652
1.021
0.74716
0.12926
0.088304
0.40534
0.18614
0.50349
1.4617
0.1601
0.095514
0.54082
0.12521
1.1233
0.6853
0.13724
0.092163
0.08975
0.1123
0.13279
0.84684
1.0268
1.2669
0.11924
0.53021
0.54389
0.12027
0.094553
0.13376
1.0045
0.12682
0.13077
0.43994
0.13028
0.13149
0.85586
0.15848
0.27036
0.76183
0.54597
0.26592
1.5161
1.1651
0.17698
0.11446
0.068749
1.3281
0.20293
1.1762
0.23103
0.11416
0.12578
0.83484
1.3191
0.069633
0.23759
0.31519
0.23081
0.72646
0.068272
0.27711
0.28685
0.21487
1.1771
0.67217
0.28445
0.52859
0.060016
0.07507
0.096883
0.17451
0.14519
0.20541
0.15494
0.42735
0.40921
0.10329
0.2316
0.069711
0.18589
0.19557
0.15648
0.95693
0.22187
0.12813
0.11028
0.76793
0.055564
0.96267
0.23569
0.13191
0.12895
0.67624
0.1542
1.3406
0.097583
0.35544
0.06932
0.9833
0.20312
0.83138
0.76646
0.37825
0.19384
0.15674
0.90382
0.9244
0.78143
0.63252
0.073695
0.12594
0.1832
0.26848
0.085435
0.090025
0.51464
0.065769
0.087865
1.1265
1.1699
0.12944
1.2019
0.067307
0.18656
0.14926
0.12791
1.1116
0.47817
1.2128
0.62501
0.34123
0.99708
0.52167
0.12776
0.10664
0.25268
1.108
0.2152
0.39023
0.48657
0.22126
1.1291
0.37852
1.109
0.086816
0.1073
0.98738
0.85712
0.14202
0.52964
0.088203
1.0274
0.135
0.54424
1.2881
0.62957
1.047
0.08168
0.13556
0.13209
0.7384
1.2176
0.12876
0.43547
0.92985
1.2275
0.16233
0.11005
0.5159
0.07784
0.29033
0.22602
1.1231
0.48559
0.56561
0.62885
0.34837
0.28731
0.36695
0.51036
0.20543
0.13997
0.9783
0.27036
0.28252
0.19889
0.15519
0.092741
0.62194
0.15447
1.2187
0.25053
0.09301
0.77697
0.43786
0.12134
1.0243
1.0712
0.52462
0.11462
0.55631
0.15393
0.07671
1.1161
0.08279
0.16945
0.11442
0.31645
0.20491
0.19346
0.1464
0.52945
0.92824
1.118
0.84003
0.31082
0.82809
0.34968
0.53183
0.90328
0.52917
0.06737
0.10532
1.141
0.3973
0.78579
0.25241
1.0006
0.13483
0.88758
0.12771
0.55391
0.92047
0.17984
0.11132
0.10461
1.2307
0.17393
0.16713
0.097181
1.1948
0.26096
0.1025
0.086745
1.3169
0.10001
1.2133
0.36405
0.11837
0.077523
0.43555
0.24173
0.12313
0.12651
0.24902
1.1742
0.55256
0.11185
0.27935
0.17412
0.14019
0.58383
0.11323
0.46808
0.44511
0.23665
0.2892
0.1249
0.11509
0.5368
0.33951
0.4712
0.041689
0.078888
1.0197
0.88129
0.1188
0.91998
0.10647
0.55376
0.23747
0.52031
0.11467
0.74807
0.18994
0.11715
0.30569
0.11475
0.74594
0.65122
0.3504
0.37504
0.65146
0.17088
0.12689
0.12336
0.14745
0.21837
0.21439
1.0989
1.0309
0.35755
1.2222
0.29577
0.11645
0.10995
0.61369
0.2333
0.58905
0.11903
0.47242
0.080425
0.52672
0.88042
0.16267
0.32714
1.0564
0.81066
0.27144
0.40406
0.073719
0.83313
0.22369
0.1819
0.12413
0.1328
0.57899
0.27162
0.94053
0.44162
0.12845
0.097629
0.30403
0.34221
0.10175
0.14048
0.34133
0.19508
0.1772
0.41162
0.2466
0.18283
0.13457
0.27246
0.3932
0.5769
1.4674
0.13508
0.18437
0.33871
0.14335
0.33628
0.24153
0.32728
0.85265
0.35038
1.191
0.27004
0.16586
0.39904
0.2297
0.74939
0.81061
0.20698
0.5884
1.1423
1.0754
0.18012
0.26491
0.82972
1.2398
1.1609
0.30754
0.32848
0.15239
0.47433
0.15866
0.59645
0.23872
0.20939
0.2427
0.94358
0.47379
0.6121
0.68678
0.088359
0.56934
0.19436
0.15401
0.65233
0.51505
0.18495
0.073648
1.3851
0.19866
0.25217
1.5368
0.83383
0.591
0.90596
0.8167
0.12075
1.126
0.56838
1.4662
1.0872
0.33531
0.15971
0.7314
0.16491
0.1774
0.093397
0.29079
0.079373
0.22101
0.69056
0.52722
0.91109
0.28415
0.17868
0.13423
0.11669
0.07998
0.073344
0.080173
0.11385
0.92724
0.10964
0.68115
0.092496
0.45492
0.61753
0.084051
0.10524
0.20229
0.26996
0.14047
0.17159
0.35529
0.23465
1.4981
0.43494
0.29026
0.40152
0.11671
0.11558
0.23985
0.1205
0.38675
0.17001
0.15773
0.10457
1.0438
0.29536
0.60108
0.20326
0.16694
0.079195
0.63504
0.11167
0.49661
0.81345
1.1085
0.12992
0.22738
0.55006
1.2407
0.48968
0.16519
0.50304
0.12876
1.1937
0.29958
0.18004
0.2585
0.26988
0.16241
0.34433
0.19614
0.69887
0.27429
0.131
0.62758
0.31522
0.10864
0.45008
0.27591
0.13192
0.11242
0.73669
0.28684
0.8845
0.4983
0.1395
0.56516
0.10096
0.16359
0.16136
1.5928
0.62226
0.13795
0.10797
0.31155
0.66249
0.32893
0.096861
0.60373
0.117
0.32164
1.2976
0.68991
0.15713
0.17215
0.10899
0.22347
0.11586
1.0891
0.12028
1.4617
0.15827
0.58513
0.24073
0.24423
1.2653
0.073413
0.24346
0.15686
0.55289
0.11458
0.071861
0.47963
0.21745
0.1442
0.11003
1.084
1.3327
0.15085
0.97277
0.73181
0.11223
0.9667
0.73184
0.62511
0.064174
0.37669
0.14596
0.47508
0.33418
1.0894
0.11875
0.35641
0.6514
0.61369
0.19771
0.10076
1.0627
0.32067
1.4556
0.33015
0.09462
1.3095
0.10823
0.54301
0.078154
0.2482
0.56028
0.21292
0.11057
0.23124
0.21154
0.9124
0.31266
0.32641
0.38676
0.15887
0.24585
0.076113
0.84794
0.70987
0.36135
0.56918
0.36387
0.24451
0.12315
0.11343
0.13983
1.145
1.027
1.2404
0.1696
0.26837
0.95344
0.2224
0.15405
0.14787
0.96147
0.11276
1.218
0.13911
0.32138
0.90394
0.18632
0.1505
0.1224
0.51478
0.89771
1.2719
0.074495
0.083616
1.5346
0.45153
0.13568
0.64322
0.11633
0.21286
0.27914
0.076961
0.26435
0.1921
0.22173
0.2971
0.35099
0.12953
0.46323
0.29233
0.33095
1.0508
0.15079
0.24263
0.13035
0.29854
1.1195
0.32232
0.1559
0.19962
0.32899
1.0974
0.16655
0.23942
0.10141
0.89026
0.32512
0.22178
0.91027
0.29555
0.34907
0.21691
0.10469
0.95781
0.25256
1.0604
0.15901
0.1827
0.5033
0.22118
0.17561
0.34767
0.26465
0.12802
0.385
1.4556
0.7528
0.69384
0.2138
0.19481
0.26261
0.070971
0.56939
0.12048
0.16308
1.2322
0.080292
0.95572
1.1563
0.41409
1.2618
0.77017
0.10425
0.33397
0.15886
0.22164
0.61531
0.21883
1.1887
0.86022
0.57968
0.071952
0.52013
0.11971
0.099594
0.077642
0.11363
0.91917
0.44306
1.1346
0.32017
0.23237
0.12536
0.46572
0.45408
0.13502
0.2942
0.95272
0.84743
0.22184
0.65958
0.43514
0.85624
0.19584
0.179
0.20182
0.65565
0.31638
0.18511
0.11801
0.12582
0.32718
0.21682
0.50501
0.44914
0.65665
0.1786
0.088642
0.73696
0.24609
0.73643
0.32454
0.32839
0.54422
0.11309
1.294
0.12361
0.26662
0.67878
0.51893
0.85349
1.5802
0.52603
0.37201
0.086164
0.87709
0.28682
1.1276
1.3008
0.2275
0.075778
0.61896
0.32383
0.12454
0.16257
1.1413
0.28246
0.16077
0.96711
0.073521
1.3594
0.39996
0.16485
1.1455
0.23093
0.48223
0.26364
0.15382
0.0864
0.20194
0.12442
0.36839
0.45228
1.2785
0.58628
0.14312
0.11908
0.38463
0.076692
0.2072
0.16069
0.2825
0.54194
0.39052
0.17719
0.080125
0.55046
0.76183
0.088316
0.62571
0.14147
0.22583
1.6091
0.54742
0.34155
0.16501
1.1842
0.12784
0.2274
0.31783
0.066593
0.34348
0.20466
0.12241
0.25439
0.28981
0.67608
1.267
0.16016
0.60437
0.081389
0.085762
1.2362
0.69944
0.31322
0.19137
0.14204
0.17792
0.078631
0.32963
0.82637
0.085431
0.15361
0.17646
0.12847
0.35611
0.18453
0.52239
0.54694
0.3663
0.11499
1.1563
0.62311
0.99163
0.94864
0.18446
0.64568
0.16409
0.88593
0.2235
0.15625
0.80529
0.36116
0.3025
0.84874
0.098246
0.24744
1.2008
0.27331
0.16332
0.074188
0.46119
0.13401
0.20604
1.1387
0.15014
0.12421
0.22503
0.26559
0.61616
1.5823
0.11738
0.4209
0.071642
1.1843
0.86496
1.0224
0.24611
0.12557
0.40619
1.0158
1.2142
0.16695
0.096177
0.5353
0.13913
0.17127
0.16229
0.24025
0.19111
0.42454
0.30873
0.96477
0.98577
1.0659
0.19843
0.097726
0.14059
0.22685
0.51017
0.090947
0.20799
1.104
0.84539
0.83833
0.22118
0.10343
0.17396
0.067217
0.38649
0.52178
0.10735
0.172
0.11093
0.37386
0.073145
0.48406
0.1686
0.41969
0.086104
0.45093
0.90061
0.13146
0.42501
0.12507
1.0218
1.0137
0.16494
0.69573
0.12812
0.1166
0.38158
0.25899
0.95302
0.233
0.45009
0.34698
0.93391
0.072612
1.1763
0.20926
0.6143
0.11692
0.22007
0.29438
0.09852
0.085038
0.083004
0.31429
0.41656
0.1502
0.1449
0.12748
0.15953
1.0102
0.085727
0.1209
0.45196
0.17803
0.68517
0.21453
0.25287
0.32022
0.33457
1.1306
1.2693
0.18861
0.12819
0.99943
0.48931
0.31457
0.080373
0.56662
0.37582
0.43704
0.50929
0.13049
0.095231
0.088729
0.74563
0.16839
0.91081
1.187
1.0026
0.2199
0.21756
0.47401
0.0725
0.74583
0.1576
0.19375
0.080224
0.14382
0.4169
0.19584
0.35369
0.0916
0.13465
0.79957
0.4298
1.1706
1.1027
0.45539
0.12969
0.20252
0.26582
0.32144
0.17738
0.30773
0.28031
0.092846
0.077763
1.15
0.094117
0.64855
0.22492
0.37056
1.1037
0.12504
0.073605
0.19057
0.13575
0.089472
0.10292
1.209
0.069638
0.2059
0.90063
0.17435
0.81406
0.15407
0.18741
0.12586
0.32853
1.3066
0.07441
0.15478
1.1498
1.1999
0.1979
0.52468
0.43404
1.1126
0.23825
0.16401
0.075096
0.17769
0.22247
0.41294
0.065647
0.15849
0.27728
0.7981
1.1605
0.13837
0.25098
0.3928
0.39293
0.78302
0.1546
0.12113
0.14427
0.24967
0.39013
0.11817
0.21112
0.27235
0.95721
0.25345
1.2132
1.3328
0.17217
0.9281
0.88567
0.65153
0.17477
0.39241
0.51227
0.17087
0.69624
0.54864
0.81773
1.0723
0.16821
0.092848
0.25665
0.29941
0.33338
0.69163
0.1488
0.11881
0.2153
1.3996
0.080914
0.10071
0.76724
0.19965
0.41719
0.18069
0.7326
0.2521
0.14582
0.23793
0.65278
0.062751
0.28038
0.1512
0.28142
0.80147
0.13695
0.15623
0.76686
1.2469
0.08248
0.9826
0.20835
0.075706
0.2611
0.12403
0.87627
0.14427
0.13615
0.3453
1.0161
0.25208
0.07101
1.2056
0.157
0.12484
0.42579
0.44305
1.0236
0.1299
1.177
0.17393
0.096056
0.36903
0.67999
0.097464
0.15461
0.51353
0.37313
1.2065
0.15338
1.0323
1.3213
1.192
1.1921
0.37668
0.67668
0.24498
0.21346
0.13714
0.089441
0.11872
0.16544
0.37052
0.18209
0.11691
0.18828
0.14047
1.1913
0.40473
0.24166
0.33676
0.30111
0.10048
0.60571
0.7557
0.15664
0.27017
0.49921
0.13221
0.91383
0.36713
0.70669
0.214
0.22965
0.41903
0.13412
1.0452
0.28395
0.96519
0.2299
0.10037
0.062158
0.10318
0.39132
0.10082
1.0552
0.3229
0.085001
0.10284
0.46128
0.12339
0.12823
0.090699
0.085998
0.34236
0.68593
0.42733
0.54565
1.109
0.076526
0.96122
0.4672
0.096927
0.12644
0.82133
0.34996
1.228
0.35345
0.060054
0.13595
0.14789
0.20721
0.19769
0.27567
0.39042
0.70193
1.1478
0.22119
0.093382
0.22756
0.24839
0.77989
0.14057
1.6059
0.54269
0.69026
0.17434
1.3434
0.80549
0.12135
1.2152
0.13324
1.0261
0.32558
0.12366
0.26484
0.12982
1.1157
1.0651
0.68751
0.87503
0.12467
0.28733
0.18494
0.086298
0.63762
0.55812
0.75474
0.16499
1.2053
0.11922
0.33328
0.41043
0.13611
0.75388
0.093747
0.095535
0.13118
0.46419
0.43861
1.601
0.19223
0.30986
0.11993
0.31273
0.7333
0.82239
0.4594
0.15561
0.18903
0.33149
0.20947
0.17729
0.31148
0.68092
1.3062
0.19423
1.3602
0.20148
0.82883
0.25163
0.16087
0.18063
0.1383
0.14668
1.1165
0.63052
0.14308
0.2178
0.098736
0.13763
0.34915
1.239
0.066065
0.07554
0.079252
0.17586
0.16467
0.55628
0.26989
0.56438
0.14737
0.084422
1.243
0.33921
0.22961
0.19876
1.0354
0.26649
0.16882
0.65421
0.69221
0.33518
0.076256
0.12258
0.11734
0.23173
0.10302
0.14469
0.22841
0.077343
0.13629
0.22833
0.1326
0.10621
0.083728
0.10864
0.10547
0.21601
0.47341
0.2794
0.11
0.10642
0.23546
0.65232
0.16904
0.08214
0.64623
0.44801
0.085148
0.49599
0.9395
0.70663
0.30309
0.069633
1.1397
0.57404
0.083179
0.26847
0.092324
0.79612
1.1205
0.079847
0.12665
0.09947
0.18736
0.40537
0.2963
0.36297
0.54298
0.85369
0.48836
1.0069
0.10673
0.19371
0.22452
0.70906
0.40408
0.41497
0.92197
1.1304
0.51566
0.085262
0.26683
1.5612
0.24431
0.1056
0.44318
0.17926
0.074713
1.1039
0.26308
0.12232
0.65244
1.1167
0.29674
0.097375
0.11754
0.25596
0.64628
0.099361
0.59021
0.26026
0.78044
0.13702
0.68331
0.18885
0.16231
0.13754
0.21698
0.082299
0.11957
0.10132
0.16141
1.3633
0.71858
0.085275
0.31995
0.14627
0.2379
0.23301
0.31566
0.56448
0.18738
1.2237
0.97057
1.1207
0.27105
0.099668
0.5717
0.33599
1.0823
0.20499
0.074469
1.2161
0.30257
0.16727
0.29857
1.0263
0.61746
0.15375
0.12866
0.43896
1.0913
0.25183
0.2648
0.31009
0.49794
0.17465
1.0281
0.097406
0.59709
0.13588
0.23745
0.14725
0.22667
0.2572
0.57414
0.28503
0.25122
1.0242
0.80133
0.28568
1.2051
0.75626
0.26317
0.40549
0.48165
0.31551
0.14732
0.1502
0.062276
1.0263
0.21999
1.3091
0.11732
0.30582
0.20283
0.22329
1.1075
1.2011
0.71961
0.12787
0.11545
1.0297
0.22406
0.76721
0.20067
1.2989
0.3429
0.24518
0.11467
0.14587
0.52282
0.27436
1.1272
0.10353
0.73731
0.10562
0.79828
0.19483
0.11023
0.33337
0.24309
0.078941
0.072991
0.87258
0.10588
0.083315
0.25991
0.08199
0.11867
0.22124
0.16338
0.29103
0.42067
0.12226
0.19935
0.11449
1.0934
0.22805
1.0244
0.66915
0.10303
0.81666
0.22992
0.97594
0.73271
0.15644
0.66432
0.091807
0.1985
0.077365
0.099346
0.12547
1.1654
0.18556
0.18984
1.0702
0.28518
0.08776
0.80876
0.29935
0.12195
0.11251
0.54894
0.071603
0.90932
0.21629
0.54553
0.85584
0.35046
0.98435
0.54799
0.20547
0.40462
1.0494
0.97266
0.34363
0.22078
0.079387
1.107
0.98301
0.25827
0.1045
0.10582
1.0936
0.12712
0.31763
0.50741
0.20294
0.17295
0.29493
1.0166
0.67202
0.40993
0.40135
0.22353
0.14005
0.67159
0.13964
0.28782
1.105
0.19963
0.30753
0.10205
0.60615
0.69062
0.35156
0.11143
0.14498
0.13452
1.2238
0.14128
0.65156
0.10855
0.56806
0.22529
0.60735
0.13641
0.34971
0.3291
0.097352
0.57253
1.1386
0.34035
0.31133
0.21196
0.47016
0.16613
0.15827
0.060747
0.09277
0.36083
1.1456
0.61088
0.14385
0.065796
0.13532
0.081715
0.83646
0.46479
0.20656
0.094971
0.12245
0.13825
0.23018
1.3075
0.16663
0.58967
0.17955
0.1101
0.21958
0.1821
0.087711
0.09242
0.20776
0.22117
0.45861
0.77298
0.068602
0.36994
0.98777
0.23864
0.13437
0.2814
1.4396
0.27847
0.093995
0.14007
1.0974
0.1448
0.1183
0.082907
1.1465
0.69838
0.26642
0.63056
0.6343
0.13449
0.10233
0.44535
0.1756
0.16448
1.5502
0.75635
0.81339
0.82976
0.083563
0.24678
0.57129
1.0834
1.0445
0.10822
0.71803
0.24304
0.45786
0.10016
0.15352
1.0095
0.095708
0.14759
1.0948
0.10913
1.5369
0.5015
0.64859
0.9584
0.14402
0.23423
1.0044
0.50323
0.49475
0.12531
0.2266
0.4307
0.48333
0.16143
0.92057
0.15643
0.077619
0.18086
1.0763
0.13081
0.058509
0.14446
0.11394
0.14322
0.10425
0.22886
0.32042
0.85048
1.3629
0.33453
0.17371
1.1946
1.2119
0.22595
0.070197
0.57088
0.24871
0.21379
0.19217
0.60778
0.56628
0.4489
0.61815
1.0395
0.36685
0.59667
0.67046
0.96271
0.20662
0.15093
0.081902
0.10089
0.52948
1.1587
1.3071
0.24172
0.21119
0.79347
1.0956
0.2389
0.12205
0.21271
1.3421
1.1547
0.065864
0.45285
0.17311
0.17808
1.144
0.13439
0.17766
1.1457
0.07429
0.57094
0.16434
1.0981
0.13791
0.33526
1.2889
0.48424
0.38423
0.14375
0.126
0.15308
1.0446
0.1699
0.062594
0.096214
0.26782
0.19674
0.064101
0.10478
0.16576
0.76976
0.58125
0.28009
0.36012
0.1709
0.061982
1.0021
0.75196
0.089505
0.35061
1.1968
0.30068
0.33066
0.30864
0.16705
0.40471
0.14799
0.94504
0.11055
0.095541
0.094495
0.29275
1.0337
0.12364
0.45003
0.12344
0.34041
0.73164
0.19239
0.18016
0.21736
0.16105
0.7488
0.12834
1.0701
0.19926
0.26197
0.40296
0.64304
0.17563
0.64284
0.10881
0.20948
0.33826
0.63451
0.16858
0.07123
0.52265
0.17604
0.19012
0.097084
0.63674
0.53511
0.19185
0.20264
0.07218
0.19879
0.30915
1.1078
0.3731
0.46766
1.3135
0.13542
0.076737
0.28498
0.16596
0.10926
0.058821
0.61402
0.10576
0.14839
1.1546
0.11567
0.21174
0.10535
0.17288
0.18351
1.4395
0.20262
0.51232
1.3539
0.30312
0.18762
0.081317
0.71166
0.063087
0.2732
0.11975
1.4853
0.28858
1.1603
0.16902
0.25132
0.59321
0.31066
0.20528
0.72191
0.071707
0.25512
0.8452
1.1325
0.40545
0.50007
0.50786
0.081621
0.97332
0.12756
0.16435
0.10315
0.10316
0.10677
0.35332
0.46604
0.14472
0.39093
0.37736
0.99437
0.75171
0.67778
0.13673
0.4292
0.1295
0.08163
0.1792
0.98708
1.4038
0.084073
0.49417
0.087598
0.1556
0.41648
0.19839
0.58469
0.18286
0.14131
0.19075
0.11287
0.10082
0.53661
0.085825
0.3433
0.077605
0.13131
0.1304
0.6477
0.16124
0.97726
0.34505
0.15881
0.32998
0.61883
0.072995
0.78523
0.21984
0.6292
0.3091
0.34354
0.15891
0.07206
1.0631
0.22598
0.3853
0.33237
0.15978
0.32754
0.094547
0.1087
1.2029
0.54286
0.14932
1.2051
0.1156
0.13316
0.27073
0.29321
0.36026
0.44942
0.072169
0.43522
1.1596
0.22351
0.19871
0.098775
0.12888
0.14656
0.88086
0.30119
0.20208
0.9058
0.96043
1.1133
1.2405
1.0927
0.9294
0.86871
0.083605
0.20648
0.25665
0.34017
0.1774
0.20835
0.97271
0.20569
0.32923
0.10701
0.65112
1.0356
0.084142
0.65141
1.4335
0.078496
0.14322
0.96691
0.14381
0.35567
0.093202
0.25071
0.29419
1.163
0.60167
0.18441
1.0484
0.52436
0.61891
0.13064
0.30112
1.198
0.68619
0.22401
0.43246
0.99795
0.58791
0.57895
0.1386
0.067972
0.40629
0.13904
0.3065
1.0738
0.11329
0.28141
0.63655
0.69942
0.17999
0.55895
0.15733
0.39574
0.2461
1.0383
0.1038
1.2955
0.32139
0.1655
0.10163
0.27192
0.093523
0.16166
0.086576
0.22658
1.4929
0.10337
0.34462
0.26537
0.28083
0.099825
0.67879
0.45317
0.73432
0.66563
0.25009
0.48962
0.93152
0.13184
0.41298
0.49032
0.12545
0.11645
0.096305
0.14168
0.1812
1.2656
0.63245
0.43681
0.11387
0.85873
0.089877
0.070729
0.89779
1.046
0.56955
0.56349
0.078689
0.70486
0.24869
1.0598
0.041779
0.67537
0.18239
0.20021
1.0418
0.97266
0.31558
0.31139
0.64933
0.18058
0.18335
0.054417
0.11346
0.12923
0.19104
0.091996
0.40366
0.90999
0.10526
0.1987
0.073834
0.33049
0.38994
0.99465
0.37901
0.37763
0.15425
0.57655
0.54509
1.1616
0.16968
0.18724
0.35388
0.532
0.4732
0.22465
0.21137
1.1246
0.10469
0.073616
0.24904
0.27293
0.064794
0.088051
0.33813
0.92137
0.80137
0.60745
0.10669
0.29901
0.10295
0.075723
0.25794
0.50214
0.73837
0.43163
0.68402
0.20999
0.62617
0.080139
0.43816
0.073576
0.39172
0.1538
0.13689
0.67124
0.17757
0.11144
0.21718
1.5159
0.16373
0.6384
1.0577
0.73061
0.97898
0.44624
0.96657
0.73255
0.1403
0.16241
1.1864
0.92516
0.23581
0.11018
0.17548
0.31116
0.522
1.2161
0.30502
1.0674
0.12709
0.17549
0.37952
0.56787
0.13947
1.1055
0.40609
0.14769
0.42379
0.67896
0.88215
0.60207
0.9232
0.34643
0.70305
0.16016
0.076419
0.11719
0.11717
0.60522
0.10222
0.10235
0.4055
0.14764
0.1636
0.20352
0.25784
0.08748
0.079413
0.18579
0.50004
0.37816
0.68663
0.93973
1.1998
0.11051
0.89851
0.34189
1.2019
0.17382
0.12777
0.54504
0.70025
0.098428
1.0524
0.41181
0.60624
0.21615
0.26352
0.5196
0.08512
0.11848
0.48987
1.3168
1.0023
0.21158
0.19253
0.32268
0.09962
0.84531
0.15745
0.50433
0.11744
0.31796
0.25097
0.43248
0.081871
0.62739
0.11466
0.12819
0.29777
0.17421
0.12069
0.15284
0.27771
0.52662
0.17247
0.6233
0.15727
0.19562
0.49537
0.085212
0.64963
0.25296
0.18562
0.67242
0.082546
0.21999
0.22592
0.48778
0.30079
0.17319
0.2376
0.67029
0.17014
0.33619
0.9754
0.35834
0.070239
0.13936
0.18824
0.25781
0.19221
0.7378
0.26072
0.59903
0.075656
0.46195
0.53974
0.17885
0.19852
0.48145
1.0897
0.23858
0.096384
0.24522
0.72986
0.37201
1.1172
0.086982
0.11108
1.0604
1.3107
0.17633
0.14297
0.41454
1.5995
0.83511
1.0103
0.10187
0.18312
0.23636
0.16387
1.2544
0.58519
0.10005
0.22237
0.46751
0.12515
1.0982
0.41285
0.18743
0.36828
0.4468
1.1444
0.11116
0.34372
0.68347
0.71326
0.60488
0.36588
0.29361
0.12923
0.25827
0.9577
0.19897
0.77507
0.10358
1.2135
0.5706
0.56127
1.0191
0.15716
0.12068
0.96255
0.75902
0.094709
0.69609
0.41399
0.90005
0.37925
0.25196
1.7128
0.075412
0.40342
0.10777
0.42011
0.55635
0.67802
1.3217
0.072542
0.62497
0.20849
0.096985
0.24792
1.0412
0.45715
0.29579
0.26545
1.0573
0.49625
0.3891
0.09425
0.27407
0.2003
0.10396
0.40661
1.348
0.42248
0.90714
0.23834
0.17903
1.0514
0.11911
0.14828
0.13533
0.28943
0.35258
0.12495
0.1004
0.061977
0.44378
0.22931
0.095066
0.074148
0.83727
1.213
0.086743
0.09196
0.59067
0.65036
0.3729
0.35051
1.167
0.22481
0.19002
0.67514
0.31861
0.20358
0.43205
0.14793
0.23308
0.43722
0.068279
0.27402
0.36265
0.11389
0.54185
0.070165
0.95965
0.086574
0.27162
0.37586
0.51246
0.95519
0.11658
0.097542
0.10991
1.0624
1.1705
0.20805
0.14385
0.20891
0.062876
0.5516
0.62247
1.2664
0.66909
0.18919
0.16552
1.1601
0.23324
0.76752
0.12329
0.11903
0.11517
0.18283
0.24371
0.085231
0.82967
0.52185
0.97326
1.0926
0.1506
0.086603
0.12083
0.087305
0.77122
0.27596
0.074999
1.1877
0.2362
0.11679
0.33334
0.70934
0.93323
0.094227
0.24683
0.14255
0.080099
0.47106
1.1553
0.63076
0.37958
0.84015
0.10169
0.71773
0.08005
0.20846
0.074013
0.23092
0.11058
0.092265
0.7503
0.42453
1.0921
0.37067
0.1628
0.39723
0.17889
0.5461
0.19717
0.99927
0.57642
0.22766
0.10899
0.57745
0.46344
0.13172
0.22466
0.9272
0.35903
0.12501
0.1968
0.14255
1.1336
0.19131
0.077369
0.26643
0.84121
0.30768
0.1995
0.15302
0.59985
0.71209
0.55186
0.24011
0.21055
0.35628
0.12068
0.14371
0.59806
0.11151
0.3123
0.40817
0.17748
0.1531
0.065144
0.60262
0.19307
0.11052
0.085672
0.22373
0.49086
0.26896
0.51686
0.3106
0.067195
0.23591
1.1421
0.11106
0.79422
0.27831
0.64568
0.15192
0.078856
0.11766
0.40355
0.080669
0.098238
0.13138
0.87368
0.12564
0.44196
1.1884
0.081617
0.1902
0.13429
0.86018
0.5049
0.11793
0.16003
0.34288
0.3339
0.15451
1.0256
0.099623
0.49995
0.20963
0.32319
0.17724
0.13273
0.13867
1.0455
0.31469
0.3262
1.2036
0.47946
0.57763
0.4086
0.062216
0.12734
0.16911
0.24112
0.94714
0.22311
0.15085
0.12239
0.48721
0.44775
0.18741
0.60391
0.97835
0.22384
0.38532
0.76585
0.10303
1.1928
0.17921
0.17375
0.49314
1.0076
0.1602
0.3016
1.181
0.25946
0.1036
0.11828
0.80521
0.82685
0.29181
0.50751
0.50366
0.86714
0.55125
0.18383
0.10097
0.32599
0.41969
0.1279
0.14408
0.17867
0.12368
1.2891
0.26492
0.10606
0.37726
0.086636
0.44595
0.13305
0.50805
0.17353
0.94912
1.116
0.22077
0.31109
0.20712
1.1601
1.0471
0.10355
0.19702
0.95337
0.36775
0.082842
0.097888
0.47165
1.1456
0.077808
0.14119
0.49369
0.58433
0.45795
0.38159
0.29166
0.61685
0.20417
0.18514
0.12787
0.76909
0.52493
0.10721
1.0071
0.40131
0.23103
0.44422
0.08372
0.099639
0.42575
0.45141
0.14558
0.29079
0.65179
0.12111
0.41746
0.23545
0.49845
0.71716
0.7964
0.13411
0.88149
0.14853
0.38079
0.79033
1.1532
0.10698
0.13218
0.20439
0.14746
0.93104
0.23296
0.30353
0.14956
0.25935
0.73219
0.18522
0.52133
0.28089
0.16134
0.35894
0.3521
0.4701
0.19685
1.0414
0.27476
0.2398
0.14074
0.31064
0.6513
0.72962
0.67114
0.45611
0.19976
0.18694
0.2225
0.12954
0.12011
1.0064
0.59731
0.16208
0.74104
0.16034
0.12439
0.15814
0.1785
0.35911
1.586
0.20167
0.13317
1.1665
0.41579
0.076453
0.2726
0.42179
0.881
0.36149
1.1596
0.11766
0.12844
0.5976
0.18621
0.46854
1.3295
0.17545
0.13544
1.0863
0.098281
0.35287
0.090197
1.2099
0.21695
0.88834
1.226
0.67207
1.1547
0.31933
0.22258
0.84864
1.3758
0.13421
0.25603
0.27946
0.077803
0.77282
0.22815
0.82872
0.53327
0.877
0.65543
0.7839
0.18608
0.073259
0.90475
0.14689
1.0337
0.42605
0.07309
1.1005
0.26119
0.41205
0.21184
0.12818
0.10122
0.98921
0.13053
0.085036
0.097193
0.13316
0.6441
0.27064
0.13406
0.769
0.78617
0.15793
0.41316
0.29291
0.08363
0.11278
0.29421
0.59826
1.196
0.55153
0.32681
0.5048
0.20828
0.97187
0.17109
0.17081
0.22481
1.1518
1.1328
0.12531
0.17624
0.28319
0.33739
0.14961
0.36455
0.099769
0.23797
0.18588
0.12723
1.0248
1.0157
1.1856
0.091317
0.28769
0.17493
0.32095
0.12482
0.27333
0.79923
0.28746
0.97942
0.2738
0.11171
0.23086
0.19339
0.51017
0.10904
0.14984
0.46083
0.18056
0.092852
0.48231
1.3377
0.088362
0.51273
0.19534
0.077245
0.32198
1.0132
0.99811
0.25194
1.3105
0.51249
0.37742
0.074763
0.99131
1.1548
0.62594
0.69511
0.33593
0.44863
0.60783
0.22813
0.17307
0.4553
0.19213
0.15707
0.17733
0.311
0.703
0.85901
0.065117
0.14198
0.095868
0.076143
0.30055
0.35384
0.38494
0.72297
0.19231
0.38201
0.31977
0.49478
0.24575
0.19659
0.9877
0.77491
0.25497
0.18458
0.10282
0.69735
1.1084
0.14965
0.29455
0.96916
0.40678
0.62834
0.099911
0.087817
1.1167
0.28025
0.13415
0.15852
0.12672
0.19581
0.36766
0.23445
1.129
0.25258
0.18183
0.12591
1.2604
0.094727
1.319
0.11815
0.78503
0.11437
0.76906
0.3534
0.08629
0.10323
0.99467
0.57524
1.0375
0.72265
0.14435
0.15521
0.14058
0.08372
0.11918
0.6699
0.73713
0.14226
0.91654
0.087245
0.11648
0.11352
0.12012
0.73731
0.15812
0.35862
0.33688
0.21786
0.26877
0.12075
1.2149
0.097269
0.27505
1.0245
0.18205
0.10296
0.16097
0.19915
0.71478
0.88237
0.089395
0.088681
0.60757
0.29383
0.22465
0.28422
0.23642
0.096344
0.12757
0.097583
0.88187
0.25517
0.12664
0.67807
0.252
0.86251
0.14808
0.11741
0.57482
0.21498
0.15806
0.71953
0.11841
0.10349
0.63397
0.57466
0.92771
1.033
0.19575
0.38136
1.2377
0.12402
0.20957
0.42615
0.24911
0.49199
0.23027
0.69403
0.13875
0.44731
0.07962
0.33844
1.0701
0.40077
0.092252
0.26206
0.25626
0.085586
0.84507
0.41174
0.13042
0.36249
1.0401
0.075459
0.5157
0.12641
0.75376
1.0403
0.50395
0.2956
0.57908
0.51834
0.18356
0.68458
0.10773
0.54709
0.29
0.15755
0.13884
1.0289
0.65071
0.20894
0.12653
0.093086
0.083948
0.39667
0.062285
0.21738
0.083951
0.9185
0.52954
1.2624
0.21906
1.1242
0.4693
0.86351
0.97629
1.1621
0.36441
0.33291
0.21223
0.075029
0.11399
0.29547
0.56101
0.30321
0.62954
0.31469
0.7664
0.1937
0.87037
0.25044
0.058358
0.4432
0.14781
0.92196
0.40349
0.39129
1.5839
0.089507
0.71626
1.6938
0.54802
0.11107
0.10512
1.3816
0.32573
0.22996
0.6589
0.18027
0.35113
0.66707
0.26591
0.16189
0.71989
0.66502
0.22608
0.093198
0.29785
0.13504
1.1594
0.12962
0.18922
0.96757
0.79954
0.18391
0.091789
0.59469
0.10858
0.17876
0.63445
0.15386
0.25878
0.10904
0.71157
1.1523
0.9332
0.13437
0.28224
0.099746
0.31772
0.1423
0.56759
0.43752
0.12732
0.40918
0.16628
0.51125
0.29165
1.0592
0.71844
0.27153
0.11321
0.96136
0.22213
0.55226
0.17355
0.07107
0.22657
0.16433
0.095123
0.32508
0.6944
0.28843
0.39869
0.32351
0.73506
0.097285
0.087777
0.55609
0.090167
0.18011
0.28872
0.089032
0.19209
0.56352
0.17741
0.93413
0.096265
0.59944
0.26013
0.47878
1.02
0.082008
0.19881
1.1218
0.10849
0.11042
0.7913
0.47921
0.55673
1.0429
0.1588
0.80989
0.81691
0.15906
0.27267
0.22571
0.1755
0.14404
0.12225
0.10898
1.4239
1.2014
0.070994
0.13557
0.52494
0.54968
0.22452
0.10982
0.16934
1.5489
0.57594
0.079634
0.17192
0.25558
1.2543
0.58945
0.81598
0.19742
1.2228
0.077154
0.54884
0.16056
0.15876
0.32109
0.24083
0.47079
0.13246
0.29058
0.1844
0.11129
0.89078
1.3052
0.15307
0.13432
1.0378
0.22626
0.12505
0.1085
0.073217
1.0206
0.1661
0.39592
0.14045
0.20697
0.11332
0.37946
0.31879
1.2293
0.25627
0.11545
0.11948
0.21392
0.1716
0.21726
0.26617
0.19111
0.18944
0.50501
0.088349
0.23242
0.11205
0.098958
0.16442
0.13213
0.66316
0.091198
0.082589
0.79815
0.16971
0.077199
0.27127
0.20653
1.164
0.14149
1.1233
0.19008
0.12917
0.54856
0.20654
1.2638
0.28825
0.15198
0.062619
0.12114
0.3699
0.65543
0.2784
1.1922
0.49973
0.34348
1.1701
0.33099
0.10373
1.0837
0.077949
0.19478
0.13795
0.18266
1.054
0.42362
0.12262
0.56251
0.10541
0.32322
0.28495
1.1966
0.42113
0.5891
0.21928
0.49664
0.2546
0.4364
0.17308
0.31514
0.25047
0.59755
0.11831
0.29616
0.49273
0.49521
0.54461
0.64666
0.076897
0.49688
0.76974
0.13816
0.35185
0.6585
0.1971
0.52784
0.89625
0.061442
0.36829
0.76041
0.10809
0.099406
1.2173
0.45263
0.27838
0.17634
0.1146
0.59864
0.27367
0.19767
0.10064
0.96304
0.12691
0.60795
0.51398
0.42598
0.092209
0.67609
0.12305
0.11555
0.17793
0.26167
0.43185
1.1766
0.69052
1.1542
0.49678
0.10307
0.17401
0.21389
0.11113
0.23345
0.11062
0.28086
0.1704
0.074329
0.59038
0.0988
0.10047
0.14492
0.72368
0.47754
0.90094
0.3616
1.0575
1.2086
0.10392
0.09677
0.10263
0.20373
0.13638
0.83331
0.39439
0.17481
0.3742
0.77888
0.18394
0.98284
0.74747
0.37618
0.31491
1.1587
0.15992
1.3305
1.1616
0.093474
0.10779
0.24132
0.60405
0.73054
0.57072
0.37327
0.60121
0.08766
0.062024
0.33729
0.068737
1.0054
0.1648
0.16098
0.085146
0.1399
0.13127
0.36098
0.13605
0.41708
0.33683
1.0213
0.14623
0.26168
0.16289
1.155
1.3442
0.2121
0.35936
0.14968
0.53047
0.1065
0.75553
1.2702
0.23888
0.35001
0.70965
0.24161
0.072436
0.13567
0.47966
0.18286
0.22593
0.077521
0.84966
0.54723
0.14315
0.38706
0.17913
0.10069
0.082346
0.61753
0.0765
0.18579
0.27197
0.63122
0.29627
0.2768
0.88622
0.11112
0.33562
0.85306
0.17962
0.25402
0.44053
0.25151
1.2036
0.071847
0.15747
0.12049
0.10836
0.57207
0.15467
0.27085
0.10813
0.39209
0.91298
0.11598
0.15876
0.77969
1.0627
0.80637
0.97668
0.35014
1.1634
0.38545
0.47313
0.28591
0.14604
0.070839
1.1632
0.13981
0.4171
0.25942
0.26414
0.22692
0.11567
0.58063
0.39126
0.80893
0.82164
0.10693
0.49121
0.79084
1.1292
0.57393
1.0559
0.48231
0.32289
0.095591
0.10451
0.11958
0.15669
0.20723
0.86044
0.15925
0.20027
0.22258
0.068583
0.16111
0.22448
0.20716
0.12279
0.37425
0.098171
0.70048
1.2092
0.47387
0.42833
0.19451
0.92426
0.84429
0.078862
0.0815
0.16898
0.093157
0.22337
0.20538
0.39321
0.12459
0.12899
0.11154
1.1072
0.21093
0.15091
0.094433
0.3095
0.074194
0.12009
0.16096
0.92586
0.70785
0.11555
0.19175
0.19805
0.35642
0.90915
0.45085
0.38861
0.36866
0.16187
0.31791
0.98136
0.92813
0.62868
0.25704
0.3843
0.13445
0.90202
0.10798
0.1299
0.26884
0.087231
0.2928
0.15527
0.84519
0.7715
0.94158
0.14533
0.57227
0.12769
1.0804
0.31609
0.19957
0.54797
0.77549
0.083997
0.08361
0.11171
0.18432
1.3679
0.64631
0.13072
1.2296
0.22975
0.64856
0.23996
0.13645
0.7778
0.11934
1.2351
0.90274
0.16405
0.67108
0.39897
0.25914
0.17949
0.15113
0.33377
0.19336
0.68306
1.3416
0.088304
0.09908
0.087385
0.13141
0.22585
0.62428
0.13203
0.068048
0.12521
0.093502
0.089597
0.50743
0.092163
0.25221
1.3352
0.13279
0.11393
1.1291
0.10278
0.11924
0.093869
0.25361
0.61647
0.26243
0.84679
0.62953
1.2083
1.6466
0.6554
0.13028
1.4287
0.85586
0.19828
0.19451
1.4694
0.54597
0.26592
0.21235
0.5011
0.17332
0.30701
0.064774
0.10121
0.49184
0.40341
0.12572
0.21159
0.35568
0.98589
0.097895
0.069633
0.11439
0.61793
0.37402
0.43304
0.40266
0.11335
0.32039
0.31697
1.1771
0.26069
0.40853
0.077055
0.49401
0.30575
0.10813
0.19314
0.1864
0.20541
1.118
0.14033
0.13884
0.24309
1.0587
0.14534
0.50643
0.19557
0.06042
0.95693
0.16703
0.90319
0.07551
0.10362
0.10821
0.11733
0.38845
0.29778
0.48534
1.1731
0.24855
0.17007
0.1632
0.09706
0.29126
0.23506
0.48609
0.89608
0.59645
0.72317
1.3762
0.67636
0.90382
0.28369
0.40954
0.17615
1.1764
0.47398
0.38602
1.1035
0.085435
0.68574
0.10855
0.18957
0.51133
0.088714
0.66212
0.12944
0.10067
0.94334
0.77748
0.13862
0.19862
0.083363
0.0731
0.11325
0.75665
0.34123
0.94686
0.6992
0.23803
0.11051
0.14428
0.10869
0.2152
0.9955
0.36737
0.17
0.26179
0.25942
0.1256
0.61629
0.19714
0.30354
0.12509
0.14146
1.2019
0.088203
0.18032
0.20146
0.29676
0.87231
0.21901
0.40396
0.25068
0.21268
1.365
0.44304
0.25495
1.074
0.43547
0.49306
0.2179
0.73187
0.90822
1.3255
0.21376
0.34575
0.16307
0.27779
0.53354
0.30781
0.37058
0.34837
0.093971
0.13215
0.2199
0.19939
0.11218
0.9783
0.19074
0.23289
0.19889
0.28492
0.093702
0.19156
0.1132
0.89421
0.25053
0.08224
0.77697
0.53525
0.5406
1.1107
0.077661
0.35389
0.14222
0.061811
0.25953
0.07671
0.2277
0.32445
0.24245
0.12929
0.62271
0.20491
0.3326
0.1464
0.29174
0.12293
1.118
1.1026
0.11084
0.079488
0.15821
0.80537
0.7558
0.099532
1.257
0.51212
0.42199
0.51152
0.14604
0.37936
0.10091
0.1917
1.1656
0.10219
0.36215
0.72615
1.0896
1.1248
0.57756
0.097846
0.22039
0.16087
0.12573
0.19323
0.73606
0.24618
0.9527
0.15631
0.10338
0.52577
0.3755
0.24352
0.6292
1.4138
0.2174
0.12313
0.12651
0.57346
0.25912
0.14572
0.98382
0.19326
0.21057
0.32653
0.12475
0.78949
0.30515
0.44511
0.23665
0.32401
0.99259
0.56373
0.063812
0.86446
0.094187
0.57753
1.1259
0.34695
0.18639
0.11576
0.91998
0.17621
0.3883
0.52323
0.88553
0.11467
0.38408
0.15716
0.29408
0.30569
0.11475
0.57102
0.65122
0.21692
0.091902
0.65421
0.51321
0.29047
0.2658
0.43239
0.21837
0.12408
0.68779
1.1722
0.46706
0.91296
0.39627
0.23387
0.12622
0.41034
0.48488
0.36762
0.70145
0.077894
0.1097
0.11782
0.19564
0.76013
0.1985
0.23803
0.10995
0.27144
0.34852
0.12217
0.80216
1.1472
0.54244
0.091863
0.24508
0.5733
0.89444
0.12316
0.81446
0.085488
0.21538
0.15037
0.23069
0.22792
0.75308
0.68909
0.13683
0.70572
0.98259
1.5964
0.30888
0.89761
0.27246
0.099233
0.21086
0.17589
0.43269
0.87881
1.1545
0.11664
0.5444
1.2801
0.11407
0.49254
0.35038
1.1427
0.13757
0.21956
0.31425
0.23664
0.20904
0.81061
0.13466
0.2419
0.84385
0.4444
0.4966
0.58374
0.77092
0.87583
1.1819
0.22608
0.32848
0.18937
0.16046
0.12411
0.73142
1.4549
0.11458
0.2427
0.94358
1.0356
0.66579
0.68678
0.088359
0.11892
0.14608
1.058
0.93871
0.65662
0.14376
0.094923
0.42354
1.0435
0.23938
0.10144
0.058714
0.14582
0.15954
0.1336
0.40792
1.126
0.11123
0.11137
0.16456
0.33531
0.076756
0.56362
0.71003
0.6549
0.093709
0.1006
0.16335
0.26438
0.16279
0.1202
1.2086
0.1787
0.17868
0.58777
0.82904
0.12792
0.82986
0.17041
0.35323
0.10041
0.43937
0.14799
0.060683
1.1074
0.61753
0.38189
0.40992
0.07333
0.12948
0.21905
0.16024
0.27536
0.40662
0.59421
0.80511
0.42734
0.22456
0.25398
0.21144
0.091491
0.1205
0.095958
0.1616
0.98138
0.15625
0.11584
0.29536
0.12616
0.75719
0.10025
0.079195
0.63504
0.11375
1.3721
0.81345
0.28033
0.1463
0.22738
0.099839
1.2407
0.27907
0.82852
0.10984
0.71707
0.12314
0.35731
0.1349
0.33082
0.66749
0.094965
0.34433
0.13759
0.5441
0.26398
0.52617
0.62758
0.10701
1.3696
0.63273
1.7058
0.16186
0.27247
0.4021
0.10986
0.2253
0.1912
0.080018
0.095322
0.52329
0.33233
0.13446
1.0425
0.47352
0.4572
0.4933
0.99787
0.3816
0.97616
0.40089
0.18985
0.078723
0.13536
0.17319
0.35512
0.16723
1.1795
0.098398
0.13088
0.1115
0.25663
0.14936
1.4617
0.13648
0.44211
0.084469
0.1113
1.2653
0.46024
0.26868
0.14312
0.55289
0.89698
0.42693
0.47963
0.35372
0.98538
1.1664
0.08742
0.10458
1.2093
0.78059
0.73181
0.20902
0.14433
1.5278
0.75048
0.064174
0.073957
0.1037
0.090587
1.1664
0.84612
0.50759
0.35375
0.1753
1.0852
0.11445
0.10076
1.0627
0.095352
0.43597
0.33015
0.19451
0.17423
0.10823
0.75407
0.75528
0.38717
0.8023
0.30541
0.88303
0.30982
0.23311
0.19736
0.075606
0.3848
0.12853
0.13575
0.80759
1.0047
0.20663
0.25496
0.11874
0.26838
0.36768
0.085023
0.32142
0.22888
0.13983
1.3731
1.027
1.2404
0.068544
0.47999
0.47376
0.83622
0.459
0.10325
0.31556
1.0209
1.1618
0.15238
0.083102
0.45325
1.1649
0.82312
0.24128
1.327
0.1711
1.1243
0.22251
0.17071
0.11812
0.31396
0.32298
0.3121
0.31555
0.082728
1.0401
1.0529
0.32795
1.0134
0.22173
0.12693
0.35997
0.084823
0.64585
0.27069
0.85449
0.25283
0.15079
1.6765
0.4321
0.070466
0.16649
0.51852
0.28431
0.19962
0.14794
0.61359
0.16655
0.41019
0.77051
0.46711
0.36775
0.59768
0.18917
0.29555
0.20957
0.20475
0.13281
0.73694
0.40855
0.10196
0.23639
0.12537
0.44935
0.94404
0.25881
0.18441
0.75706
0.6975
0.48295
1.0176
1.1885
0.35978
0.51977
0.15657
0.62872
0.13682
0.84284
0.098905
1.0521
0.84343
0.15899
1.0124
1.3221
0.2762
0.40317
0.44267
0.96585
0.22996
0.4244
0.15704
0.3281
0.46817
0.29601
0.11831
0.96939
0.39136
0.53617
0.16407
0.40028
1.0601
0.11363
0.98867
0.82483
1.1346
0.072049
0.23237
0.58211
0.46572
0.67098
0.35741
0.60066
0.95272
0.11097
0.30192
0.65958
0.15434
1.1376
1.1164
0.179
0.16644
0.097917
0.58514
0.452
0.24196
0.13663
0.32718
1.094
1.2039
0.15943
0.36521
0.32073
0.33858
0.47907
0.27799
0.43103
0.37855
0.74695
0.62919
0.15251
0.79389
0.12361
0.12407
0.41792
0.51893
0.14829
0.095318
0.57213
0.67309
0.14067
0.19482
0.44996
0.16292
0.81426
0.2275
0.29883
0.93636
0.31447
0.15261
0.16779
0.072783
0.67084
0.096791
0.92997
0.29329
0.70262
0.49567
0.57174
0.94055
0.12732
0.10722
0.52828
0.079709
0.078304
0.10584
0.087248
1.0181
0.15037
0.15107
0.33948
1.0123
0.44705
0.61555
1.2447
0.43972
0.097768
0.13141
0.28942
0.10081
0.11226
0.74194
0.32859
0.1568
0.10784
0.62571
0.19702
0.073766
0.15028
0.13319
1.1556
0.38885
0.17983
0.2957
0.15325
0.39155
0.73102
0.51272
0.14917
0.13628
0.6729
0.2351
0.18948
0.11169
0.93164
0.49925
0.25718
0.81415
1.2362
0.091236
0.14893
0.09741
0.14932
0.14502
0.46095
0.67238
0.98816
0.45557
0.14828
0.96636
0.20134
0.3387
0.14624
0.52239
0.54694
0.24708
0.20611
1.1563
0.22061
0.21468
0.24704
0.3331
0.2853
0.32029
0.20875
0.22274
0.078865
0.80529
0.36116
0.24117
1.2353
0.31341
0.69652
0.075929
0.27331
0.46599
0.10285
0.31171
0.81382
0.085592
0.2445
0.25699
0.28337
0.788
0.11015
0.24692
1.5823
0.077594
0.2754
1.2228
0.09852
0.86496
0.47207
0.24611
0.1442
0.40619
1.0158
0.23443
0.95711
0.23549
0.066148
0.69806
0.13749
0.63608
0.10069
0.27792
0.26692
0.1141
0.12059
0.10601
0.15743
0.23125
1.1914
0.14902
1.2668
0.51017
0.12718
0.76021
0.14127
1.0698
0.83833
1.1202
0.41882
0.081783
0.19725
0.76351
0.46685
0.94068
0.97214
0.45698
0.20326
0.1095
1.271
0.22478
0.41969
1.1047
1.3205
0.11968
0.1623
0.18191
0.149
1.0218
0.45111
0.17826
1.0578
0.41156
0.10671
0.6194
0.57003
1.0084
0.35773
0.3595
1.1823
0.24794
0.097941
0.60374
0.74742
0.098353
0.17936
0.50646
0.29438
0.33925
0.085038
0.09935
0.11394
0.67547
1.1826
0.4005
0.12748
0.20612
1.0102
0.48218
0.17642
0.12727
1.249
0.16855
0.70129
0.13761
0.32022
0.33457
1.1306
1.2693
0.18861
0.12819
0.99943
0.48931
0.31457
0.080373
0.56662
0.37582
0.43704
0.50929
0.13049
0.095231
0.088729
0.74563
0.16839
0.91081
1.187
1.0026
0.2199
0.21756
0.47401
0.0725
0.74583
0.1576
0.19375
0.080224
0.14382
0.4169
0.19584
0.35369
0.0916
0.13465
0.79957
0.4298
1.1706
1.1027
0.45539
0.12969
0.20252
0.26582
0.32144
0.17738
0.30773
0.28031
0.092846
0.077763
1.15
0.094117
0.64855
0.22492
0.37056
1.1037
0.12504
0.073605
0.19057
0.13575
0.089472
0.10292
1.209
0.069638
0.2059
0.90063
0.17435
0.81406
0.15407
0.18741
0.12586
0.32853
1.3066
0.07441
0.15478
1.1498
1.1999
0.1979
0.52468
0.43404
1.1126
0.23825
0.16401
0.075096
0.17769
0.22247
0.41294
0.065647
0.15849
0.27728
0.7981
1.1605
0.13837
0.25098
0.3928
0.39293
0.78302
0.1546
0.12113
0.14427
0.24967
0.39013
0.11817
0.21112
0.27235
0.95721
0.25345
1.2132
1.3328
0.17217
0.9281
0.88567
0.65153
0.17477
0.39241
0.51227
0.17087
0.69624
0.54864
0.81773
1.0723
0.16821
0.092848
0.25665
0.29941
0.33338
0.69163
0.1488
0.11881
0.2153
1.3996
0.080914
0.10071
0.76724
0.19965
0.41719
0.18069
0.7326
0.2521
0.14582
0.23793
0.65278
0.062751
0.28038
0.1512
0.28142
0.80147
0.13695
0.15623
0.76686
1.2469
0.08248
0.9826
0.20835
0.075706
0.2611
0.12403
0.87627
0.14427
0.13615
0.3453
1.0161
0.25208
0.07101
1.2056
0.157
0.12484
0.42579
0.44305
1.0236
0.1299
1.177
0.17393
0.096056
0.36903
0.67999
0.097464
0.15461
0.51353
0.37313
1.2065
0.15338
1.0323
1.3213
1.192
1.1921
0.37668
0.67668
0.24498
0.21346
0.13714
0.089441
0.11872
0.16544
0.37052
0.18209
0.11691
0.18828
0.14047
1.1913
0.40473
0.24166
0.33676
0.30111
0.10048
0.60571
0.7557
0.15664
0.27017
0.49921
0.13221
0.91383
0.36713
0.70669
0.214
0.22965
0.41903
0.13412
1.0452
0.28395
0.96519
0.2299
0.10037
0.062158
0.10318
0.39132
0.10082
1.0552
0.3229
0.085001
0.10284
0.46128
0.12339
0.12823
0.090699
0.085998
0.34236
0.68593
0.42733
0.54565
1.109
0.076526
0.96122
0.4672
0.096927
0.12644
0.82133
0.34996
1.228
0.35345
0.060054
0.13595
0.14789
0.20721
0.19769
0.27567
0.39042
0.70193
1.1478
0.22119
0.093382
0.22756
0.24839
0.77989
0.14057
1.6059
0.54269
0.69026
0.17434
1.3434
0.80549
0.12135
1.2152
0.13324
1.0261
0.32558
0.12366
0.26484
0.12982
1.1157
1.0651
0.68751
0.87503
0.12467
0.28733
0.18494
0.086298
0.63762
0.55812
0.75474
0.16499
1.2053
0.11922
0.33328
0.41043
0.13611
0.75388
0.093747
0.095535
0.13118
0.46419
0.43861
1.601
0.19223
0.30986
0.11993
0.31273
0.7333
0.82239
0.4594
0.15561
0.18903
0.33149
0.20947
0.17729
0.31148
0.68092
1.3062
0.19423
1.3602
0.20148
0.82883
0.25163
0.16087
0.18063
0.1383
0.14668
1.1165
0.63052
0.14308
0.2178
0.098736
0.13763
0.34915
1.239
0.066065
0.07554
0.079252
0.17586
0.16467
0.55628
0.26989
0.56438
0.14737
0.084422
1.243
0.33921
0.22961
0.19876
1.0354
0.26649
0.16882
0.65421
0.69221
0.33518
0.076256
0.12258
0.11734
0.23173
0.10302
0.14469
0.22841
0.077343
0.13629
0.22833
0.1326
0.10621
0.083728
0.10864
0.10547
0.21601
0.47341
0.2794
0.11
0.10642
0.23546
0.65232
0.16904
0.08214
0.64623
0.44801
0.085148
0.49599
0.9395
0.70663
0.30309
0.069633
1.1397
0.57404
0.083179
0.26847
0.092324
0.79612
1.1205
0.079847
0.12665
0.09947
0.18736
0.40537
0.2963
0.36297
0.54298
0.85369
0.48836
1.0069
0.10673
0.19371
0.22452
0.70906
0.40408
0.41497
0.92197
1.1304
0.51566
0.085262
0.26683
1.5612
0.24431
0.1056
0.44318
0.17926
0.074713
1.1039
0.26308
0.12232
0.65244
1.1167
0.29674
0.097375
0.11754
0.25596
0.64628
0.099361
0.59021
0.26026
0.78044
0.13702
0.68331
0.18885
0.16231
0.13754
0.21698
0.082299
0.11957
0.10132
0.16141
1.3633
0.71858
0.085275
0.31995
0.14627
0.2379
0.23301
0.31566
0.56448
0.18738
1.2237
0.97057
1.1207
0.27105
0.099668
0.5717
0.33599
1.0823
0.20499
0.074469
1.2161
0.30257
0.16727
0.29857
1.0263
0.61746
0.15375
0.12866
0.43896
1.0913
0.25183
0.2648
0.31009
0.49794
0.17465
1.0281
0.097406
0.59709
0.13588
0.23745
0.14725
0.22667
0.2572
0.57414
0.28503
0.25122
1.0242
0.80133
0.28568
1.2051
0.75626
0.26317
0.40549
0.48165
0.31551
0.14732
0.1502
0.062276
1.0263
0.21999
1.3091
0.11732
0.30582
0.20283
0.22329
1.1075
1.2011
0.71961
0.12787
0.11545
1.0297
0.22406
0.76721
0.20067
1.2989
0.3429
0.24518
0.11467
0.14587
0.52282
0.27436
1.1272
0.10353
0.73731
0.10562
0.79828
0.19483
0.11023
0.33337
0.24309
0.078941
0.072991
0.87258
0.10588
0.083315
0.25991
0.08199
0.11867
0.22124
0.16338
0.29103
0.42067
0.12226
0.19935
0.11449
1.0934
0.22805
1.0244
0.66915
0.10303
0.81666
0.22992
0.97594
0.73271
0.15644
0.66432
0.091807
0.1985
0.077365
0.099346
0.12547
1.1654
0.18556
0.18984
1.0702
0.28518
0.08776
0.80876
0.29935
0.12195
0.11251
0.54894
0.071603
0.90932
0.21629
0.54553
0.85584
0.35046
0.98435
0.54799
0.20547
0.40462
1.0494
0.97266
0.34363
0.22078
0.079387
1.107
0.98301
0.25827
0.1045
0.10582
1.0936
0.12712
0.31763
0.50741
0.20294
0.17295
0.29493
1.0166
0.67202
0.40993
0.40135
0.22353
0.14005
0.67159
0.13964
0.28782
1.105
0.19963
0.30753
0.10205
0.60615
0.69062
0.35156
0.11143
0.14498
0.13452
1.2238
0.14128
0.65156
0.10855
0.56806
0.22529
0.60735
0.13641
0.34971
0.3291
0.097352
0.57253
1.1386
0.34035
0.31133
0.21196
0.47016
0.16613
0.15827
0.060747
0.09277
0.36083
1.1456
0.61088
0.14385
0.065796
0.13532
0.081715
0.83646
0.46479
0.20656
0.094971
0.12245
0.13825
0.23018
1.3075
0.16663
0.58967
0.17955
0.1101
0.21958
0.1821
0.087711
0.09242
0.20776
0.22117
0.45861
0.77298
0.068602
0.36994
0.98777
0.23864
0.13437
0.2814
1.4396
0.27847
0.093995
0.14007
1.0974
0.1448
0.1183
0.082907
1.1465
0.69838
0.26642
0.63056
0.6343
0.13449
0.10233
0.44535
0.1756
0.16448
1.5502
0.75635
0.81339
0.82976
0.083563
0.24678
0.57129
1.0834
1.0445
0.10822
0.71803
0.24304
0.45786
0.10016
0.15352
1.0095
0.095708
0.14759
1.0948
0.10913
1.5369
0.5015
0.64859
0.9584
0.14402
0.23423
1.0044
0.50323
0.49475
0.12531
0.2266
0.4307
0.48333
0.16143
0.92057
0.15643
0.077619
0.18086
1.0763
0.13081
0.058509
0.14446
0.11394
0.14322
0.10425
0.22886
0.32042
0.85048
1.3629
0.33453
0.17371
1.1946
1.2119
0.22595
0.070197
0.57088
0.24871
0.21379
0.19217
0.60778
0.56628
0.4489
0.61815
1.0395
0.36685
0.59667
0.67046
0.96271
0.20662
0.15093
0.081902
0.10089
0.52948
1.1587
1.3071
0.24172
0.21119
0.79347
1.0956
0.2389
0.12205
0.21271
1.3421
1.1547
0.065864
0.45285
0.17311
0.17808
1.144
0.13439
0.17766
1.1457
0.07429
0.57094
0.16434
1.0981
0.13791
0.33526
1.2889
0.48424
0.38423
0.14375
0.126
0.15308
1.0446
0.1699
0.062594
0.096214
0.26782
0.19674
0.064101
0.10478
0.16576
0.76976
0.58125
0.28009
0.36012
0.1709
0.061982
1.0021
0.75196
0.089505
0.35061
1.1968
0.30068
0.33066
0.30864
0.16705
0.40471
0.14799
0.94504
0.11055
0.095541
0.094495
0.29275
1.0337
0.12364
0.45003
0.12344
0.34041
0.73164
0.19239
0.18016
0.21736
0.16105
0.7488
0.12834
1.0701
0.19926
0.26197
0.40296
0.64304
0.17563
0.64284
0.10881
0.20948
0.33826
0.63451
0.16858
0.07123
0.52265
0.17604
0.19012
0.097084
0.63674
0.53511
0.19185
0.20264
0.07218
0.19879
0.30915
1.1078
0.3731
0.46766
1.3135
0.13542
0.076737
0.28498
0.16596
0.10926
0.058821
0.61402
0.10576
0.14839
1.1546
0.11567
0.21174
0.10535
0.17288
0.18351
0.63082
0.16632
0.37156
1.0353
1.071
0.09135
0.81052
0.065183
0.8373
0.14717
0.29635
1.4853
0.2234
0.069782
0.44042
0.1735
0.33751
0.90061
0.20528
0.064905
0.071707
0.29004
1.0347
0.36476
0.64949
0.2728
0.078954
0.70669
0.73858
0.12861
0.82812
0.10315
0.41041
1.021
0.89562
0.16174
0.54421
0.84593
0.34085
0.76845
0.3014
0.67778
0.59719
0.080268
0.14344
0.21423
0.085382
0.078867
0.18042
0.62395
0.49417
0.7344
0.88395
0.64959
1.2107
0.25932
0.11705
0.60042
0.40459
0.13808
0.81542
0.078852
0.53399
0.1054
0.12244
0.11705
0.52364
1.0146
0.34482
0.44665
0.99906
0.13149
0.069418
0.073664
0.11612
0.3354
0.076471
0.6292
0.3075
0.75451
0.16431
0.49468
1.0631
0.38027
0.33087
0.33237
0.573
0.4026
0.11204
0.077211
0.086919
0.89266
0.43072
0.12314
0.49865
0.22351
0.29794
0.74338
0.36026
0.19805
0.24474
0.31002
0.17524
0.69263
0.63644
0.52543
0.67212
0.12134
0.49952
1.1484
0.20208
0.34536
0.093053
0.05788
0.21491
1.0927
0.31499
0.47709
0.083605
0.23671
0.86342
0.14868
1.1079
0.075323
0.21322
0.12818
0.1596
0.1217
0.26239
0.33639
0.09024
0.17106
0.3707
0.23919
0.12814
1.1342
1.1207
1.0771
0.6104
0.14477
0.16515
0.25617
0.66696
0.3293
1.2154
0.81414
0.22414
0.16104
0.21343
0.30257
0.41582
0.41658
0.87132
1.0828
0.13444
0.57895
0.30977
0.067972
0.36037
1.0278
0.4989
0.49615
0.68801
0.28141
0.095811
0.53201
0.067249
0.55895
0.10664
0.10402
0.13715
0.11794
0.36086
0.72561
0.81515
0.14395
0.24712
0.27192
0.12572
1.4624
0.66686
1.2911
0.46029
0.1968
0.10885
0.26084
0.22504
0.26844
0.4207
0.10191
0.39286
0.72694
0.092107
0.18394
0.070667
1.0923
0.14204
0.56457
0.1729
0.11645
0.67126
0.14168
0.54603
0.38034
0.51992
0.21753
0.1146
0.21511
0.20905
0.066404
0.17385
0.10414
0.20711
0.56349
0.20731
0.66164
0.79649
0.28077
0.041779
0.37213
0.43595
0.20021
1.1053
0.12843
1.1984
0.81259
0.14516
0.14214
0.18335
0.34919
0.12823
0.40114
0.16381
0.74032
0.48352
0.61531
0.13139
0.15372
0.36501
0.33049
0.38994
0.17058
0.57902
0.14182
1.2428
0.22602
0.54509
1.1616
0.62242
0.13927
0.86107
0.22525
0.099468
0.18005
1.0442
1.1246
0.10469
0.83368
0.26131
0.643
0.14943
0.28624
0.3659
0.29715
0.29848
0.29456
0.47925
0.95704
0.15849
0.19969
0.17398
0.58812
0.097248
0.64611
0.15702
1.5868
0.31442
0.24923
0.11579
0.7131
0.39172
0.64547
1.2523
0.099514
0.56187
0.16079
0.25381
0.64759
0.16373
0.10475
0.10632
0.86398
0.3067
0.44624
0.10528
0.16361
0.42967
0.16241
0.23371
1.1492
0.17635
0.89303
0.081827
0.31116
0.26531
0.29521
0.13316
1.0674
0.12709
1.0375
0.066092
0.144
0.73713
0.22465
0.071707
0.96301
0.17954
0.35429
1.1127
0.12902
0.54896
0.34643
0.52243
0.16016
0.9394
0.19232
0.23783
0.99028
0.10144
0.29933
0.94003
1.0666
0.64445
0.1147
0.52553
0.30241
0.068255
0.085737
0.50004
1.1402
0.16163
0.49355
0.85883
0.14527
0.31377
0.4537
0.071605
0.19004
1.1452
0.73974
1.2784
0.33193
0.21855
0.11586
0.46973
0.1801
0.19787
0.28588
0.26978
0.11848
1.0216
0.12721
0.13338
1.2
0.86345
0.95832
0.17882
0.84531
1.1598
0.68332
0.11744
0.64563
1.0869
0.19585
0.36
0.11375
0.2956
0.14921
0.38638
0.17421
0.22234
0.1572
0.084853
0.29304
0.78258
1.1991
0.94087
0.14813
0.13332
0.43037
0.38233
0.24913
0.44166
0.67242
0.55012
0.20175
0.51847
0.1738
0.29132
0.17319
0.13969
0.19765
0.10602
1.1758
0.9754
0.35834
0.13598
0.10447
0.11505
0.10764
0.19221
1.0682
0.095527
0.29976
0.075656
0.086743
0.43737
1.0055
0.093608
1.0493
0.10745
0.49649
0.35285
0.24522
0.2021
0.20723
0.33114
0.1158
0.082998
0.53198
0.1915
0.14075
0.19526
0.33698
0.30598
0.62678
0.25072
0.11905
0.16145
0.56195
0.23816
0.15378
0.12721
0.088818
0.094977
0.14769
0.13744
1.0001
0.35378
0.06984
0.08868
0.20984
0.24203
0.28729
0.13616
0.10201
0.19506
0.96229
1.1551
0.19644
0.33168
0.25827
0.17146
0.23116
0.12573
0.084262
0.58104
0.4335
0.39243
0.44706
0.11477
0.13042
0.61557
0.26526
0.40728
0.44163
0.11
0.79799
0.16722
0.27338
0.18461
0.075412
0.23064
0.10777
0.97216
0.35528
0.60232
0.079042
1.1425
0.62497
0.14811
1.1391
0.91685
0.51124
0.10583
0.3261
0.26545
0.16314
0.11723
0.3891
0.10196
0.43927
1.0972
0.071263
1.4624
0.26276
0.96988
0.54875
0.3522
0.34339
1.0514
0.18393
0.14828
0.064055
0.65185
0.19005
0.12137
0.49814
0.78603
0.074947
0.22931
0.095066
0.28634
0.4395
0.20151
0.23664
0.18853
0.10379
0.47077
0.58224
0.37128
0.24456
0.1412
1.0391
0.67514
0.072822
0.34953
0.43205
0.20863
0.65791
0.50379
0.1813
0.33489
0.25496
0.11389
0.14305
0.18997
0.9837
0.53021
0.11272
0.3771
0.11544
0.086929
1.1073
0.66885
0.094347
0.10629
0.84244
0.11791
0.19275
0.72478
0.083422
0.5516
0.51136
0.52287
0.26139
1.1518
0.14697
0.79403
0.76344
1.0297
0.13194
0.21343
1.4288
0.78186
0.13558
0.14582
0.11316
0.13817
0.51515
0.10383
0.21405
0.38796
0.095535
0.14449
0.9253
0.079593
0.359
0.15798
0.79052
0.80643
0.43698
0.68538
0.39357
0.082834
0.10007
0.14194
0.14612
0.47106
1.1553
1.3445
0.36424
0.43515
0.66174
0.56137
0.093529
0.25801
0.13001
1.5684
0.15066
0.91915
0.11361
0.14473
1.0921
0.37067
0.37994
0.56984
1.0418
0.14325
0.097491
0.085482
0.35241
0.16345
0.10899
0.13071
0.96545
0.74158
1.2304
1.062
0.23257
0.75403
0.1257
0.95739
0.24755
0.1197
0.47403
0.082576
0.90379
0.2528
0.057639
0.080306
0.62899
0.11913
1.0728
0.12871
0.11336
0.20056
0.84448
0.22691
0.59806
0.11151
0.1205
0.44835
0.11303
1.3828
0.22604
0.60262
0.52423
0.18529
1.2408
0.32478
0.65152
0.11757
0.20725
0.26593
0.067195
0.12364
0.12012
0.11734
0.274
0.073236
0.11469
0.15192
0.16815
1.2795
0.40355
0.95606
1.1277
1.3602
0.42956
0.071259
0.094264
0.63588
1.2334
0.60996
0.90417
0.10472
0.28602
0.7726
0.077058
0.31155
0.18729
1.2339
1.0256
0.13251
0.14291
0.28301
0.18854
0.17724
0.13499
0.18683
0.24408
0.29208
0.46449
0.26906
0.33439
0.11294
0.4086
1.0765
0.092405
0.25287
0.18899
1.0632
0.46014
0.091568
0.12239
0.28741
0.44775
0.3515
0.17417
0.24514
0.10327
0.10634
0.24639
0.24935
1.1928
0.49871
0.39172
0.94949
0.77101
0.20246
0.3016
1.181
0.89061
1.1798
0.24359
0.16717
0.57707
0.18118
0.16525
0.91537
0.37627
0.3593
0.59668
0.46198
0.18357
0.1239
0.23656
1.0742
0.077053
0.09994
0.17319
0.77162
0.18431
0.065941
0.43958
0.16557
0.10508
0.50805
0.17376
0.11946
1.1153
0.55328
0.39942
0.35747
1.1601
1.0471
0.69467
0.082112
0.095629
0.36775
0.76879
0.24086
0.095794
0.10906
1.523
0.29799
0.25272
0.065437
0.47079
1.0711
0.29166
0.61685
0.11789
1.4142
0.13152
0.74816
1.0874
0.32938
0.26612
0.09725
0.071622
0.60378
0.11833
1.0142
0.094967
0.45141
1.0934
0.39268
0.49333
0.075976
0.41746
0.44985
0.46174
0.30725
0.26446
0.15257
0.13732
0.34899
0.084922
1.0136
1.2538
0.12133
0.13218
0.71543
0.12744
0.93104
0.23296
1.237
0.61929
0.67214
0.11871
0.5761
0.11655
0.32135
1.2384
0.60714
0.6403
0.92376
0.156
1.0414
0.16034
1.1892
0.138
0.41841
0.6513
0.68556
0.096267
0.59456
0.13826
1.1613
0.57376
0.83918
0.15964
0.38326
1.2112
0.18451
0.6506
0.20053
0.21132
0.15814
1.2003
0.48549
0.43099
0.079964
0.21214
0.19639
0.57322
0.65223
0.42576
0.61431
0.14056
1.0724
0.464
0.12489
0.57569
0.44798
0.064698
0.18585
0.28835
0.090777
0.31477
0.48184
0.11952
0.41769
0.3717
0.089285
0.92348
0.13369
0.11224
0.084874
0.15344
1.1019
0.14663
0.39382
0.13311
0.078014
0.74464
0.43044
0.072218
1.1199
0.37905
0.21081
0.067677
1.0788
0.14243
0.16279
0.088102
0.86072
0.50264
0.14852
0.53147
0.11365
0.11245
0.12426
0.31367
0.5172
0.15313
0.36591
0.066154
0.073351
0.22914
0.45709
0.86488
0.24288
0.43282
0.68095
0.16733
1.69
0.11016
0.45537
0.38811
0.12441
0.11983
0.093164
0.092113
0.14516
0.31158
0.55153
0.94854
0.14824
0.09906
0.19056
0.753
0.59295
0.10144
0.88754
0.17285
0.2854
0.15507
0.23184
0.1694
0.21386
0.76673
1.2222
0.19804
0.18588
0.12723
0.14638
0.42484
0.20707
0.066894
0.13116
1.1299
0.23628
0.20489
1.3246
0.11129
0.36009
1.1392
0.33298
0.83806
0.20236
0.19339
0.57869
1.1369
0.14984
0.20664
0.083694
0.073644
0.45178
0.19021
0.12598
0.16321
0.77791
0.47826
0.28098
0.053848
0.17089
0.11455
1.3105
0.13905
0.2289
0.62967
0.10736
0.61514
0.62594
0.58358
0.75354
0.97897
0.31243
0.63121
0.096644
0.25609
0.12186
0.35668
0.14567
0.16082
1.0904
0.69856
1.1552
0.09098
1.194
1.0673
1.1305
0.24207
0.38494
0.48989
0.11295
0.46145
0.12753
0.17034
0.12649
0.073456
0.78805
0.11463
0.5657
0.82562
0.15897
0.081817
0.94289
0.19372
0.70389
0.90478
0.36688
0.47664
1.074
0.6786
0.54624
0.93521
0.54028
0.92759
0.26406
0.82601
0.077945
0.22204
1.129
0.08176
1.2144
0.12591
0.08029
0.094727
0.68046
0.13502
0.18668
0.12929
0.12039
0.10974
0.08629
0.087106
1.1308
0.21082
1.0375
0.20772
0.18878
0.10105
1.1336
0.16871
1.2668
0.15537
0.10337
0.93854
0.94958
0.087245
1.145
0.70057
0.12012
0.73731
0.15812
0.28555
0.34074
0.27311
0.27519
0.79273
0.13367
0.097269
0.090526
1.0245
0.18205
0.19591
0.10021
0.14716
0.087957
0.078724
1.1513
0.39486
0.11659
1.238
0.23319
0.72647
0.21047
0.088396
0.28558
0.10453
0.2481
1.1224
0.099584
0.79797
0.35726
1.2285
0.57924
0.10695
0.27563
0.21498
0.16257
0.23012
0.098347
0.075777
0.10472
0.17269
0.43998
0.8906
0.19575
0.15395
0.84007
0.23117
0.28574
0.28939
1.1336
0.41344
0.62343
0.3987
0.13875
0.26238
0.56563
0.62369
0.29005
0.26688
0.96564
0.65685
0.3466
0.19409
0.18151
0.31943
1.0588
1.2698
0.9368
0.56974
0.22444
0.94279
0.18898
0.64474
0.12205
0.2956
0.094566
0.086018
0.38609
0.19195
0.089902
1.093
0.098285
0.91912
0.31008
1.0074
1.6737
0.20894
0.13523
0.093086
0.33544
1.0344
0.64384
0.79535
0.56728
0.15348
0.19872
0.16296
0.33267
0.34113
0.57569
0.34997
0.1531
0.1045
0.42193
0.11895
0.16889
0.26004
0.98815
0.16134
0.24211
0.11579
0.62954
0.1001
0.69957
0.99466
0.16159
0.58922
0.2455
0.29764
0.081653
0.13626
0.60747
0.39328
0.10402
0.089507
0.24637
0.23334
0.50819
0.1224
0.36854
1.2671
0.11113
1.2842
0.090956
0.09186
0.37109
0.66707
1.4966
0.75298
0.26206
0.40502
1.0642
0.37395
0.78618
0.13504
0.61647
0.15252
0.13533
0.13219
0.1369
1.2511
0.091789
0.095614
0.11912
0.11284
0.63445
0.69803
0.20798
0.79739
0.093911
0.069482
0.51088
0.075392
0.28224
0.6814
0.20792
0.53431
0.17979
0.3211
0.16897
0.40918
0.12284
0.19252
0.96987
1.0592
0.14131
0.10047
0.74772
0.15772
0.81082
0.55226
0.98289
0.37134
0.68027
0.16433
0.095123
0.09045
0.6944
0.1782
0.39869
0.094127
0.54579
0.61209
0.081725
1.2038
1.4251
0.084356
0.068902
0.087668
0.15871
0.14575
0.17741
0.40079
1.1733
0.1819
0.13007
0.14438
0.40419
0.25618
1.1119
0.10527
1.2285
0.97428
0.7913
0.14639
0.55673
0.15543
1.0201
0.50679
0.10385
1.0966
0.86818
0.2014
0.10394
0.069006
1.2921
0.40403
1.4239
0.159
0.070994
0.06835
0.45498
0.20994
0.22452
0.17251
0.51486
0.10811
0.94642
0.19404
0.3797
0.1871
0.072387
0.91318
0.25288
0.34126
0.50583
1.1716
0.75469
0.30174
0.1698
0.32662
0.43664
0.22104
0.18878
0.10025
0.54693
0.16395
0.89078
0.11191
0.15307
0.66624
0.14129
0.14833
0.26892
0.67127
0.16352
1.1023
0.096066
0.62914
1.174
0.12331
0.2245
0.18973
0.18977
0.37048
0.25627
0.12856
0.070405
0.25699
0.82177
0.21726
0.80806
0.19111
0.18944
1.1432
0.86779
0.61647
1.1366
0.17839
0.69703
0.22792
0.66316
0.27091
0.082589
0.19078
0.16971
0.48704
0.22137
0.12207
0.13398
0.90976
1.1136
0.19008
0.84732
1.1238
0.22267
0.31652
0.67157
0.08147
0.73667
0.44935
0.55138
0.64033
0.2784
0.31018
0.42615
1.0424
0.091888
1.3156
0.18043
0.19011
0.077949
0.38413
1.1021
0.15431
0.066418
0.21711
0.12285
0.56251
0.19053
0.13017
0.37439
0.18128
0.086248
0.4713
0.06369
0.10669
1.1141
0.143
0.17308
0.12893
1.0645
0.090957
0.61571
0.19856
0.26952
0.35468
0.16781
0.065397
0.4312
0.11075
0.97051
0.13325
0.05953
0.13854
0.16251
0.52784
1.2164
0.061442
0.15972
0.66753
0.10556
1.0143
0.23674
1.2462
0.08597
0.17634
0.17858
0.10004
0.18106
0.3348
0.27793
0.75601
0.082168
0.082118
0.34922
0.42598
0.17643
0.67609
0.14912
1.0462
0.26741
0.26167
0.32076
0.19502
0.067726
1.1542
0.49678
0.24867
0.1168
0.87854
0.1424
0.23345
0.10435
0.057876
0.1704
0.18539
0.17634
0.15893
1.6362
0.4226
0.57705
0.41239
0.25849
1.2443
0.57094
0.71629
0.70699
0.095001
1.4866
0.432
0.94384
0.33767
0.39439
0.72695
0.44975
0.18493
0.28125
0.52398
0.774
1.166
0.15339
0.10724
0.15185
0.26481
0.083574
0.99627
0.10779
0.99688
0.14268
0.27968
0.57072
0.062246
0.10591
0.08766
1.0742
0.089746
0.13603
0.18704
0.2341
0.33476
0.12236
0.1399
0.39947
0.36098
0.29489
0.12735
0.15155
0.21446
0.95871
1.1456
0.71416
0.76159
0.39427
0.23643
0.19561
0.14968
0.50389
0.10381
0.10788
0.10563
0.6056
0.81074
0.68064
0.07532
1.1367
0.089422
0.68351
0.55823
1.1865
0.085817
0.11752
0.16257
1.5311
0.38706
0.12124
0.68999
1.5676
0.18858
0.74034
0.11965
1.0882
0.10649
0.63809
0.28402
0.49556
0.45461
0.12521
0.47282
0.066503
0.25402
0.40505
0.10526
0.44067
0.29769
0.081837
1.1385
0.10836
0.50986
0.8467
0.27085
0.7048
0.24702
0.2091
0.16199
1.3274
0.44151
0.16614
0.19598
0.10014
1.3304
0.25022
0.093942
0.1744
0.78578
0.12032
0.070839
0.076743
0.12095
0.14134
0.99397
0.10463
0.86649
0.71549
0.79832
0.81377
0.12148
0.83518
0.53062
0.25505
0.83761
0.40271
0.12968
1.0559
1.1546
0.62201
0.35005
0.12738
1.1434
0.15669
0.32373
0.86044
0.82474
0.51616
0.13426
0.37324
0.54778
0.20904
0.36844
0.7352
1.487
0.40257
0.70048
1.2092
0.75491
0.13579
0.38663
0.41904
0.088663
1.0122
0.13721
0.73339
0.25651
1.07
0.20538
0.38684
0.49513
0.091107
0.096569
0.24788
0.21093
0.31704
0.60634
0.47144
0.074194
0.086267
0.91508
0.2779
0.091628
1.6225
0.15317
0.19805
0.11594
0.14833
0.34526
0.28585
1.2316
0.16187
0.11555
0.19844
1.1399
0.26505
0.49462
0.13187
0.13445
0.078209
0.32945
0.094059
0.16172
0.09718
0.10357
0.14391
0.0898
1.5847
0.084094
0.14533
0.10914
0.11477
0.089523
0.093185
0.22102
0.20487
0.10078
0.71188
0.40232
0.32954
1.0919
0.14999
0.27268
0.811
0.40714
0.35223
0.39923
0.36253
0.12865
0.46774
0.27002
0.25897
0.35428
0.11543
0.16684
0.19667
0.10471
0.17485
0.16013
0.12412
0.56254
0.40935
0.99641
0.67437
0.27448
0.083684
0.13141
0.33438
0.61128
0.41753
0.07725
0.16221
0.46146
0.17774
0.25646
0.21077
0.63207
1.3352
0.39499
0.49629
0.087203
0.72687
0.21598
0.093869
0.45759
0.29535
0.084093
1.1519
0.17834
0.10781
1.186
0.56281
0.40304
0.078431
0.60806
0.37105
0.33664
0.099759
0.54597
0.12282
0.28471
0.98888
0.46579
1.2288
0.16719
1.1232
0.27799
0.12462
0.095805
1.1682
0.14766
0.44578
0.84813
0.069633
0.11439
0.18754
0.28611
0.36235
0.40266
0.70989
0.90931
0.074971
0.35468
0.20441
0.62047
0.40895
0.27441
1.1437
0.34309
0.16765
0.086706
0.20541
0.098558
0.50331
0.25247
0.41273
0.34249
0.55147
0.084462
0.13197
0.19595
0.91733
0.087716
0.57617
0.30313
0.33363
0.8188
0.17297
0.38845
0.13345
1.0441
0.2835
0.6973
1.0524
0.14215
0.38851
0.96682
0.66069
0.71571
0.89608
0.75597
0.72317
1.3762
0.25161
0.062113
1.155
0.079521
0.21731
1.1764
0.097386
0.49446
0.11748
0.14284
0.68574
0.11776
0.18957
0.32645
0.11028
1.2875
0.12944
0.22398
0.098688
0.98498
0.16114
0.36681
0.32753
0.0731
0.4853
0.64863
0.08496
1.2932
0.67355
0.24846
0.68977
0.14787
0.59153
1.0336
0.9955
0.54249
0.083215
0.13036
0.23933
0.1256
0.31969
0.19714
0.12394
0.68046
0.39822
0.42824
0.088203
0.1112
0.78495
0.1365
0.71481
0.30559
1.4986
0.25068
1.1051
0.6525
0.44304
0.8321
0.28709
0.17012
0.10574
0.2179
0.67026
1.1225
0.1383
0.21376
0.22047
0.73508
0.27779
0.07585
0.91654
0.35633
1.1858
0.66816
0.42194
0.10058
0.38483
0.39971
0.10813
0.19074
0.097897
0.24707
0.31475
0.38736
0.28456
0.39169
0.89421
0.3952
0.21026
0.77697
0.21047
0.26021
0.39633
0.084241
0.32269
0.15142
0.17392
0.31053
0.096421
0.24635
1.3139
0.17393
0.45106
0.60178
0.8445
0.96654
0.28899
0.91077
0.064944
0.17484
0.40689
0.068578
0.079488
0.84481
0.21269
0.7265
0.11053
0.13346
0.14407
0.10724
0.51152
0.90227
1.5412
0.46093
0.27903
0.21961
0.66013
0.17437
0.40642
0.99803
0.26658
0.57756
0.24844
0.7085
0.65102
0.45067
1.1179
0.13793
0.24618
0.8014
1.0067
0.34521
0.91173
0.16239
0.16862
0.10058
1.135
0.19629
0.13179
0.46586
0.19495
0.15419
1.0991
0.35823
0.19326
0.092631
0.32653
0.20322
1.1382
0.093896
0.52291
0.23665
0.32401
0.27032
0.13104
0.063812
0.35494
0.094187
0.57753
0.13292
0.10204
0.48911
0.11576
0.54382
0.11299
0.12321
0.10367
0.88553
0.074952
0.33573
0.11155
0.72373
1.5148
0.06285
0.078559
0.36085
0.9406
0.30282
0.32322
0.059233
0.12122
0.11914
0.43239
1.3361
0.12238
0.13358
0.10659
0.2338
0.12418
1.3685
0.30244
0.11222
1.2662
1.121
0.28648
0.70145
0.2558
1.3268
0.87948
0.29932
1.2831
0.21632
0.30618
0.13338
0.087234
0.15071
0.28711
0.23996
0.12839
1.3023
0.074052
0.24508
1.2382
0.42478
0.12316
0.14451
0.20363
0.21538
0.13842
0.16493
0.25832
1.1276
0.14604
0.22372
0.41601
0.19271
0.12102
0.22255
0.51654
0.40062
0.20155
0.10096
0.28544
0.12069
0.87881
0.19858
0.80319
0.5444
0.088924
0.085455
1.3586
0.39835
1.1356
0.24903
0.13745
0.31425
0.074948
0.25577
0.18056
0.35803
0.1358
0.17921
0.10762
0.13022
0.394
0.37628
0.1895
1.1819
0.22608
0.13576
0.17735
1.4279
0.098173
0.41392
1.4549
0.67151
0.2427
0.34999
0.15061
0.66579
0.67549
0.49257
0.18725
0.14678
0.091016
0.18436
0.38851
0.14861
0.13038
0.086383
1.0435
1.2634
0.10144
0.37399
0.47229
0.12944
0.1336
0.40792
1.126
0.14631
0.46891
0.14919
0.33531
0.77638
0.23093
0.15773
0.21047
0.08884
0.10331
0.10982
0.11867
0.81512
0.1202
0.12781
0.40018
0.17262
1.4248
0.14626
0.17159
0.19896
1.1008
0.35323
0.16062
0.43937
0.099101
0.11556
0.36392
0.20199
0.064438
0.40992
0.13108
0.20499
0.21905
0.23276
1.0934
0.30564
0.15933
0.11262
0.47511
0.22456
1.0223
1.0828
0.13418
0.86786
0.95875
1.1873
0.27657
0.37521
0.53075
0.11312
0.89819
1.1902
0.45606
0.54618
0.17999
0.43483
0.23322
0.48311
0.66806
0.10041
0.27445
0.11251
0.093229
0.36175
0.5563
0.19948
0.10743
0.5109
0.8869
0.1349
0.082211
0.22271
0.86239
1.0544
1.074
1.2863
0.21221
0.19698
0.1145
0.065862
0.11522
0.27948
0.42271
0.42335
0.15767
0.14078
0.098537
0.2531
0.078219
0.080018
0.14001
0.10609
0.57838
0.13446
0.15415
0.63823
0.4572
0.15368
0.20494
0.59762
0.10055
0.08574
0.18985
0.1564
1.2584
0.39246
0.35512
0.29204
0.23093
0.15729
0.24211
0.070294
0.17751
0.12911
1.4617
0.30107
0.28157
0.52383
0.094517
0.38241
0.46024
0.26868
0.61451
0.54853
0.12304
0.59076
0.45199
0.35372
0.20881
1.1066
0.35727
0.085845
0.22435
0.1079
0.13194
0.49364
0.35451
0.14895
0.28748
0.88274
0.087568
0.3639
0.20825
0.13623
0.084955
0.82294
0.45956
0.51628
0.15596
0.40352
0.097715
1.0627
0.30919
0.28932
1.0186
0.20236
0.46149
0.16048
0.95122
0.19744
0.16501
0.13936
0.17077
0.34878
0.30982
0.5547
0.23744
0.17276
0.60955
0.30076
0.77268
0.15126
0.87574
0.21602
1.2392
0.11874
1.2221
0.36768
0.12278
0.12293
0.18629
0.49552
0.97807
0.31646
0.54491
0.095408
0.88873
0.27612
0.12725
0.459
1.0694
0.31256
0.37426
0.3088
0.68859
0.7607
0.10616
0.32095
0.066353
1.3463
0.14069
1.2673
0.12657
0.10698
0.074116
0.11812
0.4447
1.0683
0.28751
0.80037
1.0988
0.13027
1.0529
0.21271
0.56761
1.2124
0.53813
0.42571
1.0676
0.81464
0.15303
0.42006
0.13204
0.44867
1.2287
0.90501
0.72602
0.11859
0.38891
0.14276
0.18501
0.46116
0.34223
1.1655
0.97669
0.22392
0.1182
0.59669
0.20743
0.56998
0.25327
0.094957
0.16363
0.13281
0.89146
1.1873
0.19104
0.72231
0.3535
0.20676
0.21156
0.25881
0.78566
0.75706
0.6975
0.35004
0.60021
0.2069
0.093715
0.51977
0.12492
0.20771
1.2797
0.95911
0.090033
0.25827
0.098971
0.15899
1.1366
0.75624
0.2762
0.40317
0.12616
0.37428
0.35158
0.2914
0.093444
0.33975
0.36196
0.10238
0.61959
0.21304
0.39136
0.093963
0.48229
1.191
0.10085
1.0105
0.61468
1.0112
1.1346
0.11158
0.47505
0.76645
0.072123
0.11441
1.0585
0.60066
0.1321
0.078735
1.0723
1.1136
0.096541
0.372
0.087487
0.90328
0.16353
0.12134
0.12382
0.1477
0.24196
0.19696
0.66023
0.18995
0.11702
0.24987
0.12401
0.95531
0.29595
0.47907
0.071114
0.073338
0.37855
0.28413
0.37186
0.93027
0.17125
1.0883
0.12407
0.76852
0.81992
0.49277
0.4338
0.11951
0.23384
1.0915
0.60552
0.10832
0.13205
1.2015
0.2275
0.11927
0.99834
0.57098
0.089355
0.14285
0.072783
0.2541
0.065476
0.15938
0.40054
0.70262
0.49567
0.2909
0.94055
0.12474
0.67465
0.85367
0.38156
0.16268
0.27171
0.08438
0.59854
0.23685
0.18636
0.22436
0.22397
0.63152
0.94695
0.35631
0.26369
0.47826
0.13141
0.57716
0.6053
0.75086
0.40597
0.90694
0.31437
0.70027
0.11523
0.10275
0.073766
0.22127
0.15989
0.1131
0.26252
0.49647
0.2957
1.0921
0.72335
0.095445
0.20388
0.10878
0.2368
0.6729
0.23927
0.18948
0.40285
0.74291
1.0122
0.073184
1.3553
0.75218
0.54324
0.36281
0.09741
0.89438
1.1377
1.1409
0.13941
0.79411
1.3368
0.50934
1.0648
0.33771
0.86115
0.10881
1.1543
0.54694
0.22393
0.99305
0.34424
0.77594
0.30098
0.11374
1.1384
0.61506
1.294
0.99782
0.58432
0.10243
0.10684
0.18308
1.5356
0.24613
0.60429
0.5326
0.43815
0.20649
0.87582
0.47464
1.1792
0.32347
0.10961
0.4524
0.75351
0.095803
0.788
1.163
0.22071
0.34743
0.077594
0.2754
1.2228
0.09852
0.86496
0.47207
0.24611
0.1442
0.40619
1.0158
0.23443
0.95711
0.23549
0.066148
0.69806
0.13749
0.63608
0.10069
0.27792
0.26692
0.1141
0.12059
0.10601
0.15743
0.23125
1.1914
0.14902
1.2668
0.51017
0.12718
0.76021
0.14127
1.0698
0.83833
1.1202
0.41882
0.081783
0.19725
0.76351
0.46685
0.94068
0.97214
0.45698
0.20326
0.1095
1.271
0.22478
0.41969
1.1047
1.3205
0.11968
0.1623
0.18191
0.149
1.0218
0.45111
0.17826
1.0578
0.41156
0.10671
0.6194
0.57003
1.0084
0.35773
0.3595
1.1823
0.24794
0.097941
0.60374
0.74742
0.098353
0.17936
0.50646
0.29438
0.33925
0.085038
0.09935
0.11394
0.67547
1.1826
0.4005
0.12748
0.20612
1.0102
0.48218
0.17642
0.12727
1.249
0.16855
0.70129
0.13761
0.32022
0.33457
1.1306
1.2693
0.18861
0.12819
0.99943
0.48931
0.31457
0.080373
0.56662
0.37582
0.43704
0.50929
0.13049
0.095231
0.088729
0.74563
0.16839
0.91081
1.187
1.0026
0.2199
0.21756
0.47401
0.0725
0.74583
0.1576
0.19375
0.080224
0.14382
0.4169
0.19584
0.35369
0.0916
0.13465
0.79957
0.4298
1.1706
1.1027
0.45539
0.12969
0.20252
0.26582
0.32144
0.17738
0.30773
0.28031
0.092846
0.077763
1.15
0.094117
0.64855
0.22492
0.37056
1.1037
0.12504
0.073605
0.19057
0.13575
0.089472
0.10292
1.209
0.069638
0.2059
0.90063
0.17435
0.81406
0.15407
0.18741
0.12586
0.32853
1.3066
0.07441
0.15478
1.1498
1.1999
0.1979
0.52468
0.43404
1.1126
0.23825
0.16401
0.075096
0.17769
0.22247
0.41294
0.065647
0.15849
0.27728
0.7981
1.1605
0.13837
0.25098
0.3928
0.39293
0.78302
0.1546
0.12113
0.14427
0.24967
0.39013
0.11817
0.21112
0.27235
0.95721
0.25345
1.2132
1.3328
0.17217
0.9281
0.88567
0.65153
0.17477
0.39241
0.51227
0.17087
0.69624
0.54864
0.81773
1.0723
0.16821
0.092848
0.25665
0.29941
0.33338
0.69163
0.1488
0.11881
0.2153
1.3996
0.080914
0.10071
0.76724
0.19965
0.41719
0.18069
0.7326
0.2521
0.14582
0.23793
0.65278
0.062751
0.28038
0.1512
0.28142
0.80147
0.13695
0.15623
0.76686
1.2469
0.08248
0.9826
0.20835
0.075706
0.2611
0.12403
0.87627
0.14427
0.13615
0.3453
1.0161
0.25208
0.07101
1.2056
0.157
0.12484
0.42579
0.44305
1.0236
0.1299
1.177
0.17393
0.096056
0.36903
0.67999
0.097464
0.15461
0.51353
0.37313
1.2065
0.15338
1.0323
1.3213
1.192
1.1921
0.37668
0.67668
0.24498
0.21346
0.13714
0.089441
0.11872
0.16544
0.37052
0.18209
0.11691
0.18828
0.14047
1.1913
0.40473
0.24166
0.33676
0.30111
0.10048
0.60571
0.7557
0.15664
0.27017
0.49921
0.13221
0.91383
0.36713
0.70669
0.214
0.22965
0.41903
0.13412
1.0452
0.28395
0.96519
0.2299
0.10037
0.062158
0.10318
0.39132
0.10082
1.0552
0.3229
0.085001
0.10284
0.46128
0.12339
0.12823
0.090699
0.085998
0.34236
0.68593
0.42733
0.54565
1.109
0.076526
0.96122
0.4672
0.096927
0.12644
0.82133
0.34996
1.228
0.35345
0.060054
0.13595
0.14789
0.20721
0.19769
0.27567
0.39042
0.70193
1.1478
0.22119
0.093382
0.22756
0.24839
0.77989
0.14057
1.6059
0.54269
0.69026
0.17434
1.3434
0.80549
0.12135
1.2152
0.13324
1.0261
0.32558
0.12366
0.26484
0.12982
1.1157
1.0651
0.68751
0.87503
0.12467
0.28733
0.18494
0.086298
0.63762
0.55812
0.75474
0.16499
1.2053
0.11922
0.33328
0.41043
0.13611
0.75388
0.093747
0.095535
0.13118
0.46419
0.43861
1.601
0.19223
0.30986
0.11993
0.31273
0.7333
0.82239
0.4594
0.15561
0.18903
0.33149
0.20947
0.17729
0.31148
0.68092
1.3062
0.19423
1.3602
0.20148
0.82883
0.25163
0.16087
0.18063
0.1383
0.14668
1.1165
0.63052
0.14308
0.2178
0.098736
0.13763
0.34915
1.239
0.066065
0.07554
0.079252
0.17586
0.16467
0.55628
0.26989
0.56438
0.14737
0.084422
1.243
0.33921
0.22961
0.19876
1.0354
0.26649
0.16882
0.65421
0.69221
0.33518
0.076256
0.12258
0.11734
0.23173
0.10302
0.14469
0.22841
0.077343
0.13629
0.22833
0.1326
0.10621
0.083728
0.10864
0.10547
0.21601
0.47341
0.2794
0.11
0.10642
0.23546
0.65232
0.16904
0.08214
0.64623
0.44801
0.085148
0.49599
0.9395
0.70663
0.30309
0.069633
1.1397
0.57404
0.083179
0.26847
0.092324
0.79612
1.1205
0.079847
0.12665
0.09947
0.18736
0.40537
0.2963
0.36297
0.54298
0.85369
0.48836
1.0069
0.10673
0.19371
0.22452
0.70906
0.40408
0.41497
0.92197
1.1304
0.51566
0.085262
0.26683
1.5612
0.24431
0.1056
0.44318
0.17926
0.074713
1.1039
0.26308
0.12232
0.65244
1.1167
0.29674
0.097375
0.11754
0.25596
0.64628
0.099361
0.59021
0.26026
0.78044
0.13702
0.68331
0.18885
0.16231
0.13754
0.21698
0.082299
0.11957
0.10132
0.16141
1.3633
0.71858
0.085275
0.31995
0.14627
0.2379
0.23301
0.31566
0.56448
0.18738
1.2237
0.97057
1.1207
0.27105
0.099668
0.5717
0.33599
1.0823
0.20499
0.074469
1.2161
0.30257
0.16727
0.29857
1.0263
0.61746
0.15375
0.12866
0.43896
1.0913
0.25183
0.2648
0.31009
0.49794
0.17465
1.0281
0.097406
0.59709
0.13588
0.23745
0.14725
0.22667
0.2572
0.57414
0.28503
0.25122
1.0242
0.80133
0.28568
1.2051
0.75626
0.26317
0.40549
0.48165
0.31551
0.14732
0.1502
0.062276
1.0263
0.21999
1.3091
0.11732
0.30582
0.20283
0.22329
1.1075
1.2011
0.71961
0.12787
0.11545
1.0297
0.22406
0.76721
0.20067
1.2989
0.3429
0.24518
0.11467
0.14587
0.52282
0.27436
1.1272
0.10353
0.73731
0.10562
0.79828
0.19483
0.11023
0.33337
0.24309
0.078941
0.072991
0.87258
0.10588
0.083315
0.25991
0.08199
0.11867
0.22124
0.16338
0.29103
0.42067
0.12226
0.19935
0.11449
1.0934
0.22805
1.0244
0.66915
0.10303
0.81666
0.22992
0.97594
0.73271
0.15644
0.66432
0.091807
0.1985
0.077365
0.099346
0.12547
1.1654
0.18556
0.18984
1.0702
0.28518
0.08776
0.80876
0.29935
0.12195
0.11251
0.54894
0.071603
0.90932
0.21629
0.54553
0.85584
0.35046
0.98435
0.54799
0.20547
0.40462
1.0494
0.97266
0.34363
0.22078
0.079387
1.107
0.98301
0.25827
0.1045
0.10582
1.0936
0.12712
0.31763
0.50741
0.20294
0.17295
0.29493
1.0166
0.67202
0.40993
0.40135
0.22353
0.14005
0.67159
0.13964
0.28782
1.105
0.19963
0.30753
0.10205
0.60615
0.69062
0.35156
0.11143
0.14498
0.13452
1.2238
0.14128
0.65156
0.10855
0.56806
0.22529
0.60735
0.13641
0.34971
0.3291
0.097352
0.57253
1.1386
0.34035
0.31133
0.21196
0.47016
0.16613
0.15827
0.060747
0.09277
0.36083
1.1456
0.61088
0.14385
0.065796
0.13532
0.081715
0.83646
0.46479
0.20656
0.094971
0.12245
0.13825
0.23018
1.3075
0.16663
0.58967
0.17955
0.1101
0.21958
0.1821
0.087711
0.09242
0.20776
0.22117
0.45861
0.77298
0.068602
0.36994
0.98777
0.23864
0.13437
0.2814
1.4396
0.27847
0.093995
0.14007
1.0974
0.1448
0.1183
0.082907
1.1465
0.69838
0.26642
0.63056
0.6343
0.13449
0.10233
0.44535
0.1756
0.16448
1.5502
0.75635
0.81339
0.82976
0.083563
0.24678
0.57129
1.0834
1.0445
0.10822
0.71803
0.24304
0.45786
0.10016
0.15352
1.0095
0.095708
0.14759
1.0948
0.10913
1.5369
0.5015
0.64859
0.9584
0.14402
0.23423
1.0044
0.50323
0.49475
0.12531
0.2266
0.4307
0.48333
0.16143
0.92057
0.15643
0.077619
0.18086
1.0763
0.13081
0.058509
0.14446
0.11394
0.14322
0.10425
0.22886
0.32042
0.85048
1.3629
0.33453
0.17371
1.1946
1.2119
0.22595
0.070197
0.57088
0.24871
0.21379
0.19217
0.60778
0.56628
0.4489
0.61815
1.0395
0.36685
0.59667
0.67046
0.96271
0.20662
0.15093
0.081902
0.10089
0.52948
1.1587
1.3071
0.24172
0.21119
0.79347
1.0956
0.2389
0.12205
0.21271
1.3421
1.1547
0.065864
0.45285
0.17311
0.17808
1.144
0.13439
0.17766
1.1457
0.07429
0.57094
0.16434
1.0981
0.13791
0.33526
1.2889
0.48424
0.38423
0.14375
0.126
0.15308
1.0446
0.1699
0.062594
0.096214
0.26782
0.19674
0.064101
0.10478
0.16576
0.76976
0.58125
0.28009
0.36012
0.1709
0.061982
1.0021
0.75196
0.089505
0.35061
1.1968
0.30068
0.33066
0.30864
0.16705
0.40471
0.14799
0.94504
0.11055
0.095541
0.094495
0.29275
1.0337
0.12364
0.45003
0.12344
0.34041
0.73164
0.19239
0.18016
0.21736
0.16105
0.7488
0.12834
1.0701
0.19926
0.26197
0.40296
0.64304
0.17563
0.64284
0.10881
0.20948
0.33826
0.63451
0.16858
0.07123
0.52265
0.17604
0.19012
0.097084
0.63674
0.53511
0.19185
0.20264
0.07218
0.19879
0.30915
1.1078
0.3731
0.46766
1.3135
0.13542
0.076737
0.28498
0.16596
0.10926
0.058821
0.61402
0.10576
0.14839
1.1546
0.11567
0.21174
0.10535
0.17288
0.65298
0.2887
0.20262
0.37156
0.071416
0.42739
0.09135
0.13349
0.17053
0.12069
1.101
0.11659
0.09571
0.21998
1.0667
0.14678
0.69151
1.2769
0.90061
1.0674
0.30696
0.071707
1.4246
0.374
0.36476
0.39088
0.076729
0.097526
0.4273
0.11218
0.27811
0.74465
0.49621
0.41041
0.11275
0.53466
0.16174
0.4217
0.31201
0.26827
0.095956
0.14347
0.07726
0.54628
0.080268
0.14344
0.8197
0.086986
0.33749
0.42085
0.071835
0.20271
0.57438
0.12614
0.64959
0.93995
0.19265
0.13435
0.52991
0.40459
0.67739
1.0152
0.085977
0.24076
0.11844
0.11611
0.38349
1.0105
1.0146
0.37133
0.1964
0.29527
0.21667
0.19255
0.073664
0.33594
0.64162
0.076471
0.16818
0.095641
1.1218
1.1255
0.15444
0.9174
0.16888
0.12783
0.16703
0.4543
0.99508
1.2433
0.34993
0.46455
0.16786
0.43072
0.19087
0.32354
1.0059
0.18016
0.15643
0.17942
1.0711
0.34356
0.42835
0.11695
0.11449
0.10061
0.12224
0.15503
0.15984
1.1853
0.13486
0.15638
0.40277
1.2585
0.076476
0.13794
0.076519
0.0574
0.21875
0.17252
0.15599
0.99034
0.076081
0.52932
0.075323
0.11439
0.11236
0.17596
0.075846
0.17846
0.099386
0.2341
0.15427
0.080484
0.087962
0.2261
0.10807
1.1207
0.11128
0.6104
0.85248
0.30284
0.25617
0.66696
0.12644
0.13347
0.21355
0.83255
0.31651
0.13608
0.061644
0.10235
0.12883
1.2332
0.85989
1.1299
1.1521
0.83094
0.13109
0.39091
0.51782
0.38567
0.66056
1.4552
0.11108
0.095811
0.41895
0.69324
0.077958
0.12366
0.31134
0.071464
0.088267
0.97305
0.67439
0.39135
0.18045
0.26289
0.096036
0.34997
0.45959
0.40827
0.80359
0.46629
0.26216
0.73127
0.26084
0.70182
0.19551
0.19448
0.59972
0.30266
0.41872
0.17741
0.083942
0.24337
0.26438
0.61863
1.0968
1.0529
0.66185
0.13177
1.2901
0.42068
0.33692
0.6434
0.53989
0.25189
0.21511
0.077608
0.46963
0.08986
0.21831
0.062933
1.2354
0.22785
0.66164
0.19376
0.1216
0.36626
0.55344
0.77493
0.079019
0.55516
0.087433
0.27021
0.57467
0.47117
0.37568
1.2658
1.0591
0.16401
0.066501
0.10767
0.2555
0.16601
0.11814
0.099855
0.16879
0.49815
0.63284
0.38994
0.12847
0.99748
0.11688
0.55387
0.26068
0.18943
0.12423
1.1155
0.13889
0.22297
0.79822
1.1507
0.46387
0.32793
0.33827
0.17162
0.20478
0.26131
0.91897
0.19106
0.18357
0.14441
1.1243
0.29848
0.51288
0.47925
0.069862
0.32597
0.46602
0.076522
0.83686
0.57867
0.27664
0.1206
0.30844
0.31442
0.1083
0.11579
0.31374
0.5569
0.15216
0.13629
1.3083
0.80906
0.097979
0.17245
0.25743
0.10581
0.16263
1.0829
0.24635
0.16553
0.58637
0.46975
0.74343
0.1291
0.05585
0.56331
0.23321
0.14544
0.72216
0.17401
0.13285
1.0422
0.29521
0.33372
0.10631
0.14954
1.3659
1.0431
0.16044
0.14553
0.28344
0.25878
0.099921
0.15971
0.37851
0.19219
0.78531
0.2749
0.13645
0.57617
0.085831
1.2371
1.1395
0.20587
0.6111
0.96616
0.13348
0.12374
0.17004
0.21687
0.12929
0.32428
0.59752
0.47473
0.085737
1.148
0.6589
0.075459
0.49355
0.49888
0.21551
0.22216
0.11948
0.45367
0.089766
0.12408
0.34772
0.39419
0.47244
1.2627
0.079495
0.22199
0.81311
0.25305
0.39648
0.22035
0.21411
1.0216
0.12541
1.2491
1.2
0.86345
1.1583
1.2757
0.1354
0.29588
0.21056
0.18726
1.0996
1.1559
0.2756
1.1178
1.0264
0.22903
0.14921
1.323
0.62567
0.14053
0.18979
0.27783
0.29304
0.24969
1.1991
0.50682
0.14584
0.13332
0.11949
0.24809
1.5265
1.1724
0.67242
0.42628
0.20175
0.13894
0.23755
0.16513
0.1624
0.1538
0.086736
0.10602
0.66223
0.56127
0.27214
0.11116
0.51193
0.12529
0.097128
0.26219
0.70669
0.91967
0.34813
0.075656
0.091267
0.48714
0.38991
0.64319
0.41794
0.10211
1.1197
0.14772
0.18918
0.27858
0.10765
0.6182
0.13748
0.51737
0.33822
0.76356
0.55178
1.043
0.23104
0.28187
0.091769
0.82819
0.25145
0.32699
0.5323
0.13946
0.15378
0.21363
0.13611
0.13469
0.15528
0.9151
0.3193
0.43687
0.37488
0.44127
0.12932
0.07875
0.36968
0.12572
0.21115
0.49078
0.12183
0.16487
0.62029
0.074293
0.77598
0.15147
0.23116
0.12675
0.48795
0.27989
0.95308
0.39243
0.44706
0.61701
0.13042
0.6752
0.40972
0.38224
0.36791
0.11
0.53797
0.16722
0.29982
0.18461
0.26934
0.11021
0.47784
0.10036
1.1646
0.18312
0.21977
0.29118
0.34456
0.17358
0.14785
0.12407
0.077987
0.11503
0.3261
0.57541
0.063152
0.11723
0.16283
0.75525
0.27697
1.3629
0.083515
1.4624
0.26276
0.15933
0.27315
0.96419
0.57973
1.0514
0.18393
0.14828
0.86681
0.26864
0.19005
0.40982
0.15119
1.1742
0.14084
0.16172
0.16846
0.81672
0.75014
0.12574
0.63975
0.19388
0.085938
0.11279
0.11173
0.19185
0.27182
0.30776
0.42342
1.0479
0.57131
0.20256
1.6903
0.20863
0.2356
0.32387
0.29044
0.628
0.60353
0.078917
1.2634
0.49359
1.0982
1.0767
0.17733
0.24422
1.2327
0.21912
0.18053
0.63258
0.77005
0.34637
0.23473
0.21283
0.094434
0.3584
0.13203
0.3839
0.51136
0.61253
0.13204
1.1518
0.11512
1.1206
0.082347
1.0297
0.13194
0.58761
0.13674
0.23728
0.31843
0.14727
0.10512
0.51773
0.64349
0.37485
1.2104
0.07865
0.13454
1.1187
0.13442
1.1764
0.15248
0.06116
1.0327
0.082959
0.15773
0.17502
0.12059
1.2713
0.2016
0.20522
0.5813
0.080174
1.3926
0.32712
0.16222
0.29345
1.2076
0.30762
0.093529
0.11318
0.84225
1.2962
0.13785
0.91915
0.15044
0.62571
0.086701
0.38071
1.1122
0.55713
0.85319
0.175
0.34921
0.094337
0.55189
0.33152
0.40772
0.75425
0.12285
0.74158
1.2304
0.20812
1.26
0.49433
0.091381
0.66591
0.13062
0.16744
0.24559
0.14231
0.44478
0.11106
0.13616
0.15618
0.093816
0.10915
0.10925
0.30246
0.69573
0.29333
0.58819
0.30426
0.27064
0.11151
0.1205
0.081493
0.34298
0.09489
0.22604
0.60262
0.18484
0.10584
0.93976
0.93675
0.097263
1.1284
0.09357
0.52802
0.53638
0.28045
0.038235
0.13839
0.087141
0.3609
0.13377
0.17066
0.23939
0.17468
0.16265
0.17013
0.10856
0.21643
1.2397
1.0412
0.33232
0.63588
0.417
0.60996
0.31877
0.10472
0.28602
0.12307
0.68775
1.2538
0.28719
0.14593
0.14477
0.19856
0.14291
1.1154
0.97456
1.0737
1.1761
0.54669
0.19813
0.80261
0.19442
0.085857
0.19745
0.11294
0.85843
1.0474
0.4622
0.091763
0.10234
0.10982
0.92077
0.29367
0.85133
0.10722
0.12709
0.55302
0.57175
0.60691
0.072222
0.18744
0.081316
0.64832
0.095232
0.65234
1.179
0.10343
0.10568
0.58659
0.34003
0.15059
1.158
1.1798
0.27179
0.17144
1.1021
0.18118
0.16525
0.22693
0.095972
1.1211
0.43053
0.28418
0.20899
0.38605
0.2275
0.49804
0.74453
0.14022
1.4479
0.77162
0.15044
0.33018
0.18216
0.81075
0.46302
0.37757
0.39224
0.57832
1.1153
0.80154
0.13347
0.083119
0.62303
0.080199
0.14342
0.082112
0.1855
0.26412
0.76879
0.24086
0.083276
0.9218
0.61207
0.29799
0.84045
0.17139
0.14431
1.0711
0.2703
0.24565
0.14562
0.55063
0.79926
0.21749
0.42842
0.093026
0.1733
0.09725
0.11422
0.39868
0.10566
0.20979
1.0598
0.39665
1.0591
0.12855
0.19906
0.30129
0.1345
0.44224
0.11841
0.30725
0.48308
0.24761
0.83397
0.12415
0.16166
0.37948
0.13895
0.37609
0.65642
0.15906
0.21213
0.56472
0.20683
0.20729
0.29391
0.18357
0.41025
0.3317
1.1935
0.15218
1.2384
0.15255
1.0825
0.73471
0.75272
0.94911
0.16034
0.32796
0.43381
0.19167
0.4278
0.52511
0.10921
0.09825
0.13826
1.272
0.095157
1.0239
0.18674
0.50818
0.20891
0.25587
0.37391
0.097523
0.21132
0.15814
1.2003
0.58154
0.064226
0.16744
1.1557
0.22084
0.57322
0.65223
0.42576
0.61431
0.14056
0.75383
1.1491
0.10178
1.2405
0.31824
0.37913
0.11045
0.091827
0.12303
0.30786
1.1528
0.56175
1.1235
0.17007
0.18809
0.52081
0.96107
0.090189
1.3733
0.15344
0.46729
0.36545
0.20599
0.10135
0.34099
0.07969
0.10687
0.10436
0.09769
0.077907
0.56785
0.067677
1.0788
0.31709
0.64508
0.21562
0.5617
0.15062
0.076944
0.44174
0.39454
0.17142
0.57759
1.1416
0.5172
0.26825
0.36591
0.11785
0.25309
0.32859
0.11894
1.5922
0.49668
1.118
0.10717
1.0866
0.10873
0.16495
0.35673
0.60859
0.11328
0.5832
0.13516
0.33827
0.25563
0.23296
0.075604
1.0452
0.46333
0.20705
0.11626
0.11039
0.59295
0.24904
0.64323
0.33059
0.71168
0.091069
0.89799
0.49466
0.95606
0.21137
1.2222
0.83054
1.2247
0.12723
0.0884
0.75427
0.83735
0.76709
0.18291
0.30557
1.1266
0.10497
0.78542
1.1867
0.14244
0.91204
0.2193
0.29141
0.22129
0.21198
0.1139
0.41299
0.085499
0.69681
0.39612
0.14677
0.50022
0.1411
0.50909
0.19183
0.17512
0.81362
0.28636
0.11638
0.52222
0.077459
0.18875
0.13905
0.3147
1.2551
0.63525
0.35961
0.17831
0.78814
0.22325
1.0429
0.21961
0.23112
1.1862
0.1195
1.0912
0.35668
0.37139
0.14838
0.12689
0.40915
0.13797
0.39276
0.10856
0.70335
0.15435
0.13287
0.068492
0.11711
0.08711
1.1829
0.067695
1.0558
0.29625
0.21789
0.31073
0.11463
0.20906
0.67471
0.71228
0.090833
0.18299
0.088258
1.2972
0.13395
0.36688
0.10036
0.26989
0.07702
0.17432
0.93521
0.54028
0.34196
0.11592
0.086396
0.84146
0.25523
0.23668
0.26356
0.094238
0.17646
0.74592
0.148
0.31148
0.13982
1.1567
0.75734
0.085502
0.22403
0.34763
1.0505
0.42918
0.83106
0.32084
0.08331
1.2233
0.18527
0.37661
0.13976
0.15758
0.93094
0.38379
1.1336
0.23133
0.092839
1.145
0.85064
0.34442
0.87788
0.2075
0.12439
0.49456
0.55025
0.28085
0.79273
0.11995
0.097269
0.36261
0.21169
0.18205
0.15839
0.47024
0.08402
0.081686
0.99732
1.1151
0.13213
0.3011
0.8853
0.17542
0.30229
0.085351
0.12168
0.16836
0.17213
0.12605
0.17497
1.166
0.39421
0.22172
0.096232
0.62962
0.17106
0.40775
0.12495
0.11646
0.24107
0.098347
0.15366
0.30917
0.17269
0.1957
0.09849
0.19575
1.0281
0.091755
1.2331
0.16243
0.14679
1.1336
0.16099
1.0993
0.16908
0.86645
0.66406
0.24121
0.87571
0.29005
0.12173
0.082505
0.35873
0.090453
0.28584
0.76859
0.25035
0.083914
0.11425
0.069183
0.56974
0.75589
0.13729
0.19065
0.69736
0.50453
0.13048
0.067474
1.3577
0.1811
0.19195
0.13478
0.63035
0.17326
0.14163
0.33195
0.15873
0.31178
0.12867
0.49096
0.14474
0.33544
0.62742
0.29267
0.81981
0.84689
0.067608
0.23844
0.16296
0.12867
0.17924
0.14477
0.90696
0.23451
0.1045
0.087002
0.2212
0.85849
0.38848
0.14441
1.2218
0.90796
0.13279
0.080131
0.63404
0.49616
0.27203
0.47528
1.0009
0.20559
0.13933
1.2776
0.36841
0.23007
0.096359
0.35656
0.60438
0.63831
0.55862
0.50819
0.62135
0.63678
0.52793
0.24713
0.080634
0.90907
0.77118
0.20502
0.66707
1.1632
0.74425
0.18151
0.27073
0.71769
0.1158
1.5438
0.10296
0.3335
0.075132
0.15071
0.42936
0.57911
0.96906
0.1717
0.086442
0.2124
0.11284
1.1238
0.23409
0.36487
0.2882
0.093911
1.0549
0.17601
0.06687
0.55591
0.77611
0.63024
0.074088
0.12422
1.1697
0.28279
0.14153
0.12383
1.1179
0.11711
0.53126
0.33724
0.31177
0.14211
0.29681
1.2395
0.97442
0.29786
0.15528
1.0339
0.16433
0.10239
0.37298
0.6944
0.27045
0.15747
0.2076
0.82475
0.81433
0.25633
0.64776
0.4903
0.091685
0.068902
0.33379
0.15871
0.16412
0.31986
0.77605
1.2751
0.40703
0.13007
1.0861
1.0975
0.19185
0.10496
0.10527
0.90371
0.42313
0.75199
0.14639
0.90743
0.73223
0.34686
0.079906
0.1344
0.23178
0.071376
0.22967
0.18012
0.60385
0.14704
0.26886
0.83887
0.15817
0.070994
0.11676
0.45498
0.12726
0.42998
0.17251
0.2082
0.36232
0.27452
0.58732
0.13404
0.12059
0.072387
1.1325
0.25288
0.15578
0.4317
1.0076
0.095921
0.46
0.13787
0.23193
0.21326
0.18931
0.4587
0.090168
0.092191
0.16395
0.095777
0.1184
0.5732
0.66624
0.3564
0.082964
0.11622
0.094734
0.12118
1.1023
0.6051
1.2017
0.18418
0.12402
0.18441
0.51726
0.37326
0.093401
0.11918
0.36866
0.070036
0.10682
0.82177
0.18255
0.90484
0.4986
0.87405
1.1432
0.32003
0.25133
0.13244
1.0385
1.1788
0.31111
0.70617
0.092287
0.082589
0.19078
0.14079
1.2236
0.25688
1.1459
0.94809
0.11013
0.38797
0.19008
0.40439
0.10189
0.10525
0.14051
0.11403
0.76996
0.73667
0.090657
0.10499
0.18691
0.21817
0.13027
0.15896
0.26339
0.13117
1.3156
0.39354
0.63479
0.37028
0.40286
0.49802
1.1771
0.53166
0.12402
0.52584
0.42791
0.23283
0.57238
0.35096
0.38615
0.086248
0.24082
0.082129
0.10669
0.98741
1.2438
0.35122
0.11095
0.10984
0.37904
0.16514
0.10744
0.2335
0.66458
0.73633
0.08797
0.38116
0.30591
0.1651
0.1034
1.1333
0.20442
0.076795
1.3816
0.22387
0.093621
0.27924
0.13629
0.22527
0.11276
0.54907
0.14903
0.1863
0.14304
1.2157
0.3152
0.80921
0.087765
0.46211
0.15681
0.16675
0.50194
0.42416
0.61715
0.22606
0.082156
0.14762
0.17943
0.32219
0.16515
0.156
0.078021
0.11658
0.14086
0.80313
0.24867
0.44685
0.22812
0.33098
0.4584
0.24077
0.057876
0.1704
0.18539
0.17634
0.71541
0.36113
0.4226
0.16196
0.34094
0.69048
0.11907
0.60836
0.27814
0.70699
1.2592
0.10613
0.2187
1.0471
0.50469
0.13374
0.27019
0.89797
0.12718
0.69974
0.097622
0.15441
0.70091
0.15339
0.090821
1.2204
0.37795
0.19608
0.092281
0.094008
0.83685
0.097049
0.39965
0.39429
0.062246
0.27499
0.90793
0.18072
0.45005
0.50798
0.32174
0.39575
0.2059
0.28883
0.61724
0.39947
0.20529
0.54146
0.43974
0.42247
1.134
0.15232
0.63601
0.17087
0.65507
0.46252
1.0007
0.19551
0.11722
0.86846
0.39057
1.0434
0.75608
0.18977
0.81074
0.079391
0.97009
0.26896
0.16849
0.37802
0.55823
0.43625
0.12464
0.50717
0.48881
1.5311
0.67584
0.12124
0.68999
0.17524
0.085077
0.25783
0.11965
0.43477
0.10649
0.13833
0.92748
0.49556
0.61831
0.62678
0.47282
0.066503
0.80696
0.81264
0.89291
0.44586
0.87128
0.12684
1.2537
1.1797
0.076901
0.10185
0.17412
0.7048
0.24702
0.16047
0.16199
0.18059
0.35814
0.16614
0.19598
0.10014
0.16605
0.62124
0.50487
0.27949
0.19223
0.31768
0.070839
1.1003
0.61487
0.20589
0.99397
0.59988
0.23055
0.13965
0.43872
0.56316
0.13736
0.30174
0.17358
0.65586
0.072873
0.22893
0.25844
0.27025
0.18412
1.1795
0.12775
1.1528
0.326
0.11945
0.59043
0.19822
0.091259
0.11429
0.13426
0.43261
0.67625
0.085742
0.93172
0.60257
0.51941
0.27108
0.22877
0.16637
0.45934
1.0609
0.10312
0.092633
0.088839
0.79426
0.23506
0.16319
0.19099
1.1726
0.12092
0.18124
1.2159
0.94622
0.19009
0.75154
0.21093
0.25847
1.1435
0.43652
0.25421
0.11152
0.19863
0.35977
0.091628
0.34734
1.1676
0.21037
1.1118
0.26261
0.24413
0.28585
0.10036
1.1982
0.12148
0.71973
0.61239
0.57982
1.0537
0.98173
0.11816
0.21533
0.32945
0.38447
0.49039
1.2147
0.10357
0.75328
0.28365
0.19963
0.084094
0.14533
0.10065
0.085113
1.2595
0.93732
1.4339
0.10821
0.28615
0.71188
0.72951
0.070897
1.0919
0.092479
0.12921
0.44085
0.21594
1.1031
0.23735
0.68705
0.39356
0.22446
0.2658
0.25897
0.28036
0.097889
0.09285
0.10229
1.1421
0.62818
0.5374
0.21007
1.2153
0.37859
0.35687
0.29208
0.27986
0.083684
0.42035
0.10373
0.083359
0.33542
0.33235
0.47311
0.35817
0.25352
0.11907
0.54553
0.35348
0.27416
0.39499
0.19692
0.49093
0.24967
0.24248
0.23616
0.21938
0.29535
0.3425
1.1253
0.077592
0.63099
1.1665
0.22139
0.27967
0.11365
1.2487
0.11813
0.49567
0.3275
0.075017
0.14219
0.40011
0.11487
0.46579
0.15755
1.5531
0.88346
0.74404
0.38498
0.37985
0.82977
0.9192
0.54436
1.3649
0.13238
0.17064
0.16787
1.0854
0.19126
0.10176
0.74209
1.101
0.21651
0.35228
1.6349
0.50436
1.0104
0.34297
0.14354
0.46227
0.33963
0.61899
0.16954
0.46766
0.1072
0.25247
0.065556
0.11501
0.14168
0.45567
0.20973
0.14867
0.91733
1.2273
1.1567
0.10728
0.54444
0.8188
0.37226
0.38845
0.21249
0.37594
0.57126
0.089157
0.65817
0.14215
0.38851
0.20784
0.19743
0.37773
0.13926
0.6407
0.33469
0.30416
1.1427
0.34706
0.25816
0.52119
0.14106
0.23624
0.22414
1.2543
0.52107
0.77699
0.13788
0.2164
0.13774
0.98773
0.24536
0.085432
0.34529
0.23261
0.7146
0.14618
1.1479
0.27449
0.26407
0.1616
0.45877
0.64863
0.24742
0.55196
0.29293
0.67598
0.17576
0.10846
0.082872
0.095325
0.9955
0.67566
0.25034
0.21186
1.1834
0.42307
0.13264
0.12715
0.18374
0.52462
0.92331
0.30236
0.088203
0.82176
0.13298
0.22273
0.71481
0.95758
0.13104
0.91714
1.4328
1.1169
0.24479
1.045
0.57647
0.16294
0.38283
0.065535
1.0208
0.39831
0.18398
0.25508
0.36643
0.22338
0.10952
0.07585
1.0574
1.0216
0.54757
0.38152
0.10555
1.1764
0.20382
0.23557
0.39984
1.0419
0.096327
0.40388
0.081103
0.091141
0.07487
0.33544
1.4395
0.11897
0.85817
0.77697
0.21047
0.8954
0.39633
0.32014
0.36507
0.15142
0.55592
0.18124
0.34551
0.14031
1.3139
0.2403
0.63115
1.0073
0.8445
0.10971
0.22958
0.92161
0.7668
1.0356
0.28239
0.068578
0.20291
0.93349
1.1316
0.10636
0.26099
0.41867
0.14407
0.095425
1.0722
0.14643
1.0514
0.46093
0.12596
0.21961
0.11519
0.20846
0.40642
0.14083
0.26658
1.18
1.0739
0.41741
0.65102
0.12547
0.29183
1.0481
0.24618
1.1426
0.17324
0.06718
1.2005
0.12767
0.090468
0.19096
0.50742
0.84552
0.13763
0.24518
0.1088
0.71073
0.92047
0.17309
0.093262
0.1317
0.21108
0.21762
0.20093
0.093896
0.12142
0.18394
0.73283
0.094126
1.2944
0.71866
0.35494
0.17051
0.22937
0.14739
0.10204
0.4383
0.15243
0.14644
0.17858
0.12321
0.30604
0.083841
0.074952
0.10373
0.75816
0.2744
0.14126
0.11918
0.083815
0.36085
0.84624
0.30282
0.32322
0.23396
1.5124
0.098824
0.43239
0.3366
0.21248
0.76903
0.16141
0.15847
0.19639
0.16219
0.069152
0.31859
0.42686
0.26529
1.2915
0.70145
0.2558
0.17911
0.87948
1.4696
0.11649
0.13041
0.52466
0.10598
0.070879
0.098892
0.27293
0.23996
0.12839
1.3023
1.2184
0.10245
0.36231
1.0625
0.8762
0.92132
0.27726
0.2326
0.23761
0.16493
0.29
0.10429
0.12077
1.0365
0.086596
0.37098
0.34615
0.38459
0.32609
0.098969
0.12866
0.10951
0.22838
0.38258
0.15538
0.15637
0.97486
0.080965
0.4683
0.085455
0.095741
0.12431
1.1356
0.29755
0.5287
0.33827
1.1974
1.5465
0.11382
0.35803
0.31761
1.2094
0.10036
0.29279
0.64027
0.12558
0.33478
1.1819
0.43791
0.33677
0.21988
0.13191
1.1605
0.16908
0.096701
0.11211
0.98611
0.28663
0.35647
0.66579
0.67549
0.84602
0.1262
0.39609
0.45635
1.0453
1.3328
0.21748
0.23869
0.086383
0.30008
0.13698
1.3058
0.46444
0.18814
0.12944
0.14013
0.38711
0.39217
0.14631
0.53266
0.12336
0.22355
0.19167
0.69853
0.10988
0.44519
0.08884
0.6049
0.55683
0.32026
0.27595
1.0555
0.96811
0.098715
0.13952
0.5109
0.48302
0.19847
0.19896
0.57919
0.51461
1.1588
0.43937
0.099101
0.18214
0.36392
0.99264
0.064438
0.095058
0.6905
1.0204
0.096154
0.55943
0.64444
0.41029
0.45886
0.67471
0.060085
0.070568
0.54623
0.28376
0.090817
0.71369
0.30041
0.17548
0.30603
0.16061
0.8008
0.34047
0.49564
0.71997
1.1553
0.3093
0.1249
0.30066
0.19358
0.50095
0.27081
0.71614
0.14279
0.80119
0.12368
0.28378
0.41751
0.18243
0.12672
0.5109
0.11553
0.17941
1.2348
0.22271
0.10164
0.67599
1.074
0.15794
0.21221
0.10611
0.23046
0.77108
0.61408
0.31198
0.11894
0.082368
0.47227
0.16922
1.1627
0.45048
0.075241
0.16237
0.81187
0.66103
0.57838
0.53079
0.13717
0.40484
1.0411
0.21125
0.20494
0.59762
0.17034
0.08574
0.15707
0.1564
0.30676
0.47699
0.14555
0.11939
0.10525
0.15729
0.42851
0.82859
0.089898
0.10772
1.4617
0.22965
0.29803
0.52383
0.85445
0.086003
0.16229
1.2632
0.27188
0.12599
0.12304
0.59076
0.14065
0.35372
0.089066
1.1125
0.084195
0.14036
0.18939
0.43068
0.13194
0.51925
0.093411
0.14895
0.089554
0.92759
0.14367
0.12149
0.10322
0.13623
0.5615
0.10784
1.0215
0.39554
0.84122
0.088321
0.30535
0.45471
0.38937
0.59488
0.92319
0.24461
0.72069
0.38524
0.35023
0.11746
0.15967
0.14462
0.89948
0.13861
0.76949
0.061155
0.48299
0.38002
0.40727
0.30076
0.29518
0.54629
0.11016
0.38161
1.2336
0.14625
0.12602
0.36232
0.23483
0.1597
0.14103
0.55434
0.17889
0.20375
1.513
0.095408
0.15939
0.1775
1.2456
0.23908
1.1265
0.21301
0.37426
0.60874
0.11031
0.074311
0.083504
0.13064
1.026
0.55447
0.081598
1.2673
0.07221
0.71299
0.074116
0.084466
0.49035
0.24629
0.11793
1.1557
0.10835
0.25683
0.11191
0.33304
0.35449
0.18624
0.51845
0.074017
0.076277
0.12853
0.49407
0.18339
0.90386
0.36148
0.16122
0.20108
1.2538
0.078715
0.082855
0.19658
1.0416
0.67353
0.11364
0.33966
0.087895
0.14268
0.98516
0.13835
0.19723
0.19743
1.0144
0.7726
0.47841
0.23882
0.89146
0.087621
0.19104
0.11585
1.0872
0.12367
0.087416
0.25881
0.37658
1.0162
0.13026
1.1248
0.074485
0.55066
0.28483
0.21324
0.12492
0.28539
0.075249
1.3437
0.2767
0.25827
0.6765
0.14687
0.27625
1.3209
0.12178
0.40317
0.1069
0.37171
0.33708
0.17424
0.088651
1.0274
0.52518
0.20971
0.15184
1.2521
0.11893
0.39006
0.13425
0.11975
0.36297
0.3264
1.0849
0.4234
0.24631
0.2979
0.47505
0.13033
0.072123
0.086335
0.10465
0.086424
0.27487
0.10661
1.0723
0.30825
0.094647
0.372
0.087487
0.28129
0.54446
0.11439
0.17957
0.068268
0.24196
0.88944
0.41985
0.3348
1.2396
0.2057
1.055
0.51209
0.24739
0.47907
0.090456
0.12378
0.16189
0.11128
0.77314
0.062543
0.13371
0.49899
0.11449
0.17136
0.14603
0.88597
0.63608
0.51389
0.17276
0.40833
1.0747
0.10832
0.5849
1.2015
0.33292
0.77823
0.20085
0.72974
1.2124
0.14285
0.1241
1.1308
0.1666
0.15938
0.40054
0.43471
0.24577
0.2909
0.10401
0.383
0.12744
0.85367
0.38156
0.18227
0.21723
0.11289
0.77148
1.2541
0.98969
0.71193
0.22397
0.63152
0.85474
0.12031
0.72387
0.087632
0.44034
0.17906
0.10154
0.96629
0.14014
0.13884
0.31858
1.0085
1.1124
0.17335
0.17277
0.12561
0.30416
0.082602
0.77496
1.0228
0.11732
0.8301
0.75255
0.13061
0.10584
1.1701
0.52255
1.6494
0.4484
0.34772
0.40285
0.74291
1.0122
0.073184
1.3553
0.75218
0.54324
0.36281
0.09741
0.89438
1.1377
1.1409
0.13941
0.79411
1.3368
0.50934
1.0648
0.33771
0.86115
0.10881
1.1543
0.54694
0.22393
0.99305
0.34424
0.77594
0.30098
0.11374
1.1384
0.61506
1.294
0.99782
0.58432
0.10243
0.10684
0.18308
1.5356
0.24613
0.60429
0.5326
0.43815
0.20649
0.87582
0.47464
1.1792
0.32347
0.10961
0.4524
0.75351
0.095803
0.788
1.163
0.22071
0.34743
0.077594
0.2754
1.2228
0.09852
0.86496
0.47207
0.24611
0.1442
0.40619
1.0158
0.23443
0.95711
0.23549
0.066148
0.69806
0.13749
0.63608
0.10069
0.27792
0.26692
0.1141
0.12059
0.10601
0.15743
0.23125
1.1914
0.14902
1.2668
0.51017
0.12718
0.76021
0.14127
1.0698
0.83833
1.1202
0.41882
0.081783
0.19725
0.76351
0.46685
0.94068
0.97214
0.45698
0.20326
0.1095
1.271
0.22478
0.41969
1.1047
1.3205
0.11968
0.1623
0.18191
0.149
1.0218
0.45111
0.17826
1.0578
0.41156
0.10671
0.6194
0.57003
1.0084
0.35773
0.3595
1.1823
0.24794
0.097941
0.60374
0.74742
0.098353
0.17936
0.50646
0.29438
0.33925
0.085038
0.09935
0.11394
0.67547
1.1826
0.4005
0.12748
0.20612
1.0102
0.48218
0.17642
0.12727
1.249
0.16855
0.70129
0.13761
0.32022
0.33457
1.1306
1.2693
0.18861
0.12819
0.99943
0.48931
0.31457
0.080373
0.56662
0.37582
0.43704
0.50929
0.13049
0.095231
0.088729
0.74563
0.16839
0.91081
1.187
1.0026
0.2199
0.21756
0.47401
0.0725
0.74583
0.1576
0.19375
0.080224
0.14382
0.4169
0.19584
0.35369
0.0916
0.13465
0.79957
0.4298
1.1706
1.1027
0.45539
0.12969
0.20252
0.26582
0.32144
0.17738
0.30773
0.28031
0.092846
0.077763
1.15
0.094117
0.64855
0.22492
0.37056
1.1037
0.12504
0.073605
0.19057
0.13575
0.089472
0.10292
1.209
0.069638
0.2059
0.90063
0.17435
0.81406
0.15407
0.18741
0.12586
0.32853
1.3066
0.07441
0.15478
1.1498
1.1999
0.1979
0.52468
0.43404
1.1126
0.23825
0.16401
0.075096
0.17769
0.22247
0.41294
0.065647
0.15849
0.27728
0.7981
1.1605
0.13837
0.25098
0.3928
0.39293
0.78302
0.1546
0.12113
0.14427
0.24967
0.39013
0.11817
0.21112
0.27235
0.95721
0.25345
1.2132
1.3328
0.17217
0.9281
0.88567
0.65153
0.17477
0.39241
0.51227
0.17087
0.69624
0.54864
0.81773
1.0723
0.16821
0.092848
0.25665
0.29941
0.33338
0.69163
0.1488
0.11881
0.2153
1.3996
0.080914
0.10071
0.76724
0.19965
0.41719
0.18069
0.7326
0.2521
0.14582
0.23793
0.65278
0.062751
0.28038
0.1512
0.28142
0.80147
0.13695
0.15623
0.76686
1.2469
0.08248
0.9826
0.20835
0.075706
0.2611
0.12403
0.87627
0.14427
0.13615
0.3453
1.0161
0.25208
0.07101
1.2056
0.157
0.12484
0.42579
0.44305
1.0236
0.1299
1.177
0.17393
0.096056
0.36903
0.67999
0.097464
0.15461
0.51353
0.37313
1.2065
0.15338
1.0323
1.3213
1.192
1.1921
0.37668
0.67668
0.24498
0.21346
0.13714
0.089441
0.11872
0.16544
0.37052
0.18209
0.11691
0.18828
0.14047
1.1913
0.40473
0.24166
0.33676
0.30111
0.10048
0.60571
0.7557
0.15664
0.27017
0.49921
0.13221
0.91383
0.36713
0.70669
0.214
0.22965
0.41903
0.13412
1.0452
0.28395
0.96519
0.2299
0.10037
0.062158
0.10318
0.39132
0.10082
1.0552
0.3229
0.085001
0.10284
0.46128
0.12339
0.12823
0.090699
0.085998
0.34236
0.68593
0.42733
0.54565
1.109
0.076526
0.96122
0.4672
0.096927
0.12644
0.82133
0.34996
1.228
0.35345
0.060054
0.13595
0.14789
0.20721
0.19769
0.27567
0.39042
0.70193
1.1478
0.22119
0.093382
0.22756
0.24839
0.77989
0.14057
1.6059
0.54269
0.69026
0.17434
1.3434
0.80549
0.12135
1.2152
0.13324
1.0261
0.32558
0.12366
0.26484
0.12982
1.1157
1.0651
0.68751
0.87503
0.12467
0.28733
0.18494
0.086298
0.63762
0.55812
0.75474
0.16499
1.2053
0.11922
0.33328
0.41043
0.13611
0.75388
0.093747
0.095535
0.13118
0.46419
0.43861
1.601
0.19223
0.30986
0.11993
0.31273
0.7333
0.82239
0.4594
0.15561
0.18903
0.33149
0.20947
0.17729
0.31148
0.68092
1.3062
0.19423
1.3602
0.20148
0.82883
0.25163
0.16087
0.18063
0.1383
0.14668
1.1165
0.63052
0.14308
0.2178
0.098736
0.13763
0.34915
1.239
0.066065
0.07554
0.079252
0.17586
0.16467
0.55628
0.26989
0.56438
0.14737
0.084422
1.243
0.33921
0.22961
0.19876
1.0354
0.26649
0.16882
0.65421
0.69221
0.33518
0.076256
0.12258
0.11734
0.23173
0.10302
0.14469
0.22841
0.077343
0.13629
0.22833
0.1326
0.10621
0.083728
0.10864
0.10547
0.21601
0.47341
0.2794
0.11
0.10642
0.23546
0.65232
0.16904
0.08214
0.64623
0.44801
0.085148
0.49599
0.9395
0.70663
0.30309
0.069633
1.1397
0.57404
0.083179
0.26847
0.092324
0.79612
1.1205
0.079847
0.12665
0.09947
0.18736
0.40537
0.2963
0.36297
0.54298
0.85369
0.48836
1.0069
0.10673
0.19371
0.22452
0.70906
0.40408
0.41497
0.92197
1.1304
0.51566
0.085262
0.26683
1.5612
0.24431
0.1056
0.44318
0.17926
0.074713
1.1039
0.26308
0.12232
0.65244
1.1167
0.29674
0.097375
0.11754
0.25596
0.64628
0.099361
0.59021
0.26026
0.78044
0.13702
0.68331
0.18885
0.16231
0.13754
0.21698
0.082299
0.11957
0.10132
0.16141
1.3633
0.71858
0.085275
0.31995
0.14627
0.2379
0.23301
0.31566
0.56448
0.18738
1.2237
0.97057
1.1207
0.27105
0.099668
0.5717
0.33599
1.0823
0.20499
0.074469
1.2161
0.30257
0.16727
0.29857
1.0263
0.61746
0.15375
0.12866
0.43896
1.0913
0.25183
0.2648
0.31009
0.49794
0.17465
1.0281
0.097406
0.59709
0.13588
0.23745
0.14725
0.22667
0.2572
0.57414
0.28503
0.25122
1.0242
0.80133
0.28568
1.2051
0.75626
0.26317
0.40549
0.48165
0.31551
0.14732
0.1502
0.062276
1.0263
0.21999
1.3091
0.11732
0.30582
0.20283
0.22329
1.1075
1.2011
0.71961
0.12787
0.11545
1.0297
0.22406
0.76721
0.20067
1.2989
0.3429
0.24518
0.11467
0.14587
0.52282
0.27436
1.1272
0.10353
0.73731
0.10562
0.79828
0.19483
0.11023
0.33337
0.24309
0.078941
0.072991
0.87258
0.10588
0.083315
0.25991
0.08199
0.11867
0.22124
0.16338
0.29103
0.42067
0.12226
0.19935
0.11449
1.0934
0.22805
1.0244
0.66915
0.10303
0.81666
0.22992
0.97594
0.73271
0.15644
0.66432
0.091807
0.1985
0.077365
0.099346
0.12547
1.1654
0.18556
0.18984
1.0702
0.28518
0.08776
0.80876
0.29935
0.12195
0.11251
0.54894
0.071603
0.90932
0.21629
0.54553
0.85584
0.35046
0.98435
0.54799
0.20547
0.40462
1.0494
0.97266
0.34363
0.22078
0.079387
1.107
0.98301
0.25827
0.1045
0.10582
1.0936
0.12712
0.31763
0.50741
0.20294
0.17295
0.29493
1.0166
0.67202
0.40993
0.40135
0.22353
0.14005
0.67159
0.13964
0.28782
1.105
0.19963
0.30753
0.10205
0.60615
0.69062
0.35156
0.11143
0.14498
0.13452
1.2238
0.14128
0.65156
0.10855
0.56806
0.22529
0.60735
0.13641
0.34971
0.3291
0.097352
0.57253
1.1386
0.34035
0.31133
0.21196
0.47016
0.16613
0.15827
0.060747
0.09277
0.36083
1.1456
0.61088
0.14385
0.065796
0.13532
0.081715
0.83646
0.46479
0.20656
0.094971
0.12245
0.13825
0.23018
1.3075
0.16663
0.58967
0.17955
0.1101
0.21958
0.1821
0.087711
0.09242
0.20776
0.22117
0.45861
0.77298
0.068602
0.36994
0.98777
0.23864
0.13437
0.2814
1.4396
0.27847
0.093995
0.14007
1.0974
0.1448
0.1183
0.082907
1.1465
0.69838
0.26642
0.63056
0.6343
0.13449
0.10233
0.44535
0.1756
0.16448
1.5502
0.75635
0.81339
0.82976
0.083563
0.24678
0.57129
1.0834
1.0445
0.10822
0.71803
0.24304
0.45786
0.10016
0.15352
1.0095
0.095708
0.14759
1.0948
0.10913
1.5369
0.5015
0.64859
0.9584
0.14402
0.23423
1.0044
0.50323
0.49475
0.12531
0.2266
0.4307
0.48333
0.16143
0.92057
0.15643
0.077619
0.18086
1.0763
0.13081
0.058509
0.14446
0.11394
0.14322
0.10425
0.22886
0.32042
0.85048
1.3629
0.33453
0.17371
1.1946
1.2119
0.22595
0.070197
0.57088
0.24871
0.21379
0.19217
0.60778
0.56628
0.4489
0.61815
1.0395
0.36685
0.59667
0.67046
0.96271
0.20662
0.15093
0.081902
0.10089
0.52948
1.1587
1.3071
0.24172
0.21119
0.79347
1.0956
0.2389
0.12205
0.21271
1.3421
1.1547
0.065864
0.45285
0.17311
0.17808
1.144
0.13439
0.17766
1.1457
0.07429
0.57094
0.16434
1.0981
0.13791
0.33526
1.2889
0.48424
0.38423
0.14375
0.126
0.15308
1.0446
0.1699
0.062594
0.096214
0.26782
0.19674
0.064101
0.10478
0.16576
0.76976
0.58125
0.28009
0.36012
0.1709
0.061982
1.0021
0.75196
0.089505
0.35061
1.1968
0.30068
0.33066
0.30864
0.16705
0.40471
0.14799
0.94504
0.11055
0.095541
0.094495
0.29275
1.0337
0.12364
0.45003
0.12344
0.34041
0.73164
0.19239
0.18016
0.21736
0.16105
0.7488
0.12834
1.0701
0.19926
0.26197
0.40296
0.64304
0.17563
0.64284
0.10881
0.20948
0.33826
0.63451
0.16858
0.07123
0.52265
0.17604
0.19012
0.097084
0.63674
0.53511
0.19185
0.20264
0.07218
0.19879
0.30915
1.1078
0.3731
0.46766
1.3135
0.13542
0.076737
0.28498
0.16596
0.10926
0.058821
0.61402
0.10576
0.14839
1.1546
0.11567
0.21174
0.10535
0.17288
0.068965
0.39203
1.0182
0.19775
1.18
0.44819
0.14848
0.90352
0.17053
0.12069
1.101
0.1136
0.18936
0.7884
0.34463
0.14678
0.18918
0.32118
0.90061
0.10913
0.47363
0.47012
0.73514
0.71572
0.12553
0.53176
0.076729
1.2246
0.4273
0.12569
0.27811
1.1796
0.17381
0.19663
0.096429
1.0678
0.15922
0.4217
1.149
0.81438
1.2227
0.14347
0.10072
0.07772
0.080268
0.11607
0.8197
0.35936
0.19008
0.10112
0.081494
0.39229
0.56026
0.14512
0.6775
0.27506
0.33483
0.46557
0.069376
0.40459
0.67739
1.0152
1.184
0.4747
0.29336
0.1975
0.9307
0.14106
0.62785
0.16576
0.10882
0.11622
0.21667
0.076397
0.37563
0.22898
0.51332
0.099075
1.0767
0.11645
1.0162
0.88447
1.2036
0.77938
0.12713
0.60875
0.14165
0.11459
0.784
0.70743
0.34993
0.78348
0.43313
0.43072
0.7111
0.10523
0.1449
0.12204
0.3157
1.5749
1.0711
0.15685
0.07512
0.12651
0.2116
0.18144
0.1988
0.70387
0.15382
0.11478
0.15485
0.1306
0.11603
0.84843
1.1873
1.4524
0.48979
0.0574
0.097434
1.3323
0.077733
0.99034
0.407
0.16173
0.068682
0.39392
0.90989
0.16562
0.78854
0.17489
0.16109
0.41849
1.2143
0.13067
0.24129
0.80965
0.10275
0.81148
0.085645
0.6104
0.23679
0.1615
0.91513
0.068492
0.12644
0.51508
1.2214
1.2523
1.0123
0.28841
0.39222
0.69075
0.58255
1.2332
0.17225
1.1299
0.091191
1.4425
0.50265
1.0124
0.51782
1.1563
0.18816
0.22179
0.25008
0.077423
0.11967
0.90652
0.16201
1.0291
0.20838
1.036
0.65683
0.13559
0.37264
0.74873
0.20926
0.24612
0.33829
0.34997
0.14983
0.28821
0.11316
0.079025
0.60903
0.11601
1.2879
0.15979
0.50789
0.19448
0.094958
0.23548
0.31813
0.16802
0.38855
0.47104
0.97094
0.43797
0.55565
1.0529
0.34635
0.96626
1.1961
0.081597
0.38881
0.14417
0.35315
0.42998
0.26359
0.13731
0.059696
0.1867
0.083917
0.19669
0.19507
0.13565
1.2098
0.060635
0.19894
0.5947
0.10165
0.38085
0.30127
0.16949
0.10101
0.11278
1.0545
0.36688
0.20857
0.7801
0.58678
0.16401
1.0314
0.18337
0.42185
0.14313
0.34403
0.099855
0.29746
0.15015
0.47043
0.12341
0.12847
0.76262
0.10771
0.075931
0.26068
1.0819
0.14795
0.11962
1.4244
0.14392
0.27634
0.21782
0.46387
0.32793
0.69177
0.17162
0.38157
0.42054
0.91897
0.18183
1.3373
0.28846
0.10287
0.29848
0.08628
0.85894
0.076447
0.32597
0.11682
0.46638
0.1857
0.12944
0.5424
0.08744
0.40239
0.15549
0.18909
0.20174
0.31374
0.15795
0.19313
0.67454
0.10277
0.80906
1.1383
0.04549
0.21434
0.42116
0.16263
1.5011
0.15541
0.16553
0.077691
0.39943
1.1181
0.16627
0.30832
0.25777
0.92692
0.57429
0.091153
0.092739
0.13285
1.1205
0.34283
0.10887
0.98431
1.2891
0.072782
0.12113
0.24489
0.27349
0.5006
0.11504
1.1326
0.15971
0.37851
0.3031
0.48609
0.75702
0.19331
0.76095
1.1555
0.25124
0.92017
1.3744
0.21276
0.29513
0.10609
1.106
0.54181
0.21687
0.17139
0.11033
0.68891
1.1755
0.10145
1.148
0.17252
0.083443
1.2866
0.95012
0.28268
0.19499
0.19444
0.097351
0.094082
0.36104
0.13299
0.15241
0.11721
1.0493
0.65817
0.64336
0.27488
0.80425
0.33009
0.13006
0.45772
1.0216
0.14374
0.21348
0.16096
0.089312
0.55952
0.41488
0.28837
0.43365
0.98814
0.10066
0.7042
1.1559
0.49546
0.28529
0.33481
0.29558
0.54319
0.090817
0.17037
1.0548
0.15289
1.1234
0.79469
0.65281
0.18353
0.37279
0.14584
0.17813
0.17879
0.22431
0.95915
0.27816
0.67242
0.15008
0.79496
0.13894
0.12612
0.34388
0.1624
0.77339
0.45224
0.21745
0.10231
0.56127
0.080576
1.2552
0.38555
0.21521
0.067913
0.51472
0.41282
0.91967
0.34813
0.13948
0.44497
0.20305
0.38991
0.68433
0.46802
1.6761
0.21888
0.10261
0.19552
0.58183
0.61639
0.11126
0.31503
0.96207
0.35918
0.11072
0.36908
0.22386
0.23104
0.31939
0.073422
0.10528
0.74766
0.090109
0.5323
0.38962
0.30357
0.32255
0.37376
0.33286
1.2194
0.18042
0.48907
0.32406
0.37488
0.092346
0.16135
0.13534
0.85197
0.68336
0.12164
0.1753
0.21726
0.16487
0.2783
0.3248
1.2205
1.069
0.17991
0.096301
0.26571
0.16781
0.17495
0.64863
0.17851
0.61701
0.23072
0.87891
0.32303
0.38224
0.12444
0.11
0.19035
1.1421
0.19703
0.90533
0.38928
0.30512
0.13843
0.070649
0.078429
0.073474
0.93825
0.81737
0.61483
0.38773
0.26109
0.12407
0.58819
0.16143
0.51255
0.31342
0.55428
0.56756
0.16283
0.66073
0.27697
0.52917
0.21811
0.32354
0.62353
0.11542
0.33169
0.088452
0.68932
1.0236
0.096835
0.091641
0.80087
0.73715
0.33173
0.83462
0.45852
0.16985
0.14084
0.11523
0.16846
0.21036
0.099372
0.11143
0.10947
0.13945
0.073226
0.18208
1.1552
0.88001
0.10879
0.067326
1.1127
0.10799
0.17405
0.24227
1.3589
0.22488
1.2444
0.16522
0.30504
0.08354
0.43503
1.1388
0.21036
0.39316
0.1583
0.16652
0.11767
0.30548
1.2327
0.21912
0.13226
0.8973
0.089936
0.49083
0.56814
0.75448
1.2834
0.8498
0.15973
0.3839
0.13004
1.0877
0.1864
0.15034
0.12821
0.76467
0.082347
0.75206
0.55915
0.27076
0.70276
0.49223
0.28612
0.27122
0.15973
0.1271
1.1437
1.0901
0.83681
0.1056
0.77028
0.13662
0.88631
0.23006
1.0533
0.46245
0.23555
0.2514
0.1765
0.17502
0.36591
0.23046
0.089323
1.2674
0.20522
0.26655
1.3926
0.26312
0.13628
0.29241
0.47519
0.42255
0.34878
0.65149
0.58574
0.099069
0.13785
0.39701
0.52454
0.62571
1.1232
0.69011
1.1122
0.9052
1.1896
0.41225
0.33603
0.69849
0.18852
0.39265
0.20502
0.081941
0.12285
0.087198
0.87293
1.3703
0.78507
0.24339
0.091381
0.66591
0.59165
0.19008
1.0648
0.45735
0.13899
0.88665
0.54973
0.64112
0.11894
0.43414
0.12002
0.14518
1.2659
0.47322
0.093621
0.13028
0.11296
1.0125
0.1205
0.072154
0.12979
0.79717
0.092571
0.11315
1.1071
0.10584
0.094335
0.52235
1.0861
0.48478
0.52127
0.52802
0.32056
0.30606
0.27081
0.089714
0.19165
0.11276
0.1016
0.31151
0.22841
1.0663
0.40003
0.17013
0.47669
0.13907
0.10089
0.98732
0.46136
0.63588
0.33751
0.60996
0.088786
0.093867
0.061909
0.36687
0.093517
1.0013
0.69393
0.20158
0.50805
0.19856
0.14492
0.063501
0.42344
0.99534
0.41704
1.4685
0.17853
0.29535
0.28082
1.0299
0.096612
0.77574
0.85843
0.52798
0.17882
0.22522
0.062007
0.098789
0.17225
0.14502
0.11589
0.15898
0.23623
0.60751
0.34804
0.42395
0.12679
0.11984
0.13311
0.30815
1.2321
0.12124
1.179
0.42761
0.67524
0.11923
0.48434
1.2236
0.16681
0.89043
0.99664
0.12944
1.0632
1.2306
0.10686
0.10209
0.21407
0.19856
0.1924
0.13698
0.96364
0.74244
0.73049
0.29134
0.74453
0.14022
0.087783
0.37611
0.23026
0.35253
0.16224
0.18261
0.085382
0.08288
0.091826
0.63019
0.092585
0.17543
0.099148
0.35339
0.94361
0.6946
0.11757
0.23394
0.11277
0.3415
0.19551
1.219
1.0456
0.58547
0.51428
0.40576
0.56217
0.20626
0.67487
0.088134
0.15726
0.22922
0.86455
0.10981
0.69537
0.19783
0.73222
0.18103
0.31563
0.17592
1.5714
0.39868
0.85683
0.32742
0.24086
0.17703
0.15962
0.24806
0.7572
1.5428
1.1569
0.44224
0.2822
0.057683
0.31342
0.24761
0.075624
0.12415
0.3601
0.65687
0.33776
0.37609
1.2487
0.23171
0.70739
1.3243
0.67005
0.6623
0.33999
0.3122
0.41025
0.096845
0.81558
0.15218
1.2384
0.76573
1.2264
0.091905
0.75272
0.32281
0.45067
0.32796
1.0199
0.11029
0.4278
0.16129
0.31965
0.47279
0.17558
0.50507
0.095157
0.34739
0.82921
0.45546
0.20849
0.81331
0.53648
1.066
0.78257
0.45593
0.081072
0.44672
0.55449
0.13373
0.70919
0.22084
1.3098
0.068583
0.074808
0.75335
0.97399
0.75383
0.067539
0.80816
0.21421
0.37562
0.16225
0.51274
0.18344
0.16593
0.84955
1.0461
0.087756
0.41634
0.09781
0.084566
0.52081
0.52596
0.21981
0.094022
0.15344
0.30599
0.36545
1.1065
1.5506
0.38345
1.1093
1.1067
1.5284
0.73751
0.92773
1.0861
0.086674
0.37074
0.33402
0.25707
0.094366
1.1807
0.072405
0.11985
1.335
0.26768
0.66605
0.24186
0.82135
0.093298
0.30003
0.43529
0.47445
0.65385
0.19494
0.14934
0.31661
1.4835
1.118
0.13488
0.21039
0.79546
0.24338
0.37148
0.096375
0.10198
1.102
0.17534
0.46208
1.5495
1.0391
0.79662
0.21625
0.98594
0.10039
1.0632
0.17579
0.59295
0.5472
0.303
1.206
0.45414
0.096205
0.30352
0.12889
0.38091
0.55272
0.18899
0.21004
0.2205
0.58234
0.25333
0.29233
0.11708
0.51766
0.82412
0.21101
0.7013
1.1572
0.071963
0.13051
0.14244
0.074213
0.29266
0.16932
0.82188
0.32887
0.084789
0.75685
0.085499
0.69681
0.3309
0.45047
0.16882
0.10056
0.83017
0.59454
0.15734
1.7055
0.10054
1.0798
0.85792
0.38206
0.14334
0.1099
0.11414
0.18014
0.41968
0.68118
0.17831
0.12327
1.0574
0.22854
0.14145
1.2149
0.38214
0.12393
0.060749
0.14191
0.37139
0.10554
0.36217
1.1699
0.47497
0.13591
0.98367
0.70335
0.22038
0.27937
0.42993
0.66805
0.063171
0.36452
0.65509
0.41201
0.14957
0.18885
0.31736
0.16883
0.8601
0.64961
0.21207
0.99325
0.28931
0.17432
0.30092
0.24595
1.1989
0.10421
0.92396
0.91416
0.12798
0.47537
0.11107
0.18294
1.2399
0.18521
0.49085
1.2424
1.3034
0.33735
0.76105
0.51378
0.37539
0.42676
0.065573
0.25146
0.15168
0.47466
0.89475
0.17423
0.55532
0.14161
0.11862
0.83106
0.29927
0.08331
0.14088
0.18527
0.35164
0.12406
0.080914
0.35094
0.34541
0.18755
0.25593
0.11827
1.145
0.85064
0.15987
0.56095
1.4837
0.12762
0.52049
0.41822
0.10046
0.73899
0.76903
0.82503
0.36261
0.18492
1.1308
0.2517
0.39107
0.08402
1.1407
0.19948
1.1151
0.86649
0.3011
0.18507
0.096351
0.097079
0.067696
0.49732
0.18291
0.23867
0.15492
0.13561
0.23135
0.26507
0.22172
0.46659
0.10224
0.17106
0.098608
0.32724
0.068709
0.51605
0.64923
0.15366
1.0481
0.25033
0.27297
0.09849
0.12877
0.26217
0.16875
0.80157
0.28367
0.50427
0.17573
0.83298
0.22451
0.20469
0.17171
0.11804
1.1572
0.69304
0.12405
0.11979
0.30846
0.1141
0.21802
0.36258
1.0277
0.097239
0.23815
0.47686
0.30202
0.50512
0.12559
0.56789
0.18363
1.6288
0.27023
0.47861
0.067474
0.52128
0.43849
0.74633
0.7341
0.91176
0.31224
0.53454
0.090872
0.10535
0.51773
0.4937
0.67952
0.15898
0.077259
0.29641
0.13316
0.19962
1.1951
0.15237
0.10047
0.14939
1.188
0.12496
0.51938
0.90696
1.1917
0.12706
1.1341
0.55199
0.26836
0.31565
0.46262
0.96174
0.99258
0.16419
0.10746
0.39843
0.35428
0.26944
0.47528
0.65985
0.28942
0.13933
0.12201
0.11736
0.069085
0.079531
0.078324
1.2285
0.17374
0.75425
0.42806
0.23278
0.11438
0.38601
0.21923
0.14239
0.90907
0.26805
0.20502
0.66707
0.64612
0.30068
0.7348
0.74293
0.19075
0.10966
0.10773
1.0335
0.49621
0.083513
0.19877
0.37287
0.91741
0.14873
0.086692
0.32589
0.16621
0.23615
0.32224
0.27822
0.90621
0.20405
0.32791
0.32231
0.99052
0.17377
1.254
0.77878
0.16479
0.52217
0.19125
0.35734
0.52395
0.15269
0.25763
0.080674
0.053134
0.27057
0.22808
1.0334
1.1162
0.24249
0.94826
0.18587
0.59163
0.14906
1.1651
0.10771
0.068049
0.37298
0.2383
0.49196
0.16789
0.94423
0.10128
0.47745
0.159
0.20146
1.1829
0.091685
0.11802
0.6996
0.33658
0.20792
0.092022
0.13068
0.90708
0.39945
0.24209
0.32048
0.52795
1.096
0.62729
0.84589
0.10158
0.54255
0.16505
0.12932
0.90743
0.4259
0.14134
0.22195
0.68787
0.71293
0.13343
0.35929
0.099879
0.20318
0.088577
0.26886
0.25373
0.23642
0.084603
0.22247
0.11799
0.099134
0.20828
0.17251
0.20335
0.10179
0.14548
0.24987
0.23609
0.12059
0.072387
0.80113
0.48391
0.11679
0.10954
0.11204
0.086181
0.27951
0.5346
0.15938
0.13821
0.59613
0.41411
1.1388
0.52984
0.16395
0.44004
0.60937
1.1703
0.31672
0.92977
0.1088
0.096973
0.3871
0.43144
1.1023
0.6051
0.23473
1.1491
0.16209
0.53246
0.74534
1.5186
0.093401
1.1588
0.21926
0.28135
0.10682
1.1127
0.30614
0.1939
0.88097
0.17509
0.15717
0.27159
0.53001
0.16461
0.4606
0.94002
0.31111
0.47944
0.6137
0.57714
0.13221
1.1295
0.75371
0.13699
0.16981
0.24003
0.12916
1.125
0.88942
0.40439
0.11625
0.44423
0.13459
0.16104
0.83611
0.30986
0.21884
0.3114
0.085104
1.1104
0.13027
0.56154
0.32357
0.13117
0.35804
0.076947
0.090641
0.69072
0.40286
0.14156
0.79739
0.098291
0.23258
1.1609
0.21195
1.3049
0.20755
0.24485
0.1163
0.64714
0.26476
0.52478
0.73448
0.36243
0.10661
0.14042
0.11095
0.19761
0.10175
0.84639
0.16627
0.12302
0.6945
0.73633
1.1694
0.23911
1.0687
0.1651
0.25684
0.18174
0.13687
0.74094
0.093371
0.22471
0.093621
0.56204
0.1575
0.689
0.73786
0.54907
0.35212
0.52317
0.10842
0.18172
0.084644
0.33885
0.092176
0.74676
0.34577
0.6758
0.26491
1.2246
0.69744
0.14492
0.089505
0.32634
0.94748
0.58843
0.16515
0.156
0.078021
0.11658
0.3786
0.15997
0.33314
0.44685
0.36878
0.59003
0.17958
0.091984
1.1814
0.080526
0.11927
0.14293
0.24027
0.37016
0.31765
0.29424
0.46966
0.61818
0.32636
1.5385
0.26191
0.25061
0.11092
1.2565
0.71926
1.0471
0.11789
0.35087
0.2243
0.18905
0.12718
0.27112
0.18365
0.39343
0.22006
1.3662
0.39932
0.84757
1.1512
0.63778
0.16075
0.087864
0.5106
0.10018
0.12701
0.16171
0.32868
0.62707
0.90793
0.51146
0.45005
0.50798
0.13517
0.076352
0.60817
1.3408
0.10667
0.1509
0.20529
0.20159
0.43974
0.42247
0.65244
0.15232
0.16266
0.991
1.5813
0.68241
0.23558
0.21568
0.076651
0.84242
0.10514
0.23744
0.19099
0.71925
0.14136
0.20716
0.30028
0.12592
0.36754
0.11343
0.24961
0.090041
0.099406
0.1664
0.16699
0.17874
0.52368
0.19481
1.2041
0.25552
1.263
0.20205
0.14473
0.77426
0.19288
0.53775
1.419
0.12886
0.72018
0.19765
0.47282
0.11908
0.34709
0.31909
0.20525
0.089896
0.52461
0.15209
0.12997
0.10055
0.21847
0.11798
1.2904
0.28339
0.12893
0.28028
0.21255
0.075651
1.4821
1.1099
0.097068
0.40688
0.26418
0.07356
0.45224
0.58368
0.27919
0.44258
0.070839
0.11512
0.11944
0.46334
0.21513
1.0177
0.25804
0.12456
0.68661
0.066554
0.96071
0.15615
0.11396
0.93588
1.0616
0.18368
0.25844
0.41275
0.31375
0.14143
1.1457
0.091914
0.326
0.31234
0.35363
0.69316
0.20742
0.17926
0.97144
0.2771
1.1894
0.64481
0.48893
0.29472
0.83269
0.15379
0.12111
0.72606
0.20659
0.6636
0.2395
0.26629
0.39189
0.14342
0.25053
1.2026
0.57165
0.87892
0.31266
0.13914
0.84611
0.9618
0.098415
0.17057
0.36182
0.69908
0.2088
0.84412
0.25421
0.68264
0.093388
0.29776
0.14361
0.2432
1.1676
0.28009
0.19916
0.076183
1.0446
0.11005
1.6658
0.56486
0.10344
1.0247
0.092705
0.79559
0.1087
0.98173
0.2084
0.060418
0.10924
0.10191
0.49039
0.20736
0.10357
0.45451
0.28365
1.0758
0.21135
0.29969
0.1118
0.074191
0.14482
0.089323
0.52561
0.33528
0.20332
0.083019
0.10514
0.070897
0.14685
0.24513
0.32509
1.0784
0.21594
0.52916
0.23735
0.47574
0.24069
0.31413
0.28395
0.36373
0.66328
0.78264
0.09285
0.29006
0.56099
0.26541
0.22439
0.20715
0.29158
0.37859
0.29345
0.15819
0.42946
0.33093
0.32885
0.06868
1.2153
0.096345
0.22842
0.24758
0.33703
0.13423
0.42099
0.79287
0.24223
0.12155
0.53962
0.1443
0.27575
0.92183
0.11035
0.22779
1.0457
0.33713
0.33694
0.10672
0.28421
0.53252
0.19088
0.22139
0.30581
0.35736
0.1666
0.34628
0.26554
0.93939
0.13317
0.56514
0.45522
0.084091
0.46579
0.30189
0.47076
1.1553
0.188
1.1359
0.79059
0.066769
0.46651
0.079384
0.37287
0.13238
0.11001
0.081925
0.46458
1.5572
0.12243
0.10761
0.32521
0.096105
0.13998
1.1694
0.31357
1.0104
1.039
0.21906
0.46227
0.19999
0.12328
0.064776
0.60753
0.98644
0.14765
0.18618
1.0573
0.17117
0.45567
0.67783
0.46163
0.1178
1.0044
0.22564
0.12363
0.15729
1.1656
0.090708
0.076825
0.22326
0.46515
1.0104
0.2731
1.0519
0.19896
0.12051
0.076407
0.079364
0.37773
0.13926
0.10008
0.34966
0.41424
1.1427
0.20253
0.54794
0.49321
0.21406
0.2816
0.10995
0.98546
0.39608
0.64076
1.1268
0.073168
0.13774
0.20115
0.17599
0.29687
0.53539
0.23261
0.25226
0.16288
0.088082
0.27449
0.93031
0.2691
0.32302
0.64863
0.19542
0.32163
0.14732
0.18495
0.13157
0.12624
0.1418
0.16341
0.26652
1.4233
0.40922
0.1106
0.19207
0.42307
0.9842
0.12083
0.18374
0.16572
0.11461
0.15172
0.088203
0.60825
0.8196
0.13334
0.17668
0.19765
0.066264
0.53335
0.1561
0.71658
0.12289
0.12047
0.64177
0.34913
0.088967
1.0091
0.52296
0.49587
0.27222
0.38176
0.50092
0.15775
0.3123
0.41988
0.30959
0.32911
1.0443
0.90608
0.099225
1.4371
0.13585
0.23557
0.34686
1.0419
0.21336
0.2407
0.46581
0.21722
0.98369
0.27805
0.066465
0.14586
0.85817
0.27014
0.35404
0.8528
0.1933
0.27575
0.1519
0.36646
0.53699
0.064472
0.097177
0.13023
0.9113
0.26663
1.1933
0.20556
0.44902
0.13313
0.96218
0.14147
0.7668
0.19069
0.37561
0.14533
0.62826
0.29796
0.40461
0.15033
0.76645
0.37037
0.37309
0.095425
0.4542
0.26541
0.22571
0.24989
0.10942
0.21961
0.61423
0.22695
1.2025
0.36179
0.090528
1.18
0.65871
0.090297
0.79829
0.12547
0.53432
1.177
0.77849
0.54768
0.38182
0.66629
0.096905
0.10405
0.64387
0.75971
0.74259
0.20117
0.13763
0.33177
0.13764
0.50106
1.1165
0.12846
0.35472
0.082746
1.3146
0.97789
0.20093
0.2701
0.71387
0.082052
0.94455
0.83772
1.1284
0.42493
0.24614
0.17051
0.31373
1.1225
0.10204
0.088525
0.20477
0.3727
0.08482
0.11698
0.1829
0.6985
0.10862
0.28477
0.66487
0.089259
0.17095
0.68777
1.4918
0.36085
0.79443
0.17556
0.46843
0.28399
0.33972
0.098824
1.233
1.1272
0.26648
0.89277
0.19006
0.13778
0.93093
0.081522
0.31282
0.61295
0.2634
0.44731
0.37874
0.41282
0.2296
0.18929
1.1074
0.21299
1.0779
0.082396
0.58505
0.16654
0.60491
0.106
0.57429
0.77692
0.091193
1.3023
1.2184
0.10245
0.36231
1.0625
0.8762
0.92132
0.27726
0.2326
0.23761
0.16493
0.29
0.10429
0.12077
1.0365
0.086596
0.37098
0.34615
0.38459
0.32609
0.098969
0.12866
0.10951
0.22838
0.38258
0.15538
0.15637
0.97486
0.080965
0.4683
0.085455
0.095741
0.12431
1.1356
0.29755
0.5287
0.33827
1.1974
1.5465
0.11382
0.35803
0.31761
1.2094
0.10036
0.29279
0.64027
0.12558
0.33478
1.1819
0.43791
0.33677
0.21988
0.13191
1.1605
0.16908
0.096701
0.11211
0.98611
0.28663
0.35647
0.66579
0.67549
0.84602
0.1262
0.39609
0.45635
1.0453
1.3328
0.21748
0.23869
0.086383
0.30008
0.13698
1.3058
0.46444
0.18814
0.12944
0.14013
0.38711
0.39217
0.14631
0.53266
0.12336
0.22355
0.19167
0.69853
0.10988
0.44519
0.08884
0.6049
0.55683
0.32026
0.27595
1.0555
0.96811
0.098715
0.13952
0.5109
0.48302
0.19847
0.19896
0.57919
0.51461
1.1588
0.43937
0.099101
0.18214
0.36392
0.99264
0.064438
0.095058
0.6905
1.0204
0.096154
0.55943
0.64444
0.41029
0.45886
0.67471
0.060085
0.070568
0.54623
0.28376
0.090817
0.71369
0.30041
0.17548
0.30603
0.16061
0.8008
0.34047
0.49564
0.71997
1.1553
0.3093
0.1249
0.30066
0.19358
0.50095
0.27081
0.71614
0.14279
0.80119
0.12368
0.28378
0.41751
0.18243
0.12672
0.5109
0.11553
0.17941
1.2348
0.22271
0.10164
0.67599
1.074
0.15794
0.21221
0.10611
0.23046
0.77108
0.61408
0.31198
0.11894
0.082368
0.47227
0.16922
1.1627
0.45048
0.075241
0.16237
0.81187
0.66103
0.57838
0.53079
0.13717
0.40484
1.0411
0.21125
0.20494
0.59762
0.17034
0.08574
0.15707
0.1564
0.30676
0.47699
0.14555
0.11939
0.10525
0.15729
0.42851
0.82859
0.089898
0.10772
1.4617
0.22965
0.29803
0.52383
0.85445
0.086003
0.16229
1.2632
0.27188
0.12599
0.12304
0.59076
0.14065
0.35372
0.089066
1.1125
0.084195
0.14036
0.18939
0.43068
0.13194
0.51925
0.093411
0.14895
0.089554
0.92759
0.14367
0.12149
0.10322
0.13623
0.5615
0.10784
1.0215
0.39554
0.84122
0.088321
0.30535
0.45471
0.38937
0.59488
0.92319
0.24461
0.72069
0.38524
0.35023
0.11746
0.15967
0.14462
0.89948
0.13861
0.76949
0.061155
0.48299
0.38002
0.40727
0.30076
0.29518
0.54629
0.11016
0.38161
1.2336
0.14625
0.12602
0.36232
0.23483
0.1597
0.14103
0.55434
0.17889
0.20375
1.513
0.095408
0.15939
0.1775
1.2456
0.23908
1.1265
0.21301
0.37426
0.60874
0.11031
0.074311
0.083504
0.13064
1.026
0.55447
0.081598
1.2673
0.07221
0.71299
0.074116
0.084466
0.49035
0.24629
0.11793
1.1557
0.10835
0.25683
0.11191
0.33304
0.35449
0.18624
0.51845
0.074017
0.076277
0.12853
0.49407
0.18339
0.90386
0.36148
0.16122
0.20108
1.2538
0.078715
0.082855
0.19658
1.0416
0.67353
0.11364
0.33966
0.087895
0.14268
0.98516
0.13835
0.19723
0.19743
1.0144
0.7726
0.47841
0.23882
0.89146
0.087621
0.19104
0.11585
1.0872
0.12367
0.087416
0.25881
0.37658
1.0162
0.13026
1.1248
0.074485
0.55066
0.28483
0.21324
0.12492
0.28539
0.075249
1.3437
0.2767
0.25827
0.6765
0.14687
0.27625
1.3209
0.12178
0.40317
0.1069
0.37171
0.33708
0.17424
0.088651
1.0274
0.52518
0.20971
0.15184
1.2521
0.11893
0.39006
0.13425
0.11975
0.36297
0.3264
1.0849
0.4234
0.24631
0.2979
0.47505
0.13033
0.072123
0.086335
0.10465
0.086424
0.27487
0.10661
1.0723
0.30825
0.094647
0.372
0.087487
0.28129
0.54446
0.11439
0.17957
0.068268
0.24196
0.88944
0.41985
0.3348
1.2396
0.2057
1.055
0.51209
0.24739
0.47907
0.090456
0.12378
0.16189
0.11128
0.77314
0.062543
0.13371
0.49899
0.11449
0.17136
0.14603
0.88597
0.63608
0.51389
0.17276
0.40833
1.0747
0.10832
0.5849
1.2015
0.33292
0.77823
0.20085
0.72974
1.2124
0.14285
0.1241
1.1308
0.1666
0.15938
0.40054
0.43471
0.24577
0.2909
0.10401
0.383
0.12744
0.85367
0.38156
0.18227
0.21723
0.11289
0.77148
1.2541
0.98969
0.71193
0.22397
0.63152
0.85474
0.12031
0.72387
0.087632
0.44034
0.17906
0.10154
0.96629
0.14014
0.13884
0.31858
1.0085
1.1124
0.17335
0.17277
0.12561
0.30416
0.082602
0.77496
1.0228
0.11732
0.8301
0.75255
0.13061
0.10584
1.1701
0.52255
1.6494
0.4484
0.34772
0.40285
0.74291
1.0122
0.073184
1.3553
0.75218
0.54324
0.36281
0.09741
0.89438
1.1377
1.1409
0.13941
0.79411
1.3368
0.50934
1.0648
0.33771
0.86115
0.10881
1.1543
0.54694
0.22393
0.99305
0.34424
0.77594
0.30098
0.11374
1.1384
0.61506
1.294
0.99782
0.58432
0.10243
0.10684
0.18308
1.5356
0.24613
0.60429
0.5326
0.43815
0.20649
0.87582
0.47464
1.1792
0.32347
0.10961
0.4524
0.75351
0.095803
0.788
1.163
0.22071
0.34743
0.077594
0.2754
1.2228
0.09852
0.86496
0.47207
0.24611
0.1442
0.40619
1.0158
0.23443
0.95711
0.23549
0.066148
0.69806
0.13749
0.63608
0.10069
0.27792
0.26692
0.1141
0.12059
0.10601
0.15743
0.23125
1.1914
0.14902
1.2668
0.51017
0.12718
0.76021
0.14127
1.0698
0.83833
1.1202
0.41882
0.081783
0.19725
0.76351
0.46685
0.94068
0.97214
0.45698
0.20326
0.1095
1.271
0.22478
0.41969
1.1047
1.3205
0.11968
0.1623
0.18191
0.149
1.0218
0.45111
0.17826
1.0578
0.41156
0.10671
0.6194
0.57003
1.0084
0.35773
0.3595
1.1823
0.24794
0.097941
0.60374
0.74742
0.098353
0.17936
0.50646
0.29438
0.33925
0.085038
0.09935
0.11394
0.67547
1.1826
0.4005
0.12748
0.20612
1.0102
0.48218
0.17642
0.12727
1.249
0.16855
0.70129
0.13761
0.32022
0.33457
1.1306
1.2693
0.18861
0.12819
0.99943
0.48931
0.31457
0.080373
0.56662
0.37582
0.43704
0.50929
0.13049
0.095231
0.088729
0.74563
0.16839
0.91081
1.187
1.0026
0.2199
0.21756
0.47401
0.0725
0.74583
0.1576
0.19375
0.080224
0.14382
0.4169
0.19584
0.35369
0.0916
0.13465
0.79957
0.4298
1.1706
1.1027
0.45539
0.12969
0.20252
0.26582
0.32144
0.17738
0.30773
0.28031
0.092846
0.077763
1.15
0.094117
0.64855
0.22492
0.37056
1.1037
0.12504
0.073605
0.19057
0.13575
0.089472
0.10292
1.209
0.069638
0.2059
0.90063
0.17435
0.81406
0.15407
0.18741
0.12586
0.32853
1.3066
0.07441
0.15478
1.1498
1.1999
0.1979
0.52468
0.43404
1.1126
0.23825
0.16401
0.075096
0.17769
0.22247
0.41294
0.065647
0.15849
0.27728
0.7981
1.1605
0.13837
0.25098
0.3928
0.39293
0.78302
0.1546
0.12113
0.14427
0.24967
0.39013
0.11817
0.21112
0.27235
0.95721
0.25345
1.2132
1.3328
0.17217
0.9281
0.88567
0.65153
0.17477
0.39241
0.51227
0.17087
0.69624
0.54864
0.81773
1.0723
0.16821
0.092848
0.25665
0.29941
0.33338
0.69163
0.1488
0.11881
0.2153
1.3996
0.080914
0.10071
0.76724
0.19965
0.41719
0.18069
0.7326
0.2521
0.14582
0.23793
0.65278
0.062751
0.28038
0.1512
0.28142
0.80147
0.13695
0.15623
0.76686
1.2469
0.08248
0.9826
0.20835
0.075706
0.2611
0.12403
0.87627
0.14427
0.13615
0.3453
1.0161
0.25208
0.07101
1.2056
0.157
0.12484
0.42579
0.44305
1.0236
0.1299
1.177
0.17393
0.096056
0.36903
0.67999
0.097464
0.15461
0.51353
0.37313
1.2065
0.15338
1.0323
1.3213
1.192
1.1921
0.37668
0.67668
0.24498
0.21346
0.13714
0.089441
0.11872
0.16544
0.37052
0.18209
0.11691
0.18828
0.14047
1.1913
0.40473
0.24166
0.33676
0.30111
0.10048
0.60571
0.7557
0.15664
0.27017
0.49921
0.13221
0.91383
0.36713
0.70669
0.214
0.22965
0.41903
0.13412
1.0452
0.28395
0.96519
0.2299
0.10037
0.062158
0.10318
0.39132
0.10082
1.0552
0.3229
0.085001
0.10284
0.46128
0.12339
0.12823
0.090699
0.085998
0.34236
0.68593
0.42733
0.54565
1.109
0.076526
0.96122
0.4672
0.096927
0.12644
0.82133
0.34996
1.228
0.35345
0.060054
0.13595
0.14789
0.20721
0.19769
0.27567
0.39042
0.70193
1.1478
0.22119
0.093382
0.22756
0.24839
0.77989
0.14057
1.6059
0.54269
0.69026
0.17434
1.3434
0.80549
0.12135
1.2152
0.13324
1.0261
0.32558
0.12366
0.26484
0.12982
1.1157
1.0651
0.68751
0.87503
0.12467
0.28733
0.18494
0.086298
0.63762
0.55812
0.75474
0.16499
1.2053
0.11922
0.33328
0.41043
0.13611
0.75388
0.093747
0.095535
0.13118
0.46419
0.43861
1.601
0.19223
0.30986
0.11993
0.31273
0.7333
0.82239
0.4594
0.15561
0.18903
0.33149
0.20947
0.17729
0.31148
0.68092
1.3062
0.19423
1.3602
0.20148
0.82883
0.25163
0.16087
0.18063
0.1383
0.14668
1.1165
0.63052
0.14308
0.2178
0.098736
0.13763
0.34915
1.239
0.066065
0.07554
0.079252
0.17586
0.16467
0.55628
0.26989
0.56438
0.14737
0.084422
1.243
0.33921
0.22961
0.19876
1.0354
0.26649
0.16882
0.65421
0.69221
0.33518
0.076256
0.12258
0.11734
0.23173
0.10302
0.14469
0.22841
0.077343
0.13629
0.22833
0.1326
0.10621
0.083728
0.10864
0.10547
0.21601
0.47341
0.2794
0.11
0.10642
0.23546
0.65232
0.16904
0.08214
0.64623
0.44801
0.085148
0.49599
0.9395
0.70663
0.30309
0.069633
1.1397
0.57404
0.083179
0.26847
0.092324
0.79612
1.1205
0.079847
0.12665
0.09947
0.18736
0.40537
0.2963
0.36297
0.54298
0.85369
0.48836
1.0069
0.10673
0.19371
0.22452
0.70906
0.40408
0.41497
0.92197
1.1304
0.51566
0.085262
0.26683
1.5612
0.24431
0.1056
0.44318
0.17926
0.074713
1.1039
0.26308
0.12232
0.65244
1.1167
0.29674
0.097375
0.11754
0.25596
0.64628
0.099361
0.59021
0.26026
0.78044
0.13702
0.68331
0.18885
0.16231
0.13754
0.21698
0.082299
0.11957
0.10132
0.16141
1.3633
0.71858
0.085275
0.31995
0.14627
0.2379
0.23301
0.31566
0.56448
0.18738
1.2237
0.97057
1.1207
0.27105
0.099668
0.5717
0.33599
1.0823
0.20499
0.074469
1.2161
0.30257
0.16727
0.29857
1.0263
0.61746
0.15375
0.12866
0.43896
1.0913
0.25183
0.2648
0.31009
0.49794
0.17465
1.0281
0.097406
0.59709
0.13588
0.23745
0.14725
0.22667
0.2572
0.57414
0.28503
0.25122
1.0242
0.80133
0.28568
1.2051
0.75626
0.26317
0.40549
0.48165
0.31551
0.14732
0.1502
0.062276
1.0263
0.21999
1.3091
0.11732
0.30582
0.20283
0.22329
1.1075
1.2011
0.71961
0.12787
0.11545
1.0297
0.22406
0.76721
0.20067
1.2989
0.3429
0.24518
0.11467
0.14587
0.52282
0.27436
1.1272
0.10353
0.73731
0.10562
0.79828
0.19483
0.11023
0.33337
0.24309
0.078941
0.072991
0.87258
0.10588
0.083315
0.25991
0.08199
0.11867
0.22124
0.16338
0.29103
0.42067
0.12226
0.19935
0.11449
1.0934
0.22805
1.0244
0.66915
0.10303
0.81666
0.22992
0.97594
0.73271
0.15644
0.66432
0.091807
0.1985
0.077365
0.099346
0.12547
1.1654
0.18556
0.18984
1.0702
0.28518
0.08776
0.80876
0.29935
0.12195
0.11251
0.54894
0.071603
0.90932
0.21629
0.54553
0.85584
0.35046
0.98435
0.54799
0.20547
0.40462
1.0494
0.97266
0.34363
0.22078
0.079387
1.107
0.98301
0.25827
0.1045
0.10582
1.0936
0.12712
0.31763
0.50741
0.20294
0.17295
0.29493
1.0166
0.67202
0.40993
0.40135
0.22353
0.14005
0.67159
0.13964
0.28782
1.105
0.19963
0.30753
0.10205
0.60615
0.69062
0.35156
0.11143
0.14498
0.13452
1.2238
0.14128
0.65156
0.10855
0.56806
0.22529
0.60735
0.13641
0.34971
0.3291
0.097352
0.57253
1.1386
0.34035
0.31133
0.21196
0.47016
0.16613
0.15827
0.060747
0.09277
0.36083
1.1456
0.61088
0.14385
0.065796
0.13532
0.081715
0.83646
0.46479
0.20656
0.094971
0.12245
0.13825
0.23018
1.3075
0.16663
0.58967
0.17955
0.1101
0.21958
0.1821
0.087711
0.09242
0.20776
0.22117
0.45861
0.77298
0.068602
0.36994
0.98777
0.23864
0.13437
0.2814
1.4396
0.27847
0.093995
0.14007
1.0974
0.1448
0.1183
0.082907
1.1465
0.69838
0.26642
0.63056
0.6343
0.13449
0.10233
0.44535
0.1756
0.16448
1.5502
0.75635
0.81339
0.82976
0.083563
0.24678
0.57129
1.0834
1.0445
0.10822
0.71803
0.24304
0.45786
0.10016
0.15352
1.0095
0.095708
0.14759
1.0948
0.10913
1.5369
0.5015
0.64859
0.9584
0.14402
0.23423
1.0044
0.50323
0.49475
0.12531
0.2266
0.4307
0.48333
0.16143
0.92057
0.15643
0.077619
0.18086
1.0763
0.13081
0.058509
0.14446
0.11394
0.14322
0.10425
0.22886
0.32042
0.85048
1.3629
0.33453
0.17371
1.1946
1.2119
0.22595
0.070197
0.57088
0.24871
0.21379
0.19217
0.60778
0.56628
0.4489
0.61815
1.0395
0.36685
0.59667
0.67046
0.96271
0.20662
0.15093
0.081902
0.10089
0.52948
1.1587
1.3071
0.24172
0.21119
0.79347
1.0956
0.2389
0.12205
0.21271
1.3421
1.1547
0.065864
0.45285
0.17311
0.17808
1.144
0.13439
0.17766
1.1457
0.07429
0.57094
0.16434
1.0981
0.13791
0.33526
1.2889
0.48424
0.38423
0.14375
0.126
0.15308
1.0446
0.1699
0.062594
0.096214
0.26782
0.19674
0.064101
0.10478
0.16576
0.76976
0.58125
0.28009
0.36012
0.1709
0.061982
1.0021
0.75196
0.089505
0.35061
1.1968
0.30068
0.33066
0.30864
0.16705
0.40471
0.14799
0.94504
0.11055
0.095541
0.094495
0.29275
1.0337
0.12364
0.45003
0.12344
0.34041
0.73164
0.19239
0.18016
0.21736
0.16105
0.7488
0.12834
1.0701
0.19926
0.26197
0.40296
0.64304
0.17563
0.64284
0.10881
0.20948
0.33826
0.63451
0.16858
0.07123
0.52265
0.17604
0.19012
0.097084
0.63674
0.53511
0.19185
0.20264
0.07218
0.19879
0.30915
1.1078
0.3731
0.46766
1.3135
0.13542
0.076737
0.28498
0.16596
0.10926
0.058821
0.61402
0.10576
0.14839
1.1546
0.11567
0.21174
0.10535
0.17288
